trial vx vy vz LongOcclusion g timeStill rTime TemporalError environment id pupiltime IOD OccludedTimeOfTrajectory FlightDuration Drag DragFirst block accuracy LongOcclusion
0 3 4.5 0 0 11.2815 0.5 1.85615491867 0.572028231709 1 Aniol  2.3436433110000507 0.064 0.200736686473 0.784126686962 1 1 2 0.31 0
1 3 6 0 1 8.3385 0.5 2.04216098785 0.146645589858 1 Aniol  5.3019056200000705 0.064 0.664910681275 1.395515398 1 1 2 0.31 1
2 3 4.5 0 1 6.867 0.5 1.73320794106 -0.0411229337639 1 Aniol  8.44496361399979 0.064 0.585093514738 1.27433087482 1 1 2 0.31 1
3 4 6 0 0 11.2815 0.5 1.60291385651 0.0632919668881 1 Aniol  11.299896197999715 0.064 0.274630486319 1.03962188962 1 1 2 0.31 0
4 4 4.5 0 0 9.81 0.5 1.49776101112 0.0983070485819 1 Aniol  14.008979365999949 0.064 0.238366239061 0.899453962542 1 1 2 0.31 0
5 3 6 0 0 9.81 0.5 1.73464417458 0.0430882358338 1 Aniol  16.610492542999964 0.064 0.323612625623 1.19155593874 1 1 2 0.31 0
6 4 6 0 1 12.753 0.5 1.56830096245 0.146244274625 1 Aniol  19.46518966399981 0.064 0.457056281717 0.922056687823 1 1 2 0.31 1
7 3 6 0 0 12.753 0.5 1.59408211708 0.172025429258 1 Aniol  22.133595305999734 0.064 0.251588526551 0.922056687823 1 1 2 0.31 0
8 4 4.5 0 1 12.753 0.5 1.2686290741 0.0736143369693 1 Aniol  24.833283625999684 0.064 0.33404518119 0.695014737127 1 1 2 0.31 1
9 4 4.5 0 0 11.2815 0.5 1.30571103096 0.0215843439984 1 Aniol  27.204628642999978 0.064 0.228566434426 0.784126686962 1 1 2 0.31 0
10 3 4.5 0 0 6.867 0.5 1.82126903534 0.0469381605202 1 Aniol  29.620923071000107 0.064 0.366717772981 1.27433087482 1 1 2 0.31 0
11 4 6 0 1 6.867 0.5 2.28633499146 0.10257800388 1 Aniol  32.566995334999774 0.064 0.783488002722 1.68375698758 1 1 2 0.31 1
12 3 6 0 1 11.2815 0.5 1.6917181015 0.152096211883 1 Aniol  35.9677526989999 0.064 0.491889773547 1.03962188962 1 1 2 0.31 1
13 3 6 0 1 12.753 0.5 1.59118294716 0.169126259336 1 Aniol  38.77359946699971 0.064 0.445391438218 0.922056687823 1 1 2 0.31 1
14 3 6 0 0 6.867 0.5 2.37993597984 0.196178992268 1 Aniol  41.46990039000002 0.064 0.431663032812 1.68375698758 1 1 2 0.31 0
15 3 4.5 0 0 8.3385 0.5 1.6670601368 0.11249790774 1 Aniol  44.94434967999996 0.064 0.309317863578 1.05456222905 1 1 2 0.31 0
16 4 6 0 1 11.2815 0.5 1.65299510956 0.11337321994 1 Aniol  47.70713150799975 0.064 0.481279533749 1.03962188962 1 1 2 0.31 1
17 4 6 0 0 9.81 0.5 1.79298782349 0.101431884744 1 Aniol  50.497491356999944 0.064 0.309171058404 1.19155593874 1 1 2 0.31 0
18 3 4.5 0 0 12.753 0.5 1.31212687492 0.117112137796 1 Aniol  53.41178255299974 0.064 0.177803624073 0.695014737127 1 1 2 0.31 0
19 3 6 0 1 9.81 0.5 1.82587409019 0.134318151453 1 Aniol  55.8476273389997 0.064 0.553681078545 1.19155593874 1 1 2 0.31 1
20 4 4.5 0 0 12.753 0.5 1.31501984596 0.120005108835 1 Aniol  58.80100995199973 0.064 0.176672158057 0.695014737127 1 1 2 0.31 0
21 3 4.5 0 1 9.81 0.5 1.46322584152 0.0637718789804 1 Aniol  61.237019807999786 0.064 0.420841145699 0.899453962542 1 1 2 0.31 1
22 4 6 0 1 9.81 0.5 1.84718108177 0.15562514303 1 Aniol  63.8042175569999 0.064 0.595676315214 1.19155593874 1 1 2 0.31 1
23 4 6 0 0 6.867 0.5 2.2839038372 0.100146849628 1 Aniol  66.766272759 0.064 0.477820514162 1.68375698758 1 1 2 0.31 0
24 3 6 0 1 6.867 0.5 2.37276601791 0.189009030338 1 Aniol  70.1462991389999 0.064 0.780423582874 1.68375698758 1 1 2 0.31 1
25 3 4.5 0 1 11.2815 0.5 1.39935398102 0.115227294056 1 Aniol  73.64146141399988 0.064 0.367421779692 0.784126686962 1 1 2 0.31 1
26 3 6 0 0 11.2815 0.5 1.73685717583 0.197235286209 1 Aniol  76.17032908300007 0.064 0.271018175795 1.03962188962 1 1 2 0.31 0
27 4 6 0 0 12.753 0.5 1.62217903137 0.200122343549 1 Aniol  79.03927386299983 0.064 0.269873570668 0.922056687823 1 1 2 0.31 0
28 4 4.5 0 0 6.867 0.5 1.95133900642 0.177008131605 1 Aniol  81.76405321199991 0.064 0.358002865207 1.27433087482 1 1 2 0.31 0
29 4 6 0 1 8.3385 0.5 1.99900507927 0.103489681273 1 Aniol  84.81256009399976 0.064 0.689510965232 1.395515398 1 1 2 0.31 1
30 4 4.5 0 1 11.2815 0.5 1.40988898277 0.125762295811 1 Aniol  87.94805633899978 0.064 0.375925563424 0.784126686962 1 1 2 0.31 1
31 3 4.5 0 1 12.753 0.5 1.35122013092 0.156205393793 1 Aniol  90.46638211899972 0.064 0.321791535417 0.695014737127 1 1 2 0.31 1
32 3 6 0 0 8.3385 0.5 2.07532095909 0.179805561095 1 Aniol  92.94138358400005 0.064 0.404564407602 1.395515398 1 1 2 0.31 0
33 4 4.5 0 1 9.81 0.5 1.46705579758 0.0676018350351 1 Aniol  96.1411552919999 0.064 0.434236551201 0.899453962542 1 1 2 0.31 1
34 3 4.5 0 1 8.3385 0.5 1.659678936 0.10511670695 1 Aniol  98.72271633699984 0.064 0.493371921 1.05456222905 1 1 2 0.31 1
35 4 4.5 0 1 6.867 0.5 1.78398084641 0.00964997158586 1 Aniol  101.50255331700009 0.064 0.636228889981 1.27433087482 1 1 2 0.31 1
36 4 6 0 0 8.3385 0.5 2.10620903969 0.210693641692 1 Aniol  104.394010858 0.064 0.351559625126 1.395515398 1 1 2 0.31 0
37 3 4.5 0 0 9.81 0.5 1.46412706375 0.0646731012094 1 Aniol  107.62778238700002 0.064 0.235329248314 0.899453962542 1 1 2 0.31 0
38 4 4.5 0 1 8.3385 0.5 1.752794981 0.198232751948 1 Aniol  110.16764001299998 0.064 0.512636278812 1.05456222905 1 1 2 0.31 1
39 4 4.5 0 0 8.3385 0.5 1.65913200378 0.104569774729 1 Aniol  113.05124896300003 0.064 0.27796757824 1.05456222905 1 1 2 0.31 0
40 4 4.5 0 1 11.2815 0.5 1.39715600014 0.113029313176 1 Aniol  115.80604356499998 0.064 0.362636161463 0.784126686962 1 1 2 0.31 1
41 3 6 0 0 11.2815 0.5 1.88474702835 0.345125138733 1 Aniol  118.31925712099974 0.064 0.275310418372 1.03962188962 1 1 2 0.31 0
42 3 6 0 0 9.81 0.5 1.81322097778 0.121665039041 1 Aniol  121.30184246299996 0.064 0.34085313259 1.19155593874 1 1 2 0.31 0
43 4 6 0 1 8.3385 0.5 2.08366990089 0.188154502898 1 Aniol  124.22592500499968 0.064 0.692034286083 1.395515398 1 1 2 0.31 1
44 4 6 0 0 11.2815 0.5 1.75117611885 0.211554229232 1 Aniol  127.43077896399973 0.064 0.275654324512 1.03962188962 1 1 2 0.31 0
45 4 4.5 0 0 11.2815 0.5 1.3432161808 0.0590894938397 1 Aniol  130.30061286199998 0.064 0.226655846496 0.784126686962 1 1 2 0.31 0
46 4 4.5 0 0 6.867 0.5 1.84394288063 0.0696120058113 1 Aniol  132.76635664700007 0.064 0.370115364748 1.27433087482 1 1 2 0.31 0
47 4 6 0 0 12.753 0.5 1.59047079086 0.16841410304 1 Aniol  135.73134191000008 0.064 0.235998121056 0.922056687823 1 1 2 0.31 0
48 4 4.5 0 1 6.867 0.5 1.86618185043 0.0918509756142 1 Aniol  138.44812710799988 0.064 0.597376508709 1.27433087482 1 1 2 0.31 1
49 4 4.5 0 1 9.81 0.5 1.49605298042 0.0965990178812 1 Aniol  141.41697045799992 0.064 0.418005138179 0.899453962542 1 1 2 0.31 1
50 3 4.5 0 1 9.81 0.5 1.50081014633 0.10135618379 1 Aniol  144.01300095599981 0.064 0.429329859626 0.899453962542 1 1 2 0.31 1
51 4 4.5 0 0 12.753 0.5 1.26786589622 0.0728511590976 1 Aniol  146.61198766500002 0.064 0.186532304355 0.695014737127 1 1 2 0.31 0
52 4 6 0 1 11.2815 0.5 1.73058986664 0.19096797702 1 Aniol  148.985127337 0.064 0.477472103717 1.03962188962 1 1 2 0.31 1
53 4 6 0 1 9.81 0.5 1.84369397163 0.152138032892 1 Aniol  151.83736799200005 0.064 0.568373339591 1.19155593874 1 1 2 0.31 1
54 4 6 0 0 6.867 0.5 2.3331990242 0.149442036625 1 Aniol  154.78163783399987 0.064 0.429637166262 1.68375698758 1 1 2 0.31 0
55 3 4.5 0 0 9.81 0.5 1.52692508698 0.127471124433 1 Aniol  158.24147093800002 0.064 0.228260190692 0.899453962542 1 1 2 0.31 0
56 3 6 0 1 12.753 0.5 1.43078494072 0.0087282528968 1 Aniol  160.86210439299975 0.064 0.443345500126 0.922056687823 1 1 2 0.31 1
57 3 4.5 0 0 12.753 0.5 1.30756688118 0.112552144052 1 Aniol  163.42395692599985 0.064 0.199825201582 0.695014737127 1 1 2 0.31 0
58 4 4.5 0 1 8.3385 0.5 1.58883309364 0.0342708645884 1 Aniol  165.8274298639999 0.064 0.495216493505 1.05456222905 1 1 2 0.31 1
59 3 4.5 0 1 8.3385 0.5 1.55936002731 0.00479779825847 1 Aniol  168.54164567599992 0.064 0.522334272596 1.05456222905 1 1 2 0.31 1
60 4 6 0 1 6.867 0.5 2.23861813545 0.0548611478767 1 Aniol  171.20359019299985 0.064 0.797892863559 1.68375698758 1 1 2 0.31 1
61 3 4.5 0 0 11.2815 0.5 1.44378805161 0.159661364644 1 Aniol  174.5376649589998 0.064 0.206115934021 0.784126686962 1 1 2 0.31 0
62 3 6 0 0 12.753 0.5 1.58866620064 0.166609512815 1 Aniol  177.0765268770001 0.064 0.250169078065 0.922056687823 1 1 2 0.31 0
63 4 6 0 1 12.753 0.5 1.47889304161 0.0568363537879 1 Aniol  179.77028647199995 0.064 0.425978123065 0.922056687823 1 1 2 0.31 1
64 3 6 0 1 8.3385 0.5 1.91623687744 0.0207214794453 1 Aniol  182.36812857799987 0.064 0.63828339323 1.395515398 1 1 2 0.31 1
65 3 4.5 0 1 12.753 0.5 1.30527806282 0.110263325693 1 Aniol  185.40921767400005 0.064 0.34691066881 0.695014737127 1 1 2 0.31 1
66 3 6 0 0 6.867 0.5 2.42978978157 0.246032793995 1 Aniol  187.8151130450001 0.064 0.441924281197 1.68375698758 1 1 2 0.31 0
67 3 4.5 0 1 6.867 0.5 1.88002181053 0.105690935712 1 Aniol  191.35080789599988 0.064 0.629472863176 1.27433087482 1 1 2 0.31 1
68 3 6 0 1 9.81 0.5 1.81321907043 0.121663131693 1 Aniol  194.36223614699975 0.064 0.552977470599 1.19155593874 1 1 2 0.31 1
69 4 4.5 0 0 8.3385 0.5 1.56570911407 0.0111468850199 1 Aniol  197.3024829369997 0.064 0.314188274072 1.05456222905 1 1 2 0.31 0
70 3 4.5 0 0 6.867 0.5 1.84758281708 0.0732519422585 1 Aniol  199.9888828160001 0.064 0.345987929274 1.27433087482 1 1 2 0.31 0
71 3 6 0 1 11.2815 0.5 1.56636095047 0.0267390608517 1 Aniol  202.940720221 0.064 0.518315681634 1.03962188962 1 1 2 0.31 1
72 3 6 0 1 6.867 0.5 2.16345500946 -0.0203019781151 1 Aniol  205.63438008499998 0.064 0.763427967002 1.68375698758 1 1 2 0.31 1
73 4 6 0 0 8.3385 0.5 1.98034715652 0.0848317585286 1 Aniol  208.92223926099996 0.064 0.40414356216 1.395515398 1 1 2 0.31 0
74 4 4.5 0 1 12.753 0.5 1.24678492546 0.0517701883334 1 Aniol  212.00336034099973 0.064 0.317640992986 0.695014737127 1 1 2 0.31 1
75 4 4.5 0 0 9.81 0.5 1.44067788124 0.041223918699 1 Aniol  214.345614587 0.064 0.265822870195 0.899453962542 1 1 2 0.31 0
76 4 6 0 0 9.81 0.5 1.7117497921 0.020193853357 1 Aniol  216.913636194 0.064 0.352309307701 1.19155593874 1 1 2 0.31 0
77 3 4.5 0 1 11.2815 0.5 1.32117319107 0.0370465041088 1 Aniol  219.7556108849999 0.064 0.375367762403 0.784126686962 1 1 2 0.31 1
78 3 6 0 0 8.3385 0.5 1.97580003738 0.080284639388 1 Aniol  222.2140730279998 0.064 0.395309002907 1.395515398 1 1 2 0.31 0
79 3 4.5 0 0 8.3385 0.5 1.63387489319 0.0793126641337 1 Aniol  225.30376633700007 0.064 0.291812318096 1.05456222905 1 1 2 0.31 0
80 4 4.5 0 1 11.2815 0.5 1.33463597298 0.050509286015 1 Aniol  228.05578372299988 0.064 0.390933293859 0.784126686962 1 1 2 0.31 1
81 4 4.5 0 0 9.81 0.5 1.4968650341 0.0974110715616 1 Aniol  230.51308367799993 0.064 0.258636745311 0.899453962542 1 1 2 0.31 0
82 3 6 0 1 12.753 0.5 1.65884518623 0.236788498411 1 Aniol  233.13724926899977 0.064 0.415900638991 0.922056687823 1 1 2 0.31 1
83 3 6 0 1 9.81 0.5 1.8761639595 0.184608020761 1 Aniol  235.90047240100012 0.064 0.549202177439 1.19155593874 1 1 2 0.31 1
84 4 6 0 1 11.2815 0.5 1.64945483208 0.109832942459 1 Aniol  238.901801343 0.064 0.515192012222 1.03962188962 1 1 2 0.31 1
85 4 6 0 1 9.81 0.5 1.78680992126 0.0952539825227 1 Aniol  241.6547197179998 0.064 0.536513413408 1.19155593874 1 1 2 0.31 1
86 4 6 0 1 8.3385 0.5 1.85434699059 -0.0411684074107 1 Aniol  244.56699367200008 0.064 0.636175789658 1.395515398 1 1 2 0.31 1
87 4 4.5 0 1 6.867 0.5 1.62261295319 -0.151717921633 1 Aniol  247.52146282900003 0.064 0.636072951208 1.27433087482 1 1 2 0.31 1
88 3 6 0 0 8.3385 0.5 1.95922708511 0.0637116871175 1 Aniol  250.28206005399988 0.064 0.390728396178 1.395515398 1 1 2 0.31 0
89 4 6 0 1 12.753 0.5 1.47328090668 0.0512242188544 1 Aniol  253.3616187929997 0.064 0.423826205172 0.922056687823 1 1 2 0.31 1
90 3 4.5 0 1 9.81 0.5 1.46878099442 0.0693270318735 1 Aniol  255.96243153199975 0.064 0.445701597114 0.899453962542 1 1 2 0.31 1
91 3 4.5 0 0 8.3385 0.5 1.59310913086 0.0385469018046 1 Aniol  258.5455893640001 0.064 0.272753625797 1.05456222905 1 1 2 0.31 0
92 3 6 0 0 11.2815 0.5 1.68690800667 0.14728611705 1 Aniol  261.264174206 0.064 0.289613764101 1.03962188962 1 1 2 0.31 0
93 4 4.5 0 1 12.753 0.5 1.32951903343 0.134504296305 1 Aniol  264.05739752399995 0.064 0.318756969811 0.695014737127 1 1 2 0.31 1
94 4 6 0 0 8.3385 0.5 1.93276596069 0.0372505626973 1 Aniol  266.50667724799996 0.064 0.356550179696 1.395515398 1 1 2 0.31 0
95 3 4.5 0 1 6.867 0.5 1.70601606369 -0.068314811129 1 Aniol  269.5590996589999 0.064 0.622528448974 1.27433087482 1 1 2 0.31 1
96 3 6 0 0 12.753 0.5 1.47063493729 0.0485782494636 1 Aniol  272.36478495599977 0.064 0.257621143082 0.922056687823 1 1 2 0.31 0
97 4 6 0 0 9.81 0.5 1.76704287529 0.075486936548 1 Aniol  274.93990150699983 0.064 0.298601693118 1.19155593874 1 1 2 0.31 0
98 3 4.5 0 0 12.753 0.5 1.23010802269 0.0350932855624 1 Aniol  278.367885785 0.064 0.205950153501 0.695014737127 1 1 2 0.31 0
99 4 4.5 0 0 8.3385 0.5 1.6223590374 0.0677968083445 1 Aniol  280.195099818 0.064 0.307144043212 1.05456222905 1 1 2 0.31 0
100 3 4.5 0 1 8.3385 0.5 1.64812493324 0.093562704188 1 Aniol  282.94549458599977 0.064 0.477061913023 1.05456222905 1 1 2 0.31 1
101 3 6 0 1 6.867 0.5 2.27472281456 0.0909658269844 1 Aniol  285.6991369829998 0.064 0.768524534852 1.68375698758 1 1 2 0.31 1
102 4 4.5 0 0 12.753 0.5 1.23653697968 0.0415222425479 1 Aniol  289.0988770449999 0.064 0.204142910801 0.695014737127 1 1 2 0.31 0
103 4 4.5 0 0 6.867 0.5 1.85099005699 0.0766591821724 1 Aniol  291.456689827 0.064 0.351359823245 1.27433087482 1 1 2 0.31 0
104 4 6 0 0 6.867 0.5 2.1756439209 -0.0081130666771 1 Aniol  294.4379114620001 0.064 0.445329850915 1.68375698758 1 1 2 0.31 0
105 3 4.5 0 0 6.867 0.5 1.84680891037 0.0724780355507 1 Aniol  297.7097728869999 0.064 0.32214211807 1.27433087482 1 1 2 0.31 0
106 3 4.5 0 0 9.81 0.5 1.46660614014 0.0671521775949 1 Aniol  300.663171747 0.064 0.258723833063 0.899453962542 1 1 2 0.31 0
107 3 4.5 0 1 12.753 0.5 1.24644899368 0.0514342565555 1 Aniol  303.2576099990001 0.064 0.313279855072 0.695014737127 1 1 2 0.31 1
108 4 4.5 0 0 11.2815 0.5 1.41485786438 0.130731177418 1 Aniol  305.62751378899975 0.064 0.209338138827 0.784126686962 1 1 2 0.31 0
109 4 6 0 0 12.753 0.5 1.52996110916 0.107904421339 1 Aniol  308.18238010799996 0.064 0.265746354457 0.922056687823 1 1 2 0.31 0
110 3 4.5 0 0 11.2815 0.5 1.37293815613 0.0888114691662 1 Aniol  310.8103400340001 0.064 0.229303483668 0.784126686962 1 1 2 0.31 0
111 3 6 0 1 8.3385 0.5 1.91192889214 0.0164134941396 1 Aniol  313.3046856279998 0.064 0.675071412214 1.395515398 1 1 2 0.31 1
112 4 4.5 0 1 8.3385 0.5 1.51674413681 -0.0378180922445 1 Aniol  316.3423075810001 0.064 0.496501605802 1.05456222905 1 1 2 0.31 1
113 3 4.5 0 1 11.2815 0.5 1.36238789558 0.0782612086224 1 Aniol  318.9913124669997 0.064 0.378785661382 0.784126686962 1 1 2 0.31 1
114 3 6 0 1 11.2815 0.5 1.62456297874 0.0849410891263 1 Aniol  321.47199090799995 0.064 0.487958593597 1.03962188962 1 1 2 0.31 1
115 3 6 0 0 6.867 0.5 2.27085399628 0.0870970087013 1 Aniol  324.2069315859999 0.064 0.453282782581 1.68375698758 1 1 2 0.31 0
116 4 6 0 1 6.867 0.5 2.19608902931 0.0123320417366 1 Aniol  327.5799857879997 0.064 0.772155098623 1.68375698758 1 1 2 0.31 1
117 4 4.5 0 1 9.81 0.5 1.43159794807 0.0321439855325 1 Aniol  330.90089988599993 0.064 0.440677356201 0.899453962542 1 1 2 0.31 1
118 4 6 0 0 11.2815 0.5 1.78442692757 0.244805037948 1 Aniol  333.4354195430001 0.064 0.278659167826 1.03962188962 1 1 2 0.31 0
119 3 6 0 0 9.81 0.5 1.72330713272 0.031751193979 1 Aniol  336.34159020900006 0.064 0.316219484532 1.19155593874 1 1 2 0.31 0
120 3 4.5 0 0 11.2815 0.5 1.38014316559 0.0960164786267 1 Aniol  339.2029589210001 0.064 0.219690986756 0.784126686962 1 1 2 0.31 0
121 3 4.5 0 1 9.81 0.5 1.46498799324 0.0655340306986 1 Aniol  341.6794395239999 0.064 0.412188318078 0.899453962542 1 1 2 0.31 1
122 3 4.5 0 0 8.3385 0.5 1.57299089432 0.0184286652629 1 Aniol  344.23908019300006 0.064 0.277190845255 1.05456222905 1 1 2 0.31 0
123 4 6 0 1 6.867 0.5 2.1068251133 -0.076931874279 1 Aniol  346.9101260929997 0.064 0.770364131616 1.68375698758 1 1 2 0.31 1
124 3 6 0 0 12.753 0.5 1.50081181526 0.078755127439 1 Aniol  350.15424342100005 0.064 0.235497103162 0.922056687823 1 1 2 0.31 0
125 4 6 0 0 8.3385 0.5 1.95523691177 0.0597215137776 1 Aniol  352.77025754099986 0.064 0.361581423141 1.395515398 1 1 2 0.31 0
126 3 4.5 0 1 8.3385 0.5 1.6287009716 0.0741387425486 1 Aniol  355.84272988700013 0.064 0.512015969797 1.05456222905 1 1 2 0.31 1
127 4 4.5 0 1 6.867 0.5 1.68084406853 -0.0934868062919 1 Aniol  358.5653747860001 0.064 0.592913183314 1.27433087482 1 1 2 0.31 1
128 3 6 0 1 11.2815 0.5 1.62292218208 0.0833002924649 1 Aniol  361.35645473199975 0.064 0.496947809722 1.03962188962 1 1 2 0.31 1
129 4 4.5 0 0 6.867 0.5 1.70057201385 -0.0737588609642 1 Aniol  364.10356526299984 0.064 0.355759837677 1.27433087482 1 1 2 0.31 0
130 4 6 0 0 12.753 0.5 1.47034502029 0.0482883324714 1 Aniol  366.930577482 0.064 0.259594354219 0.922056687823 1 1 2 0.31 0
131 3 6 0 1 6.867 0.5 2.24019193649 0.0564349489174 1 Aniol  369.52630296300003 0.064 0.774391208799 1.68375698758 1 1 2 0.31 1
132 3 4.5 0 1 11.2815 0.5 1.38596105576 0.101834368794 1 Aniol  372.893277055 0.064 0.380150092576 0.784126686962 1 1 2 0.31 1
133 3 4.5 0 1 12.753 0.5 1.32833695412 0.133322216989 1 Aniol  375.378740699 0.064 0.332462848119 0.695014737127 1 1 2 0.31 1
134 4 6 0 0 6.867 0.5 2.26831197739 0.0845549898109 1 Aniol  377.8061456759997 0.064 0.463415303873 1.68375698758 1 1 2 0.31 0
135 4 6 0 1 11.2815 0.5 1.54502797127 0.00540608164947 1 Aniol  381.20761601799995 0.064 0.474537361121 1.03962188962 1 1 2 0.31 1
136 3 4.5 0 1 6.867 0.5 1.72183513641 -0.0524957384056 1 Aniol  383.8481675899998 0.064 0.593822944832 1.27433087482 1 1 2 0.31 1
137 3 6 0 0 6.867 0.5 2.30740594864 0.123648961063 1 Aniol  386.6990373059998 0.064 0.430947521372 1.68375698758 1 1 2 0.31 0
138 4 4.5 0 0 9.81 0.5 1.36781692505 -0.031637037493 1 Aniol  390.13307441300003 0.064 0.265194474602 0.899453962542 1 1 2 0.31 0
139 4 4.5 0 1 11.2815 0.5 1.33597683907 0.0518501521038 1 Aniol  392.62133266399997 0.064 0.366248144926 0.784126686962 1 1 2 0.31 1
140 4 4.5 0 1 12.753 0.5 1.2626080513 0.0675933141726 1 Aniol  395.0566173960001 0.064 0.341289214658 0.695014737127 1 1 2 0.31 1
141 4 6 0 0 11.2815 0.5 1.54086399078 0.00124210116546 1 Aniol  397.4392926400001 0.064 0.287148710038 1.03962188962 1 1 2 0.31 0
142 3 6 0 0 8.3385 0.5 2.04717612267 0.151660724669 1 Aniol  400.10281179799995 0.064 0.383032601691 1.395515398 1 1 2 0.31 0
143 4 4.5 0 0 11.2815 0.5 1.384745121 0.10061843404 1 Aniol  403.2756673509998 0.064 0.220916218281 0.784126686962 1 1 2 0.31 0
144 3 4.5 0 0 6.867 0.5 1.84271478653 0.0683839117104 1 Aniol  405.7617923879998 0.064 0.360561163201 1.27433087482 1 1 2 0.31 0
145 3 6 0 0 11.2815 0.5 1.6750369072 0.135415017578 1 Aniol  408.7397053169998 0.064 0.281783271389 1.03962188962 1 1 2 0.31 0
146 3 4.5 0 0 9.81 0.5 1.43407702446 0.034623061918 1 Aniol  411.50909040199986 0.064 0.261245203408 0.899453962542 1 1 2 0.31 0
147 4 4.5 0 0 12.753 0.5 1.27209997177 0.0770852346438 1 Aniol  414.0677359890001 0.064 0.200854453326 0.695014737127 1 1 2 0.31 0
148 4 4.5 0 0 8.3385 0.5 1.55948114395 0.00491891489665 1 Aniol  416.4111287820001 0.064 0.296824385669 1.05456222905 1 1 2 0.31 0
149 4 6 0 1 8.3385 0.5 1.9092001915 0.0136847935017 1 Aniol  419.0983921249999 0.064 0.657621008778 1.395515398 1 1 2 0.31 1
150 4 6 0 1 9.81 0.5 1.69309711456 0.00154117582102 1 Aniol  422.1418080029998 0.064 0.560942318106 1.19155593874 1 1 2 0.31 1
151 4 6 0 0 9.81 0.5 1.79999899864 0.1084430599 1 Aniol  424.9277488739999 0.064 0.305458683074 1.19155593874 1 1 2 0.31 0
152 3 6 0 1 12.753 0.5 1.53544282913 0.113386141309 1 Aniol  427.85687938399997 0.064 0.455943191766 0.922056687823 1 1 2 0.31 1
153 3 6 0 1 8.3385 0.5 1.97192597389 0.0764105758961 1 Aniol  430.5134164420001 0.064 0.65857508389 1.395515398 1 1 2 0.31 1
154 4 6 0 1 12.753 0.5 1.50263214111 0.0805754532905 1 Aniol  433.5845387229997 0.064 0.430688090099 0.922056687823 1 1 2 0.31 1
155 4 4.5 0 1 9.81 0.5 1.52484798431 0.125394021772 1 Aniol  436.19908915899987 0.064 0.442500995791 0.899453962542 1 1 2 0.31 1
156 3 6 0 0 9.81 0.5 1.85049891472 0.158942975977 1 Aniol  438.820366937 0.064 0.315046496178 1.19155593874 1 1 2 0.31 0
157 3 4.5 0 0 12.753 0.5 1.28565907478 0.0906443376559 1 Aniol  441.79692019000004 0.064 0.187636955119 0.695014737127 1 1 2 0.31 0
158 3 6 0 1 9.81 0.5 1.88678884506 0.19523290632 1 Aniol  444.18816308299984 0.064 0.587781462717 1.19155593874 1 1 2 0.31 1
159 4 4.5 0 1 8.3385 0.5 1.5720448494 0.017482620341 1 Aniol  447.1977609820001 0.064 0.521244160026 1.05456222905 1 1 2 0.31 1
160 4 6 0 1 12.753 0.5 1.58720612526 0.165149437437 1 Aniol  449.868934783 0.064 0.426349936943 0.922056687823 1 1 2 0.31 1
161 3 4.5 0 0 6.867 0.5 1.87284803391 0.0985171590859 1 Aniol  452.58172175599975 0.064 0.363020295191 1.27433087482 1 1 2 0.31 0
162 3 4.5 0 1 8.3385 0.5 1.58498907089 0.0304268418376 1 Aniol  455.5536977009997 0.064 0.513141371245 1.05456222905 1 1 2 0.31 1
163 4 6 0 0 11.2815 0.5 1.68714785576 0.14752596614 1 Aniol  458.2438039829999 0.064 0.272063469236 1.03962188962 1 1 2 0.31 0
164 4 4.5 0 0 11.2815 0.5 1.43839502335 0.154268336384 1 Aniol  461.02465354800006 0.064 0.212052635524 0.784126686962 1 1 2 0.31 0
165 4 4.5 0 0 12.753 0.5 1.27541518211 0.0804004449862 1 Aniol  463.58289318200013 0.064 0.18186920336 0.695014737127 1 1 2 0.31 0
166 4 4.5 0 0 8.3385 0.5 1.66536593437 0.110803705317 1 Aniol  465.97763550599984 0.064 0.288157256666 1.05456222905 1 1 2 0.31 0
167 4 6 0 1 8.3385 0.5 2.07789206505 0.182376667052 1 Aniol  468.7414358589999 0.064 0.664958269048 1.395515398 1 1 2 0.31 1
168 3 6 0 0 9.81 0.5 1.75364995003 0.0620940112855 1 Aniol  471.95814526999993 0.064 0.356511197426 1.19155593874 1 1 2 0.31 0
169 3 6 0 1 8.3385 0.5 2.03611183167 0.140596433669 1 Aniol  474.81810724199977 0.064 0.650940229854 1.395515398 1 1 2 0.31 1
170 3 6 0 1 11.2815 0.5 1.68508815765 0.145466268036 1 Aniol  477.9707479660001 0.064 0.495552516512 1.03962188962 1 1 2 0.31 1
171 4 4.5 0 1 6.867 0.5 1.85168004036 0.0773491655403 1 Aniol  480.78642067400006 0.064 0.599083396014 1.27433087482 1 1 2 0.31 1
172 3 4.5 0 1 6.867 0.5 1.83988809586 0.0655572210365 1 Aniol  483.726325785 0.064 0.57437046191 1.27433087482 1 1 2 0.31 1
173 3 4.5 0 1 12.753 0.5 1.59267497063 0.397660233499 1 Aniol  486.69996363400014 0.064 0.322109816349 0.695014737127 1 1 2 0.31 1
174 3 6 0 1 9.81 0.5 1.59267497063 0.397660233499 1 Aniol  489.1662132829997 0.064 0.559581454621 1.19155593874 1 1 2 0.31 1
175 4 4.5 0 1 12.753 0.5 1.3826789856 0.187664248468 1 Aniol  489.392633378 0.064 0.31849134389 0.695014737127 1 1 2 0.31 1
176 4 4.5 0 0 9.81 0.5 1.54708409309 0.147630130552 1 Aniol  491.8807409279998 0.064 0.250970457438 0.899453962542 1 1 2 0.31 0
177 4 4.5 0 1 8.3385 0.5 1.68568491936 0.131122690303 1 Aniol  494.555264309 0.064 0.502507971669 1.05456222905 1 1 2 0.31 1
178 3 4.5 0 0 9.81 0.5 1.51824998856 0.118796026014 1 Aniol  497.3439198189999 0.064 0.226055193609 0.899453962542 1 1 2 0.31 0
179 3 6 0 0 6.867 0.5 2.27161097527 0.08785398769 1 Aniol  499.965511205 0.064 0.442352223212 1.68375698758 1 1 2 0.31 0
180 4 6 0 1 6.867 0.5 2.14266085625 -0.0410961313286 1 Aniol  503.35902691 0.064 0.788057949344 1.68375698758 1 1 2 0.31 1
181 4 6 0 0 9.81 0.5 1.73392820358 0.0423722648408 1 Aniol  506.74570189999986 0.064 0.331198919593 1.19155593874 1 1 2 0.31 0
182 4 6 0 0 6.867 0.5 2.19434809685 0.010591109272 1 Aniol  509.472642445 0.064 0.467074974821 1.68375698758 1 1 2 0.31 0
183 3 6 0 0 8.3385 0.5 1.91322278976 0.0177073917683 1 Aniol  512.7998147959997 0.064 0.391018418985 1.395515398 1 1 2 0.31 0
184 3 6 0 1 6.867 0.5 2.24003887177 0.0562818841896 1 Aniol  515.8301956569999 0.064 0.771576816073 1.68375698758 1 1 2 0.31 1
185 4 6 0 1 9.81 0.5 1.71021413803 0.018658199289 1 Aniol  519.1971248229997 0.064 0.561478313952 1.19155593874 1 1 2 0.31 1
186 3 6 0 0 11.2815 0.5 1.69640994072 0.156788051101 1 Aniol  522.030151208 0.064 0.262199431045 1.03962188962 1 1 2 0.31 0
187 3 4.5 0 0 8.3385 0.5 1.59079217911 0.0362299500529 1 Aniol  524.840917219 0.064 0.288722647595 1.05456222905 1 1 2 0.31 0
188 4 4.5 0 0 6.867 0.5 1.87342190742 0.0990910326058 1 Aniol  527.5551416889998 0.064 0.343498488401 1.27433087482 1 1 2 0.31 0
189 4 6 0 0 12.753 0.5 1.57435393333 0.152297245512 1 Aniol  530.5432216139998 0.064 0.26289744798 0.922056687823 1 1 2 0.31 0
190 4 4.5 0 1 9.81 0.5 1.48931407928 0.0898601167429 1 Aniol  533.2255803580001 0.064 0.435096104729 0.899453962542 1 1 2 0.31 1
191 3 4.5 0 1 11.2815 0.5 1.42440485954 0.140278172581 1 Aniol  535.8121922739997 0.064 0.38865117823 0.784126686962 1 1 2 0.31 1
192 4 6 0 1 11.2815 0.5 1.68760585785 0.147983968231 1 Aniol  538.3703213009999 0.064 0.498157624054 1.03962188962 1 1 2 0.31 1
193 3 4.5 0 1 9.81 0.5 1.46286702156 0.0634130590189 1 Aniol  541.1715774619997 0.064 0.411695062934 0.899453962542 1 1 2 0.31 1
194 4 6 0 0 8.3385 0.5 1.94810414314 0.0525887451466 1 Aniol  543.7535750950001 0.064 0.399065211319 1.395515398 1 1 2 0.31 0
195 3 4.5 0 0 12.753 0.5 1.36953902245 0.174524285318 1 Aniol  546.8347217790001 0.064 0.205437892871 0.695014737127 1 1 2 0.31 0
196 3 4.5 0 0 11.2815 0.5 1.38347506523 0.0993483782696 1 Aniol  549.3203748000001 0.064 0.231936082431 0.784126686962 1 1 2 0.31 0
197 4 4.5 0 1 11.2815 0.5 1.41370606422 0.129579377263 1 Aniol  551.8209895760001 0.064 0.354765393924 0.784126686962 1 1 2 0.31 1
198 3 6 0 0 12.753 0.5 1.52264022827 0.100583540449 1 Aniol  554.3292293979998 0.064 0.242735226033 0.922056687823 1 1 2 0.31 0
199 3 6 0 1 12.753 0.5 1.57101988792 0.148963200101 1 Aniol  556.9504212930001 0.064 0.431673566557 0.922056687823 1 1 2 0.31 1
200 4 6 0 0 9.81 0.5 1.80642008781 0.114864149072 1 Aniol  559.618328349 0.064 0.314286106905 1.19155593874 1 1 2 0.31 0
201 4 4.5 0 0 8.3385 0.5 1.55023097992 -0.00433124913533 1 Aniol  562.545611684 0.064 0.309359333261 1.05456222905 1 1 2 0.31 0
202 4 6 0 0 12.753 0.5 1.58245897293 0.160402285108 1 Aniol  565.2001522159999 0.064 0.270976767279 0.922056687823 1 1 2 0.31 0
203 4 4.5 0 1 6.867 0.5 1.88071322441 0.106382349592 1 Aniol  567.9175423749998 0.064 0.622983954008 1.27433087482 1 1 2 0.31 1
204 3 6 0 1 12.753 0.5 1.59726786613 0.175211178312 1 Aniol  570.8967780959997 0.064 0.432541112794 0.922056687823 1 1 2 0.31 1
205 3 6 0 0 9.81 0.5 1.82910299301 0.13754705427 1 Aniol  573.624357535 0.064 0.306613659535 1.19155593874 1 1 2 0.31 0
206 3 6 0 0 12.753 0.5 1.43303894997 0.0109822621436 1 Aniol  576.5777494280001 0.064 0.275493551032 0.922056687823 1 1 2 0.31 0
207 3 6 0 1 9.81 0.5 1.68309116364 -0.00846477510671 1 Aniol  579.1112443459997 0.064 0.561760156508 1.19155593874 1 1 2 0.31 1
208 4 6 0 0 11.2815 0.5 1.54606103897 0.00643914935272 1 Aniol  581.916141572 0.064 0.268887877759 1.03962188962 1 1 2 0.31 0
209 4 6 0 1 9.81 0.5 1.68341898918 -0.00813694956045 1 Aniol  584.5912253749998 0.064 0.542763497648 1.19155593874 1 1 2 0.31 1
210 4 6 0 1 8.3385 0.5 1.89524483681 -0.000270561188814 1 Aniol  587.3975644960001 0.064 0.661907302955 1.395515398 1 1 2 0.31 1
211 4 6 0 1 12.753 0.5 1.44513583183 0.0230791440101 1 Aniol  590.421945008 0.064 0.458927559826 0.922056687823 1 1 2 0.31 1
212 3 4.5 0 0 11.2815 0.5 1.33718299866 0.0530563116955 1 Aniol  592.9945549549998 0.064 0.215448828797 0.784126686962 1 1 2 0.31 0
213 3 6 0 1 8.3385 0.5 1.91711592674 0.0216005287465 1 Aniol  595.4516231879998 0.064 0.637884431768 1.395515398 1 1 2 0.31 1
214 3 4.5 0 0 9.81 0.5 1.45355296135 0.0540989988077 1 Aniol  598.4936152750001 0.064 0.262355664817 0.899453962542 1 1 2 0.31 0
215 4 4.5 0 1 12.753 0.5 1.26796293259 0.0729481954593 1 Aniol  601.069641087 0.064 0.323998017246 0.695014737127 1 1 2 0.31 1
216 4 4.5 0 0 12.753 0.5 1.29880714417 0.103792407038 1 Aniol  603.4534605979998 0.064 0.204417328619 0.695014737127 1 1 2 0.31 0
217 3 6 0 0 11.2815 0.5 1.68827009201 0.148648202392 1 Aniol  605.8837306629998 0.064 0.308359851725 1.03962188962 1 1 2 0.31 0
218 4 4.5 0 0 11.2815 0.5 1.40031695366 0.116190266697 1 Aniol  608.697456634 0.064 0.226110826724 0.784126686962 1 1 2 0.31 0
219 4 4.5 0 1 9.81 0.5 1.52152514458 0.122071182035 1 Aniol  611.2134912920001 0.064 0.436683842849 0.899453962542 1 1 2 0.31 1
220 3 4.5 0 0 6.867 0.5 1.85898709297 0.0846562181526 1 Aniol  613.844849091 0.064 0.330749203094 1.27433087482 1 1 2 0.31 0
221 3 4.5 0 0 8.3385 0.5 1.65511989594 0.10055766688 1 Aniol  616.793330767 0.064 0.282142073017 1.05456222905 1 1 2 0.31 0
222 4 6 0 1 6.867 0.5 2.27722382545 0.0934668378792 1 Aniol  619.5510664559997 0.064 0.827870646614 1.68375698758 1 1 2 0.31 1
223 3 4.5 0 1 11.2815 0.5 1.48560214043 0.201475453465 1 Aniol  622.957605222 0.064 0.362966299325 0.784126686962 1 1 2 0.31 1
224 3 4.5 0 1 9.81 0.5 1.54933285713 0.14987889459 1 Aniol  625.5612023859999 0.064 0.421291935485 0.899453962542 1 1 2 0.31 1
225 3 6 0 0 6.867 0.5 2.3260641098 0.142307122227 1 Aniol  628.2054170209999 0.064 0.438461547114 1.68375698758 1 1 2 0.31 0
226 3 4.5 0 1 6.867 0.5 1.88733315468 0.113002279859 1 Aniol  631.6640004169999 0.064 0.583672882598 1.27433087482 1 1 2 0.31 1
227 4 4.5 0 0 9.81 0.5 1.43083715439 0.0313831918466 1 Aniol  634.663258912 0.064 0.233038867116 0.899453962542 1 1 2 0.31 0
228 3 6 0 1 11.2815 0.5 1.58503198624 0.0454100966183 1 Aniol  637.218294324 0.064 0.498427342402 1.03962188962 1 1 2 0.31 1
229 3 6 0 1 6.867 0.5 2.20358610153 0.0198291139564 1 Aniol  639.920650344 0.064 0.816521485585 1.68375698758 1 1 2 0.31 1
230 4 6 0 1 11.2815 0.5 1.52645683289 -0.0131650567325 1 Aniol  643.2623863559998 0.064 0.488098503313 1.03962188962 1 1 2 0.31 1
231 4 4.5 0 0 6.867 0.5 1.83693313599 0.0626022611672 1 Aniol  645.905896403 0.064 0.372462914252 1.27433087482 1 1 2 0.31 0
232 4 6 0 0 6.867 0.5 2.29876899719 0.115012009617 1 Aniol  648.845693753 0.064 0.45899452081 1.68375698758 1 1 2 0.31 0
233 4 4.5 0 1 11.2815 0.5 1.35914683342 0.0750201464581 1 Aniol  652.2732157109999 0.064 0.357324628338 0.784126686962 1 1 2 0.31 1
234 3 4.5 0 0 12.753 0.5 1.33280992508 0.137795187952 1 Aniol  654.7474393379998 0.064 0.181313984782 0.695014737127 1 1 2 0.31 0
235 4 4.5 0 1 8.3385 0.5 1.46446299553 -0.0900992335256 1 Aniol  657.2117205 0.064 0.514436977443 1.05456222905 1 1 2 0.31 1
236 3 6 0 0 8.3385 0.5 1.88251113892 -0.01300425908 1 Aniol  659.7944736099998 0.064 0.396482233425 1.395515398 1 1 2 0.31 0
237 3 4.5 0 1 8.3385 0.5 1.53655099869 -0.018011230367 1 Aniol  662.7738298559998 0.064 0.504666571841 1.05456222905 1 1 2 0.31 1
238 3 4.5 0 1 12.753 0.5 1.29909610748 0.104081370356 1 Aniol  665.4141663739997 0.064 0.320253330479 0.695014737127 1 1 2 0.31 1
239 4 6 0 0 8.3385 0.5 1.92200899124 0.0264935932454 1 Aniol  667.8384903739998 0.064 0.404999585061 1.395515398 1 1 2 0.31 0
240 4 4.5 0 1 9.81 0.5 1.46092200279 0.0614680402506 1 Aniol  670.8769636460001 0.064 0.423605136237 0.899453962542 1 1 2 0.31 1
241 4 4.5 0 1 11.2815 0.5 1.33764600754 0.0535193205761 1 Aniol  673.4523470989998 0.064 0.376374272294 0.784126686962 1 1 2 0.31 1
242 4 6 0 0 6.867 0.5 2.10598897934 -0.0777680082359 1 Aniol  675.909277795 0.064 0.501577984411 1.68375698758 1 1 2 0.31 0
243 3 6 0 1 6.867 0.5 2.17909002304 -0.00466696453477 1 Aniol  679.1219259119998 0.064 0.763673696697 1.68375698758 1 1 2 0.31 1
244 3 4.5 0 1 9.81 0.5 1.3917081356 -0.00774582693694 1 Aniol  682.4113484969998 0.064 0.419990268462 0.899453962542 1 1 2 0.31 1
245 4 4.5 0 1 6.867 0.5 1.65135598183 -0.122974892992 1 Aniol  684.9078796579997 0.064 0.588740936815 1.27433087482 1 1 2 0.31 1
246 4 6 0 0 9.81 0.5 1.67772197723 -0.0138339615081 1 Aniol  687.6938566049998 0.064 0.335198078068 1.19155593874 1 1 2 0.31 0
247 4 6 0 1 6.867 0.5 2.13654184341 -0.0472151441612 1 Aniol  690.4904251909998 0.064 0.806901698783 1.68375698758 1 1 2 0.31 1
248 3 4.5 0 1 6.867 0.5 1.72127223015 -0.0530586446709 1 Aniol  693.7434860049998 0.064 0.618215893589 1.27433087482 1 1 2 0.31 1
249 4 4.5 0 0 8.3385 0.5 1.44979000092 -0.104772228139 1 Aniol  696.5825409690001 0.064 0.287659139021 1.05456222905 1 1 2 0.31 0
250 3 6 0 1 8.3385 0.5 1.80582499504 -0.0896904029552 1 Aniol  699.1572679149999 0.064 0.690462255111 1.395515398 1 1 2 0.31 1
251 3 6 0 0 12.753 0.5 1.52255702019 0.100500332365 1 Aniol  702.0807512840001 0.064 0.256475602118 0.922056687823 1 1 2 0.31 0
252 4 6 0 0 12.753 0.5 1.4900329113 0.0679762234779 1 Aniol  704.7230406879999 0.064 0.271417004614 0.922056687823 1 1 2 0.31 0
253 3 4.5 0 1 8.3385 0.5 1.55119299889 -0.00336923016865 1 Aniol  707.3375132020001 0.064 0.524007394834 1.05456222905 1 1 2 0.31 1
254 4 4.5 0 0 12.753 0.5 1.32113790512 0.126123167993 1 Aniol  710.010641111 0.064 0.199353913538 0.695014737127 1 1 2 0.31 0
255 3 4.5 0 0 11.2815 0.5 1.39201021194 0.107883524983 1 Aniol  712.4584189809998 0.064 0.218551130515 0.784126686962 1 1 2 0.31 0
256 3 6 0 1 11.2815 0.5 1.66035485268 0.120732963058 1 Aniol  714.9707646289999 0.064 0.469183269837 1.03962188962 1 1 2 0.31 1
257 3 4.5 0 1 12.753 0.5 1.28553390503 0.0905191679019 1 Aniol  717.7469888219998 0.064 0.340231739306 0.695014737127 1 1 2 0.31 1
258 4 4.5 0 0 6.867 0.5 1.90922498703 0.134894112211 1 Aniol  720.130038028 0.064 0.347761833089 1.27433087482 1 1 2 0.31 0
259 4 4.5 0 1 12.753 0.5 1.36931705475 0.174302317621 1 Aniol  723.1573248219997 0.064 0.342123679288 0.695014737127 1 1 2 0.31 1
260 4 6 0 0 11.2815 0.5 1.73184204102 0.192220151397 1 Aniol  725.6152097220001 0.064 0.285624184117 1.03962188962 1 1 2 0.31 0
261 4 6 0 1 8.3385 0.5 1.93605685234 0.0405414543446 1 Aniol  728.4702476970001 0.064 0.631921863462 1.395515398 1 1 2 0.31 1
262 3 4.5 0 0 8.3385 0.5 1.7394220829 0.184859853846 1 Aniol  731.5249100649999 0.064 0.295500723507 1.05456222905 1 1 2 0.31 0
263 3 6 0 0 8.3385 0.5 2.07209801674 0.176582618743 1 Aniol  734.3592202730001 0.064 0.353592371534 1.395515398 1 1 2 0.31 0
264 3 6 0 1 12.753 0.5 1.58777809143 0.165721403608 1 Aniol  737.566317972 0.064 0.445845367007 0.922056687823 1 1 2 0.31 1
265 3 6 0 0 11.2815 0.5 1.70762610435 0.168004214737 1 Aniol  740.2483665969999 0.064 0.299945627001 1.03962188962 1 1 2 0.31 0
266 3 4.5 0 0 9.81 0.5 1.50203609467 0.102582132124 1 Aniol  743.0746828910001 0.064 0.240205708612 0.899453962542 1 1 2 0.31 0
267 4 4.5 0 0 11.2815 0.5 1.51834106445 0.234214377491 1 Aniol  745.6880150419997 0.064 0.207675604552 0.784126686962 1 1 2 0.31 0
268 3 4.5 0 0 6.867 0.5 1.91552591324 0.141195038419 1 Aniol  748.326915917 0.064 0.343884730087 1.27433087482 1 1 2 0.31 0
269 4 6 0 1 12.753 0.5 1.55562114716 0.133564459333 1 Aniol  751.3658188240001 0.064 0.418397683583 0.922056687823 1 1 2 0.31 1
270 3 4.5 0 1 11.2815 0.5 1.36235404015 0.0782273531842 1 Aniol  754.0136927399999 0.064 0.364441296262 0.784126686962 1 1 2 0.31 1
271 4 4.5 0 0 9.81 0.5 1.52317810059 0.123724138044 1 Aniol  756.5006217949999 0.064 0.25430511519 0.899453962542 1 1 2 0.31 0
272 3 4.5 0 0 12.753 0.5 1.39086413383 0.195849396707 1 Aniol  759.1248616530002 0.064 0.189283912148 0.695014737127 1 1 2 0.31 0
273 4 4.5 0 1 8.3385 0.5 1.64801502228 0.0934527932231 1 Aniol  761.6309912450001 0.064 0.506223133774 1.05456222905 1 1 2 0.31 1
274 3 6 0 1 9.81 0.5 1.68610596657 -0.00544997217397 1 Aniol  764.3678049380001 0.064 0.584667525742 1.19155593874 1 1 2 0.31 1
275 4 6 0 1 9.81 0.5 1.65653419495 -0.0350217437957 1 Aniol  767.1810309399998 0.064 0.563463469955 1.19155593874 1 1 2 0.31 1
276 3 6 0 0 9.81 0.5 1.77844309807 0.0868871593263 1 Aniol  769.9527270369999 0.064 0.323229590571 1.19155593874 1 1 2 0.31 0
277 4 6 0 1 11.2815 0.5 1.57412195206 0.0345000624387 1 Aniol  772.855426051 0.064 0.517878823219 1.03962188962 1 1 2 0.31 1
278 3 6 0 0 6.867 0.5 2.36929392815 0.185536940571 1 Aniol  775.561591617 0.064 0.484540104912 1.68375698758 1 1 2 0.31 0
279 4 6 0 0 8.3385 0.5 2.03113722801 0.135621830016 1 Aniol  779.041245675 0.064 0.378066674881 1.395515398 1 1 2 0.31 0
280 4 4.5 0 0 12.753 0.5 1.32044887543 0.1254341383 1 Aniol  782.1966978659998 0.064 0.187344139582 0.695014737127 1 1 2 0.31 0
281 4 6 0 0 11.2815 0.5 1.6723959446 0.132774054977 1 Aniol  784.6338815640001 0.064 0.2871500298 1.03962188962 1 1 2 0.31 0
282 4 6 0 0 12.753 0.5 1.58730316162 0.165246473798 1 Aniol  787.402156401 0.064 0.272606836972 0.922056687823 1 1 2 0.31 0
283 4 4.5 0 1 11.2815 0.5 1.42087101936 0.136744332402 1 Aniol  790.1086369919999 0.064 0.379677134453 0.784126686962 1 1 2 0.31 1
284 3 4.5 0 1 9.81 0.5 1.50230383873 0.102849876188 1 Aniol  792.6459640009998 0.064 0.430556598429 0.899453962542 1 1 2 0.31 1
285 4 6 0 1 6.867 0.5 2.10878896713 -0.074968020443 1 Aniol  795.2576417800001 0.064 0.820781390374 1.68375698758 1 1 2 0.31 1
286 3 4.5 0 1 6.867 0.5 1.75010180473 -0.0242290700859 1 Aniol  798.4774924069998 0.064 0.583328592438 1.27433087482 1 1 2 0.31 1
287 3 6 0 1 6.867 0.5 2.16961812973 -0.0141388578453 1 Aniol  801.322177479 0.064 0.758283694461 1.68375698758 1 1 2 0.31 1
288 3 6 0 0 12.753 0.5 1.50777196884 0.0857152810187 1 Aniol  804.597037778 0.064 0.275473399885 0.922056687823 1 1 2 0.31 0
289 3 6 0 1 11.2815 0.5 1.62157702446 0.0819551348416 1 Aniol  807.2210933779998 0.064 0.481590661785 1.03962188962 1 1 2 0.31 1
290 3 6 0 0 9.81 0.5 1.78766608238 0.0961101436402 1 Aniol  809.9704272069998 0.064 0.331226643101 1.19155593874 1 1 2 0.31 0
291 4 6 0 0 9.81 0.5 1.79372620583 0.102170267084 1 Aniol  812.8459227600001 0.064 0.345573711196 1.19155593874 1 1 2 0.31 0
292 4 6 0 1 8.3385 0.5 1.84701681137 -0.0484985866252 1 Aniol  815.7371271239999 0.064 0.682189310299 1.395515398 1 1 2 0.31 1
293 4 4.5 0 1 12.753 0.5 1.2840461731 0.0890314359683 1 Aniol  818.706673657 0.064 0.341822026191 0.695014737127 1 1 2 0.31 1
294 3 4.5 0 0 6.867 0.5 1.90301179886 0.128680924039 1 Aniol  821.088919497 0.064 0.355528982772 1.27433087482 1 1 2 0.31 0
295 3 4.5 0 0 12.753 0.5 1.30935001373 0.114335276606 1 Aniol  824.1213971110001 0.064 0.200163020896 0.695014737127 1 1 2 0.31 0
296 3 6 0 1 8.3385 0.5 1.9433119297 0.0477965317067 1 Aniol  826.543925 0.064 0.639581517091 1.395515398 1 1 2 0.31 1
297 4 4.5 0 0 9.81 0.5 1.4347820282 0.0353280656564 1 Aniol  829.6018644800001 0.064 0.244087210881 0.899453962542 1 1 2 0.31 0
298 3 4.5 0 1 8.3385 0.5 1.57448601723 0.0199237881724 1 Aniol  832.138637645 0.064 0.490358223531 1.05456222905 1 1 2 0.31 1
299 4 4.5 0 0 8.3385 0.5 1.61581516266 0.0612529336039 1 Aniol  834.8297601869999 0.064 0.289512022372 1.05456222905 1 1 2 0.31 0
300 4 6 0 1 9.81 0.5 1.62505197525 -0.0665039634917 1 Aniol  837.5771524389997 0.064 0.577005215939 1.19155593874 1 1 2 0.31 1
301 4 6 0 0 6.867 0.5 2.32936906815 0.14561208057 1 Aniol  840.3376744259999 0.064 0.479712607675 1.68375698758 1 1 2 0.31 0
302 4 4.5 0 1 6.867 0.5 1.76865696907 -0.00567390574873 1 Aniol  843.7854154349998 0.064 0.617526441233 1.27433087482 1 1 2 0.31 1
303 4 6 0 0 8.3385 0.5 1.94199800491 0.0464826069173 1 Aniol  846.6478925689999 0.064 0.418367851035 1.395515398 1 1 2 0.31 0
304 4 4.5 0 0 6.867 0.5 1.77663993835 0.00230906353533 1 Aniol  849.71476665 0.064 0.323904685728 1.27433087482 1 1 2 0.31 0
305 3 4.5 0 1 11.2815 0.5 1.41784000397 0.133713317006 1 Aniol  852.586682224 0.064 0.3546208612 0.784126686962 1 1 2 0.31 1
306 3 6 0 0 11.2815 0.5 1.70547413826 0.165852248642 1 Aniol  855.105695108 0.064 0.284631046502 1.03962188962 1 1 2 0.31 0
307 3 6 0 1 9.81 0.5 1.76354002953 0.0719840907838 1 Aniol  857.948125595 0.064 0.575428920928 1.19155593874 1 1 2 0.31 1
308 4 4.5 0 1 8.3385 0.5 5.9870800972 4.43251786814 1 Aniol  863.1712929679998 0.064 0.518954691256 1.05456222905 1 1 2 0.31 1
309 3 6 0 0 8.3385 0.5 1.9420979023 0.0465825043019 1 Aniol  867.9290781760001 0.064 0.352905748226 1.395515398 1 1 2 0.31 0
310 3 4.5 0 0 8.3385 0.5 1.56132507324 0.00676284418742 1 Aniol  870.9885837500001 0.064 0.31060324599 1.05456222905 1 1 2 0.31 0
311 3 4.5 0 0 11.2815 0.5 1.42389011383 0.139763426869 1 Aniol  873.67216542 0.064 0.201614611386 0.784126686962 1 1 2 0.31 0
312 4 4.5 0 0 11.2815 0.5 1.46843218803 0.184305501072 1 Aniol  876.2271074380001 0.064 0.209783928727 0.784126686962 1 1 2 0.31 0
313 3 4.5 0 1 12.753 0.5 1.31900596619 0.123991229059 1 Aniol  878.8080704959998 0.064 0.337091048993 0.695014737127 1 1 2 0.31 1
314 3 6 0 1 12.753 0.5 1.49834799767 0.0762913098426 1 Aniol  881.2675131579999 0.064 0.455460537712 0.922056687823 1 1 2 0.31 1
315 3 6 0 0 6.867 0.5 2.32704496384 0.143287976261 1 Aniol  883.878385819 0.064 0.488089567647 1.68375698758 1 1 2 0.31 0
316 3 4.5 0 0 9.81 0.5 1.49583792686 0.0963839643228 1 Aniol  887.32439527 0.064 0.235726632158 0.899453962542 1 1 2 0.31 0
317 4 4.5 0 1 9.81 0.5 1.45340585709 0.0539518945444 1 Aniol  889.9505973709997 0.064 0.405140310897 0.899453962542 1 1 2 0.31 1
318 4 6 0 1 11.2815 0.5 1.62295389175 0.0833320021359 1 Aniol  892.5207315729999 0.064 0.469235178743 1.03962188962 1 1 2 0.31 1
319 4 6 0 1 12.753 0.5 1.48268389702 0.0606272091956 1 Aniol  895.239644798 0.064 0.460657520102 0.922056687823 1 1 2 0.31 1
