trial vx vy vz LongOcclusion g timeStill rTime TemporalError environment id pupiltime IOD OccludedTimeOfTrajectory FlightDuration Drag DragFirst block accuracy LongOcclusion
0 3 6 0 1 8.3385 0.5 2.43404316902 0.538527771026 1 Juan  2.873334072999569 0.066 0.666123801485 1.395515398 1 1 4 0.24 1
1 4 6 0 1 8.3385 0.5 1.85855817795 -0.0369572200481 1 Juan  6.419909872999597 0.066 0.660859514037 1.395515398 1 1 4 0.24 1
2 4 4.5 0 0 9.81 0.5 1.48815011978 0.0886961572397 1 Juan  9.398601822999808 0.066 0.255194941005 0.899453962542 1 1 4 0.24 0
3 4 4.5 0 1 6.867 0.5 1.59751987457 -0.176811000246 1 Juan  11.979862997000055 0.066 0.601477238968 1.27433087482 1 1 4 0.24 1
4 3 4.5 0 0 9.81 0.5 1.40875983238 0.00930586984041 1 Juan  14.696452512999713 0.066 0.231433621411 0.899453962542 1 1 4 0.24 0
5 3 4.5 0 0 6.867 0.5 1.85204410553 0.0777132307106 1 Juan  17.191364328999953 0.066 0.342540064195 1.27433087482 1 1 4 0.24 0
6 3 6 0 1 11.2815 0.5 1.64376807213 0.10414618251 1 Juan  20.15889370700006 0.066 0.509012147851 1.03962188962 1 1 4 0.24 1
7 3 4.5 0 1 6.867 0.5 1.68924808502 -0.0850827897972 1 Juan  22.90323563899983 0.066 0.611517097438 1.27433087482 1 1 4 0.24 1
8 4 6 0 1 9.81 0.5 1.57551813126 -0.116037807486 1 Juan  25.71821582499979 0.066 0.595424791727 1.19155593874 1 1 4 0.24 1
9 3 6 0 1 6.867 0.5 2.22514605522 0.041389067646 1 Juan  28.408520164999572 0.066 0.81088244134 1.68375698758 1 1 4 0.24 1
10 4 4.5 0 0 12.753 0.5 1.28596806526 0.0909533281344 1 Juan  31.743858693999755 0.066 0.18126220933 0.695014737127 1 1 4 0.24 0
11 4 6 0 0 6.867 0.5 2.28928017616 0.105523188587 1 Juan  34.136185802999535 0.066 0.468798172076 1.68375698758 1 1 4 0.24 0
12 3 4.5 0 1 8.3385 0.5 1.52505302429 -0.0295092047628 1 Juan  37.54108588100007 0.066 0.484274371571 1.05456222905 1 1 4 0.24 1
13 4 4.5 0 0 8.3385 0.5 1.54366779327 -0.0108944357808 1 Juan  40.16844602199944 0.066 0.302769979783 1.05456222905 1 1 4 0.24 0
14 4 6 0 0 11.2815 0.5 1.50320696831 -0.0364149213107 1 Juan  42.80678087100023 0.066 0.26612923711 1.03962188962 1 1 4 0.24 0
15 4 6 0 0 12.753 0.5 1.36264514923 -0.0594115385919 1 Juan  45.42330530900017 0.066 0.249983840316 0.922056687823 1 1 4 0.24 0
16 3 6 0 0 9.81 0.5 1.82665014267 0.135094203928 1 Juan  47.914182847999655 0.066 0.352765141654 1.19155593874 1 1 4 0.24 0
17 3 4.5 0 0 8.3385 0.5 1.61933088303 0.0647686539714 1 Juan  50.853783337000095 0.066 0.283320876463 1.05456222905 1 1 4 0.24 0
18 3 6 0 1 9.81 0.5 1.55836606026 -0.133189878485 1 Juan  53.57497652300026 0.066 0.542963666777 1.19155593874 1 1 4 0.24 1
19 4 4.5 0 0 11.2815 0.5 1.30884385109 0.0247171641278 1 Juan  56.25461372599966 0.066 0.201945450516 0.784126686962 1 1 4 0.24 0
20 3 6 0 1 12.753 0.5 1.44166398048 0.0196072926612 1 Juan  58.689853693999794 0.066 0.430702936235 0.922056687823 1 1 4 0.24 1
21 4 6 0 1 11.2815 0.5 1.42981505394 -0.109806835678 1 Juan  61.245916201 0.066 0.479661425434 1.03962188962 1 1 4 0.24 1
22 4 4.5 0 1 11.2815 0.5 1.23279905319 -0.0513276337696 1 Juan  63.794126642000265 0.066 0.365302310205 0.784126686962 1 1 4 0.24 1
23 4 6 0 1 6.867 0.5 2.12952685356 -0.0542301340141 1 Juan  66.14321580900014 0.066 0.800927377659 1.68375698758 1 1 4 0.24 1
24 3 6 0 0 11.2815 0.5 1.46650385857 -0.0731180310519 1 Juan  69.37342590499975 0.066 0.269032097808 1.03962188962 1 1 4 0.24 0
25 3 6 0 0 12.753 0.5 1.4519071579 0.0298504700751 1 Juan  71.960581155 0.066 0.247460776447 0.922056687823 1 1 4 0.24 0
26 3 4.5 0 1 9.81 0.5 1.33530187607 -0.0641520864737 1 Juan  74.52732334899974 0.066 0.416923912999 0.899453962542 1 1 4 0.24 1
27 3 4.5 0 0 11.2815 0.5 1.33759212494 0.0534654379773 1 Juan  76.96673837399976 0.066 0.200357867693 0.784126686962 1 1 4 0.24 0
28 4 6 0 0 8.3385 0.5 1.9052491188 0.00973372080887 1 Juan  79.41305178399944 0.066 0.410887706799 1.395515398 1 1 4 0.24 0
29 3 4.5 0 1 12.753 0.5 1.23888707161 0.0438723344821 1 Juan  82.4250179720002 0.066 0.34417866038 0.695014737127 1 1 4 0.24 1
30 4 6 0 0 9.81 0.5 1.62277984619 -0.0687760925506 1 Juan  84.7669830220002 0.066 0.32490372981 1.19155593874 1 1 4 0.24 0
31 4 4.5 0 1 12.753 0.5 1.20981407166 0.0147993345279 1 Juan  87.50349076699968 0.066 0.314510119102 0.695014737127 1 1 4 0.24 1
32 4 4.5 0 1 9.81 0.5 1.28907895088 -0.11037501166 1 Juan  89.83747644899995 0.066 0.409211935441 0.899453962542 1 1 4 0.24 1
33 3 6 0 0 8.3385 0.5 1.68522000313 -0.210295394868 1 Juan  92.23811915900023 0.066 0.381997818758 1.395515398 1 1 4 0.24 0
34 3 6 0 0 6.867 0.5 2.14768695831 -0.0360700292626 1 Juan  95.04217051100022 0.066 0.500306421041 1.68375698758 1 1 4 0.24 0
35 3 4.5 0 1 11.2815 0.5 1.29879999161 0.014673304646 1 Juan  98.28951279699959 0.066 0.363679992398 0.784126686962 1 1 4 0.24 1
36 4 4.5 0 0 6.867 0.5 1.71964812279 -0.0546827520317 1 Juan  100.69123463100004 0.066 0.337041206151 1.27433087482 1 1 4 0.24 0
37 4 6 0 1 12.753 0.5 1.35137701035 -0.0706796774773 1 Juan  103.52098849199956 0.066 0.418311170356 0.922056687823 1 1 4 0.24 1
38 3 4.5 0 0 12.753 0.5 1.25124502182 0.0562302846927 1 Juan  105.97540683700026 0.066 0.17857999242 0.695014737127 1 1 4 0.24 0
39 4 4.5 0 1 8.3385 0.5 1.49163103104 -0.0629311980184 1 Juan  108.33959645499999 0.066 0.492133928728 1.05456222905 1 1 4 0.24 1
40 4 6 0 1 9.81 0.5 1.63384890556 -0.0577070331786 1 Juan  110.93958335000025 0.066 0.55397184006 1.19155593874 1 1 4 0.24 1
41 4 4.5 0 0 8.3385 0.5 1.62980484962 0.0752426205699 1 Juan  113.68052313599947 0.066 0.293880263957 1.05456222905 1 1 4 0.24 0
42 3 4.5 0 0 8.3385 0.5 1.55170297623 -0.00285925282796 1 Juan  116.44534384999952 0.066 0.271049866384 1.05456222905 1 1 4 0.24 0
43 4 6 0 1 6.867 0.5 2.01445102692 -0.169305960659 1 Juan  119.10885022099956 0.066 0.812710872745 1.68375698758 1 1 4 0.24 1
44 3 6 0 0 11.2815 0.5 1.70041704178 0.16079515216 1 Juan  122.24227658099971 0.066 0.295595576247 1.03962188962 1 1 4 0.24 0
45 3 6 0 1 12.753 0.5 1.40858793259 -0.0134687552361 1 Juan  125.03828583599989 0.066 0.454014606569 0.922056687823 1 1 4 0.24 1
46 3 6 0 1 11.2815 0.5 1.57737588882 0.0377539992062 1 Juan  127.56179021200023 0.066 0.479185538581 1.03962188962 1 1 4 0.24 1
47 3 6 0 1 9.81 0.5 1.59072899818 -0.100826940558 1 Juan  130.24309821099996 0.066 0.539471192466 1.19155593874 1 1 4 0.24 1
48 3 6 0 1 6.867 0.5 2.1836400032 -0.000116984371193 1 Juan  132.93820860100004 0.066 0.7828806811 1.68375698758 1 1 4 0.24 1
49 4 6 0 0 12.753 0.5 1.46913719177 0.0470805039497 1 Juan  136.21649129900015 0.066 0.26351662138 0.922056687823 1 1 4 0.24 0
50 4 4.5 0 1 11.2815 0.5 1.35163116455 0.0675044775891 1 Juan  138.81491191999976 0.066 0.361101634853 0.784126686962 1 1 4 0.24 1
51 4 4.5 0 1 8.3385 0.5 1.58564591408 0.031083685023 1 Juan  141.25570822999998 0.066 0.47626131289 1.05456222905 1 1 4 0.24 1
52 4 4.5 0 0 11.2815 0.5 1.55045390129 0.266327214329 1 Juan  143.94369585200002 0.066 0.197747023316 0.784126686962 1 1 4 0.24 0
53 3 4.5 0 0 6.867 0.5 1.72399401665 -0.0503368581718 1 Juan  146.60632527899998 0.066 0.362822164338 1.27433087482 1 1 4 0.24 0
54 4 6 0 1 11.2815 0.5 1.55015206337 0.0105301737515 1 Juan  149.42057954699976 0.066 0.493423165095 1.03962188962 1 1 4 0.24 1
55 4 6 0 0 9.81 0.5 1.59696793556 -0.0945880031798 1 Juan  152.07119417400008 0.066 0.340001483278 1.19155593874 1 1 4 0.24 0
56 3 4.5 0 1 6.867 0.5 1.7136361599 -0.0606947149223 1 Juan  154.7961078319995 0.066 0.594457192519 1.27433087482 1 1 4 0.24 1
57 4 6 0 0 11.2815 0.5 1.62265086174 0.0830289721219 1 Juan  157.61589100399942 0.066 0.28234435247 1.03962188962 1 1 4 0.24 0
58 3 6 0 0 12.753 0.5 1.41732192039 -0.00473476742791 1 Juan  160.34093153599952 0.066 0.253749925146 0.922056687823 1 1 4 0.24 0
59 4 4.5 0 1 6.867 0.5 1.56831002235 -0.206020852465 1 Juan  162.88132199400025 0.066 0.629812742768 1.27433087482 1 1 4 0.24 1
60 4 4.5 0 0 12.753 0.5 1.23856711388 0.0435523767489 1 Juan  165.55698881399985 0.066 0.20594435969 0.695014737127 1 1 4 0.24 0
61 3 6 0 0 9.81 0.5 1.71501398087 0.0234580421235 1 Juan  167.8931672939998 0.066 0.32323233299 1.19155593874 1 1 4 0.24 0
62 4 4.5 0 0 6.867 0.5 1.84322595596 0.068895081144 1 Juan  170.72014164600023 0.066 0.348339441029 1.27433087482 1 1 4 0.24 0
63 3 4.5 0 0 9.81 0.5 1.43617296219 0.0367189996469 1 Juan  173.67047027399985 0.066 0.269626353486 0.899453962542 1 1 4 0.24 0
64 3 6 0 0 6.867 0.5 2.20008206367 0.0163250760994 1 Juan  176.21144014899983 0.066 0.492256208849 1.68375698758 1 1 4 0.24 0
65 4 4.5 0 1 12.753 0.5 1.26444196701 0.0694272298831 1 Juan  179.51455434800027 0.066 0.327428783785 0.695014737127 1 1 4 0.24 1
66 3 4.5 0 0 12.753 0.5 1.30779385567 0.11277911854 1 Juan  181.89422846900015 0.066 0.199302959519 0.695014737127 1 1 4 0.24 0
67 3 4.5 0 1 8.3385 0.5 1.51731395721 -0.0372482718404 1 Juan  184.32799662399975 0.066 0.506110492761 1.05456222905 1 1 4 0.24 1
68 3 4.5 0 1 12.753 0.5 1.32188487053 0.126870133402 1 Juan  186.95308122400002 0.066 0.321025687267 0.695014737127 1 1 4 0.24 1
69 4 4.5 0 0 9.81 0.5 1.42253804207 0.0230840795267 1 Juan  189.39247380399956 0.066 0.248534349817 0.899453962542 1 1 4 0.24 0
70 3 4.5 0 0 11.2815 0.5 1.42651796341 0.142391276448 1 Juan  191.92007085800014 0.066 0.197709426054 0.784126686962 1 1 4 0.24 0
71 3 6 0 0 8.3385 0.5 1.91873192787 0.0232165298756 1 Juan  194.44458028499957 0.066 0.405082948479 1.395515398 1 1 4 0.24 0
72 4 6 0 1 8.3385 0.5 1.95762395859 0.0621085605916 1 Juan  197.4900315469995 0.066 0.641979056587 1.395515398 1 1 4 0.24 1
73 3 6 0 1 8.3385 0.5 1.80705595016 -0.0884594478313 1 Juan  200.5498828059999 0.066 0.658820696387 1.395515398 1 1 4 0.24 1
74 4 6 0 0 8.3385 0.5 1.68396782875 -0.211547569245 1 Juan  203.4907944710003 0.066 0.36688873063 1.395515398 1 1 4 0.24 0
75 4 4.5 0 1 9.81 0.5 1.46168494225 0.0622309797037 1 Juan  206.2944441339996 0.066 0.439374748182 0.899453962542 1 1 4 0.24 1
76 4 6 0 1 12.753 0.5 1.48314094543 0.0610842576118 1 Juan  208.87098914199942 0.066 0.425691143682 0.922056687823 1 1 4 0.24 1
77 3 4.5 0 1 9.81 0.5 1.4341199398 0.0346659772623 1 Juan  211.46464511900012 0.066 0.431205978068 0.899453962542 1 1 4 0.24 1
78 3 4.5 0 1 11.2815 0.5 1.40595507622 0.121828389256 1 Juan  214.03344698899946 0.066 0.385542021428 0.784126686962 1 1 4 0.24 1
79 4 6 0 0 6.867 0.5 2.28629517555 0.102538187977 1 Juan  216.54180796399942 0.066 0.454366192092 1.68375698758 1 1 4 0.24 0
80 3 4.5 0 1 8.3385 0.5 1.58031105995 0.025748830897 1 Juan  219.93849720100025 0.066 0.47710261651 1.05456222905 1 1 4 0.24 1
81 3 6 0 1 9.81 0.5 1.7074098587 0.0158539199616 1 Juan  222.6241159330002 0.066 0.549677993462 1.19155593874 1 1 4 0.24 1
82 3 4.5 0 0 8.3385 0.5 1.66106510162 0.106502872569 1 Juan  225.47291468099957 0.066 0.274025574578 1.05456222905 1 1 4 0.24 0
83 4 6 0 1 12.753 0.5 1.38078403473 -0.0412726530938 1 Juan  228.21748419100004 0.066 0.440080865126 0.922056687823 1 1 4 0.24 1
84 4 4.5 0 0 11.2815 0.5 1.34436297417 0.0602362872052 1 Juan  230.691769948 0.066 0.202222839799 0.784126686962 1 1 4 0.24 0
85 3 4.5 0 1 11.2815 0.5 1.37781310081 0.0936864138531 1 Juan  233.1462674710001 0.066 0.372984850958 0.784126686962 1 1 4 0.24 1
86 4 6 0 0 11.2815 0.5 1.48211598396 -0.0575059056552 1 Juan  235.6478386709996 0.066 0.303382812695 1.03962188962 1 1 4 0.24 0
87 3 4.5 0 0 9.81 0.5 1.34400892258 -0.0554450399649 1 Juan  238.2474948859999 0.066 0.241093147519 0.899453962542 1 1 4 0.24 0
88 3 6 0 1 8.3385 0.5 1.82607293129 -0.0694424667064 1 Juan  240.69338648800021 0.066 0.65788464942 1.395515398 1 1 4 0.24 1
89 4 6 0 1 6.867 0.5 1.97140407562 -0.212352911953 1 Juan  243.6329330059998 0.066 0.802191637602 1.68375698758 1 1 4 0.24 1
90 4 4.5 0 1 9.81 0.5 71.6656858921 70.2662319296 1 Juan  317.48634638600015 0.066 0.444631710273 0.899453962542 1 1 4 0.24 1
91 4 4.5 0 0 12.753 0.5 71.6656858921 70.2662319296 1 Juan  318.7781448249998 0.066 0.193963011072 0.695014737127 1 1 4 0.24 0
92 3 6 0 1 11.2815 0.5 71.6656858921 70.2662319296 1 Juan  319.3303326129999 0.066 0.518064772483 1.03962188962 1 1 4 0.24 1
93 4 4.5 0 0 8.3385 0.5 1.67844295502 0.123880725962 1 Juan  319.4989492659997 0.066 0.270415414869 1.05456222905 1 1 4 0.24 0
94 3 4.5 0 1 9.81 0.5 1.42606806755 0.0266141050089 1 Juan  322.32668777599974 0.066 0.439452164437 0.899453962542 1 1 4 0.24 1
95 4 6 0 1 9.81 0.5 1.71639108658 0.0248351478364 1 Juan  324.86326462299985 0.066 0.566836992421 1.19155593874 1 1 4 0.24 1
96 3 6 0 1 12.753 0.5 1.49245285988 0.0703961720557 1 Juan  327.6762049509998 0.066 0.440780429185 0.922056687823 1 1 4 0.24 1
97 4 4.5 0 0 6.867 0.5 1.85351800919 0.0791871343666 1 Juan  330.2745316589999 0.066 0.353930963025 1.27433087482 1 1 4 0.24 0
98 3 4.5 0 0 6.867 0.5 1.81230998039 0.0379791055733 1 Juan  333.248519238 0.066 0.355184147396 1.27433087482 1 1 4 0.24 0
99 4 6 0 0 8.3385 0.5 1.86075401306 -0.0347613849345 1 Juan  336.1559177910003 0.066 0.407111307692 1.395515398 1 1 4 0.24 0
100 4 4.5 0 0 9.81 0.5 1.58799600601 0.18854204347 1 Juan  339.1175779089999 0.066 0.259022838712 0.899453962542 1 1 4 0.24 0
101 4 4.5 0 1 6.867 0.5 1.54058980942 -0.233741065401 1 Juan  341.82686011199985 0.066 0.631886744367 1.27433087482 1 1 4 0.24 1
102 4 6 0 0 6.867 0.5 2.2072930336 0.0235360460243 1 Juan  344.4843168469997 0.066 0.422123736537 1.68375698758 1 1 4 0.24 0
103 3 4.5 0 1 12.753 0.5 1.28035187721 0.0853371400851 1 Juan  347.7951993759998 0.066 0.321946421746 0.695014737127 1 1 4 0.24 1
104 4 4.5 0 1 12.753 0.5 1.21378207207 0.0187673349399 1 Juan  350.18368316600026 0.066 0.317410604026 0.695014737127 1 1 4 0.24 1
105 3 4.5 0 0 12.753 0.5 1.19405794144 -0.000956795690632 1 Juan  352.5131714879999 0.066 0.206178004 0.695014737127 1 1 4 0.24 0
106 3 6 0 0 12.753 0.5 1.44192099571 0.0198643078895 1 Juan  354.806395738 0.066 0.253662859212 0.922056687823 1 1 4 0.24 0
107 4 6 0 0 12.753 0.5 1.43668293953 0.0146262517066 1 Juan  357.3601729330003 0.066 0.275262580558 0.922056687823 1 1 4 0.24 0
108 3 4.5 0 1 6.867 0.5 1.63240814209 -0.141922732729 1 Juan  359.90954000500005 0.066 0.598804457391 1.27433087482 1 1 4 0.24 1
109 3 4.5 0 0 11.2815 0.5 1.28912401199 0.00499732503169 1 Juan  362.68288112699975 0.066 0.216706084092 0.784126686962 1 1 4 0.24 0
110 3 6 0 1 6.867 0.5 2.12939214706 -0.0543648405113 1 Juan  365.0677334510001 0.066 0.785874090776 1.68375698758 1 1 4 0.24 1
111 4 6 0 1 8.3385 0.5 1.83673810959 -0.0587772884074 1 Juan  368.30456617300024 0.066 0.669755973252 1.395515398 1 1 4 0.24 1
112 4 4.5 0 1 8.3385 0.5 1.39722704887 -0.157335180181 1 Juan  371.25070352700004 0.066 0.507725933471 1.05456222905 1 1 4 0.24 1
113 3 6 0 0 9.81 0.5 1.72954416275 0.0379882240083 1 Juan  373.75291613599984 0.066 0.323705039714 1.19155593874 1 1 4 0.24 0
114 4 4.5 0 1 11.2815 0.5 1.25161194801 -0.0325147389484 1 Juan  376.5794342959998 0.066 0.378975952139 0.784126686962 1 1 4 0.24 1
115 4 6 0 1 11.2815 0.5 1.42360901833 -0.116012871292 1 Juan  378.9399104189997 0.066 0.485773618945 1.03962188962 1 1 4 0.24 1
116 3 6 0 0 8.3385 0.5 1.97287201881 0.077356620818 1 Juan  381.47354574400015 0.066 0.368089057122 1.395515398 1 1 4 0.24 0
117 4 6 0 0 9.81 0.5 1.70151782036 0.00996188161631 1 Juan  384.56952227500005 0.066 0.346154040225 1.19155593874 1 1 4 0.24 0
118 3 6 0 0 6.867 0.5 2.20254516602 0.0187881784401 1 Juan  387.37334032299987 0.066 0.44154174802 1.68375698758 1 1 4 0.24 0
119 3 6 0 0 11.2815 0.5 1.43871712685 -0.100904762772 1 Juan  390.70152189799956 0.066 0.296133141396 1.03962188962 1 1 4 0.24 0
120 3 6 0 1 8.3385 0.5 1.83378195763 -0.0617334403697 1 Juan  393.2142238589995 0.066 0.685746110915 1.395515398 1 1 4 0.24 1
121 3 6 0 0 11.2815 0.5 1.51570701599 -0.023914873627 1 Juan  396.16070965400013 0.066 0.265725449792 1.03962188962 1 1 4 0.24 0
122 4 4.5 0 0 12.753 0.5 1.22258114815 0.0275664110202 1 Juan  398.7985415920002 0.066 0.204114712335 0.695014737127 1 1 4 0.24 0
123 4 4.5 0 1 6.867 0.5 1.69436812401 -0.079962750811 1 Juan  401.1323928900001 0.066 0.609687206624 1.27433087482 1 1 4 0.24 1
124 3 6 0 1 6.867 0.5 2.19866895676 0.0149119691811 1 Juan  403.95461842199984 0.066 0.762376354806 1.68375698758 1 1 4 0.24 1
125 3 4.5 0 1 6.867 0.5 1.79379987717 0.0194690023476 1 Juan  407.27211387900024 0.066 0.613475885128 1.27433087482 1 1 4 0.24 1
126 4 6 0 1 11.2815 0.5 1.45859003067 -0.0810318589481 1 Juan  410.196432488 0.066 0.481944118162 1.03962188962 1 1 4 0.24 1
127 4 4.5 0 0 8.3385 0.5 1.45066690445 -0.103895324605 1 Juan  412.7653832400001 0.066 0.283799799893 1.05456222905 1 1 4 0.24 0
128 3 6 0 0 8.3385 0.5 1.90401101112 0.00849561312759 1 Juan  415.3236752769999 0.066 0.405007952342 1.395515398 1 1 4 0.24 0
129 3 4.5 0 0 9.81 0.5 1.43507289886 0.0356189363229 1 Juan  418.3335560759997 0.066 0.254567274461 0.899453962542 1 1 4 0.24 0
130 3 6 0 1 9.81 0.5 1.76831698418 0.0767610454347 1 Juan  420.89026595699943 0.066 0.541438680763 1.19155593874 1 1 4 0.24 1
131 4 6 0 1 12.753 0.5 1.54061484337 0.118558155546 1 Juan  423.7680019210002 0.066 0.430386182718 0.922056687823 1 1 4 0.24 1
132 4 6 0 0 9.81 0.5 1.78546905518 0.0939131164338 1 Juan  426.40971645900026 0.066 0.318549417554 1.19155593874 1 1 4 0.24 0
133 4 4.5 0 1 12.753 0.5 1.37310695648 0.178092219355 1 Juan  429.30780287000016 0.066 0.335965096464 0.695014737127 1 1 4 0.24 1
134 4 4.5 0 0 6.867 0.5 1.7091448307 -0.0651860441154 1 Juan  431.79008364499987 0.066 0.32855365109 1.27433087482 1 1 4 0.24 0
135 3 4.5 0 1 9.81 0.5 1.4443218708 0.044867908262 1 Juan  434.60802835399954 0.066 0.416453810573 0.899453962542 1 1 4 0.24 1
136 3 4.5 0 0 6.867 0.5 1.80218195915 0.0278510843331 1 Juan  437.1584896679997 0.066 0.326816505638 1.27433087482 1 1 4 0.24 0
137 4 6 0 1 6.867 0.5 2.17233991623 -0.0114170713463 1 Juan  440.06633813699955 0.066 0.762488841123 1.68375698758 1 1 4 0.24 1
138 3 4.5 0 1 8.3385 0.5 1.46213912964 -0.0924230994161 1 Juan  443.36358375500004 0.066 0.511492444763 1.05456222905 1 1 4 0.24 1
139 4 6 0 1 8.3385 0.5 1.830919981 -0.0645954169933 1 Juan  445.9357346930001 0.066 0.695191621208 1.395515398 1 1 4 0.24 1
140 4 6 0 0 12.753 0.5 1.55916595459 0.137109266767 1 Juan  448.8965516119997 0.066 0.249847627095 0.922056687823 1 1 4 0.24 0
141 4 4.5 0 1 8.3385 0.5 1.46073007584 -0.0938321532186 1 Juan  451.5639285139996 0.066 0.485420847695 1.05456222905 1 1 4 0.24 1
142 3 4.5 0 0 8.3385 0.5 1.59443807602 0.0398758469645 1 Juan  454.1696627809997 0.066 0.30924914305 1.05456222905 1 1 4 0.24 0
143 4 4.5 0 1 9.81 0.5 1.41187310219 0.0124191396463 1 Juan  456.8454742819995 0.066 0.434294562606 0.899453962542 1 1 4 0.24 1
144 3 4.5 0 1 11.2815 0.5 1.22970700264 -0.0544196843219 1 Juan  459.3932739689999 0.066 0.386023404882 0.784126686962 1 1 4 0.24 1
145 4 6 0 1 9.81 0.5 1.63215303421 -0.0594029045318 1 Juan  461.73780636599986 0.066 0.591052377474 1.19155593874 1 1 4 0.24 1
146 4 6 0 0 11.2815 0.5 1.54440784454 0.00478595492523 1 Juan  464.4894578200001 0.066 0.301606704552 1.03962188962 1 1 4 0.24 0
147 3 6 0 0 12.753 0.5 1.42187213898 -0.000184548845758 1 Juan  467.145475585 0.066 0.274764588806 0.922056687823 1 1 4 0.24 0
148 3 6 0 1 12.753 0.5 1.4888420105 0.0667853226752 1 Juan  469.6724885679996 0.066 0.438879045312 0.922056687823 1 1 4 0.24 1
149 3 6 0 0 6.867 0.5 2.20397782326 0.0202208356819 1 Juan  472.2740253809998 0.066 0.479219707625 1.68375698758 1 1 4 0.24 0
150 4 4.5 0 0 11.2815 0.5 1.3579750061 0.0738483191418 1 Juan  475.5932131039999 0.066 0.205458007357 0.784126686962 1 1 4 0.24 0
151 3 6 0 1 11.2815 0.5 1.58813905716 0.0485171675412 1 Juan  478.07284895999965 0.066 0.513649560626 1.03962188962 1 1 4 0.24 1
152 4 4.5 0 1 11.2815 0.5 1.36298489571 0.0788582087445 1 Juan  480.790482161 0.066 0.363068552386 0.784126686962 1 1 4 0.24 1
153 3 4.5 0 1 12.753 0.5 1.19275903702 -0.00225570010958 1 Juan  483.2554730820002 0.066 0.336151133951 0.695014737127 1 1 4 0.24 1
154 3 4.5 0 0 11.2815 0.5 1.36803913116 0.0839124442028 1 Juan  485.57523282500006 0.066 0.203602670275 0.784126686962 1 1 4 0.24 0
155 4 4.5 0 0 9.81 0.5 1.37626099586 -0.0231929666769 1 Juan  488.0430054509998 0.066 0.239907349881 0.899453962542 1 1 4 0.24 0
156 4 6 0 0 8.3385 0.5 2.02997612953 0.134460731536 1 Juan  490.53343534800024 0.066 0.38743710869 1.395515398 1 1 4 0.24 0
157 3 6 0 0 9.81 0.5 1.82349491119 0.131938972452 1 Juan  493.67633142900013 0.066 0.334887650374 1.19155593874 1 1 4 0.24 0
158 3 4.5 0 0 12.753 0.5 1.28947496414 0.0944602270144 1 Juan  496.6221670980003 0.066 0.201884891723 0.695014737127 1 1 4 0.24 0
159 4 6 0 0 6.867 0.5 2.21712613106 0.0333691434822 1 Juan  499.029888434 0.066 0.484795812485 1.68375698758 1 1 4 0.24 0
160 4 6 0 0 12.753 0.5 1.44066500664 0.0186083188148 1 Juan  502.37522745000024 0.066 0.257144817313 0.922056687823 1 1 4 0.24 0
161 3 6 0 0 8.3385 0.5 1.88278985023 -0.0127255477611 1 Juan  504.91820522299986 0.066 0.416918436699 1.395515398 1 1 4 0.24 0
162 4 6 0 0 8.3385 0.5 1.87574410439 -0.0197712936107 1 Juan  507.9308335579999 0.066 0.384399273505 1.395515398 1 1 4 0.24 0
163 3 6 0 1 6.867 0.5 2.03859186172 -0.145165125851 1 Juan  510.90477126399946 0.066 0.767966532435 1.68375698758 1 1 4 0.24 1
164 4 4.5 0 1 9.81 0.5 1.38982582092 -0.00962814161894 1 Juan  514.0301954719998 0.066 0.437338639682 0.899453962542 1 1 4 0.24 1
165 4 6 0 1 6.867 0.5 1.98786497116 -0.195892016415 1 Juan  516.5215861460001 0.066 0.789392272278 1.68375698758 1 1 4 0.24 1
166 3 6 0 0 12.753 0.5 1.44596886635 0.0239121785255 1 Juan  519.6200486830003 0.066 0.25874293849 0.922056687823 1 1 4 0.24 0
167 4 6 0 1 9.81 0.5 1.60383892059 -0.0877170181487 1 Juan  522.1825993330003 0.066 0.548815969364 1.19155593874 1 1 4 0.24 1
168 3 6 0 0 9.81 0.5 1.76171112061 0.0701551818635 1 Juan  524.8868858400001 0.066 0.343603031917 1.19155593874 1 1 4 0.24 0
169 3 4.5 0 0 12.753 0.5 1.29137301445 0.0963582773227 1 Juan  527.747921653 0.066 0.20826915599 0.695014737127 1 1 4 0.24 0
170 4 6 0 0 6.867 0.5 2.20276093483 0.0190039472542 1 Juan  530.1748610140003 0.066 0.493832459388 1.68375698758 1 1 4 0.24 0
171 3 4.5 0 1 11.2815 0.5 1.34828591347 0.0641592265057 1 Juan  533.4757073479996 0.066 0.371585735971 0.784126686962 1 1 4 0.24 1
172 3 6 0 0 11.2815 0.5 1.59893202782 0.0593101381985 1 Juan  535.9650674459999 0.066 0.301819893934 1.03962188962 1 1 4 0.24 0
173 3 4.5 0 0 9.81 0.5 1.57399296761 0.174539005064 1 Juan  538.6693429520001 0.066 0.264658523689 0.899453962542 1 1 4 0.24 0
174 3 4.5 0 1 8.3385 0.5 1.55111384392 -0.00344838513692 1 Juan  541.3869095379996 0.066 0.507682113378 1.05456222905 1 1 4 0.24 1
175 4 4.5 0 0 8.3385 0.5 1.7267100811 0.172147852046 1 Juan  544.0510801099999 0.066 0.26424558884 1.05456222905 1 1 4 0.24 0
176 4 4.5 0 0 9.81 0.5 1.49205493927 0.0926009767282 1 Juan  546.887380567 0.066 0.252242254503 0.899453962542 1 1 4 0.24 0
177 3 6 0 1 8.3385 0.5 1.83391904831 -0.0615963496867 1 Juan  549.494004833 0.066 0.654631721587 1.395515398 1 1 4 0.24 1
178 4 6 0 0 11.2815 0.5 1.70004200935 0.160420119735 1 Juan  552.4141097299998 0.066 0.277076938843 1.03962188962 1 1 4 0.24 0
179 4 4.5 0 1 6.867 0.5 1.69967889786 -0.0746519769615 1 Juan  555.2157634129999 0.066 0.621887906596 1.27433087482 1 1 4 0.24 1
180 3 4.5 0 0 8.3385 0.5 1.61895298958 0.0643907605235 1 Juan  558.0432515800003 0.066 0.271647461874 1.05456222905 1 1 4 0.24 0
181 3 6 0 1 11.2815 0.5 1.61643815041 0.0768162607877 1 Juan  560.7830401370002 0.066 0.496066716459 1.03962188962 1 1 4 0.24 1
182 3 6 0 0 6.867 0.5 2.17735004425 -0.00640694332505 1 Juan  563.5032498539995 0.066 0.442733818992 1.68375698758 1 1 4 0.24 0
183 3 4.5 0 1 6.867 0.5 1.93413591385 0.15980503903 1 Juan  566.7725941509998 0.066 0.621694275925 1.27433087482 1 1 4 0.24 1
184 4 4.5 0 1 8.3385 0.5 1.55211901665 -0.00244321240742 1 Juan  569.8387000089997 0.066 0.47720844051 1.05456222905 1 1 4 0.24 1
185 3 4.5 0 1 9.81 0.5 1.78044295311 0.380988990568 1 Juan  572.5088346579996 0.066 0.414374681224 0.899453962542 1 1 4 0.24 1
186 3 4.5 0 1 12.753 0.5 1.25467205048 0.0596573133487 1 Juan  575.4129715409999 0.066 0.333372421831 0.695014737127 1 1 4 0.24 1
187 4 6 0 1 8.3385 0.5 1.68045306206 -0.215062335939 1 Juan  577.7745216009998 0.066 0.65310489423 1.395515398 1 1 4 0.24 1
188 3 4.5 0 0 6.867 0.5 1.87295889854 0.0986280237251 1 Juan  580.5786226589998 0.066 0.348974735139 1.27433087482 1 1 4 0.24 0
189 4 4.5 0 0 6.867 0.5 1.80435705185 0.0300261770302 1 Juan  583.5720744529999 0.066 0.3342647066 1.27433087482 1 1 4 0.24 0
190 4 6 0 1 11.2815 0.5 1.4723110199 -0.0673108697208 1 Juan  586.4687311939997 0.066 0.516095996597 1.03962188962 1 1 4 0.24 1
191 4 4.5 0 1 12.753 0.5 1.23638486862 0.0413701314944 1 Juan  589.0588700299995 0.066 0.341852404767 0.695014737127 1 1 4 0.24 1
192 4 6 0 0 9.81 0.5 1.66862082481 -0.0229351139281 1 Juan  591.4245667260002 0.066 0.331264866084 1.19155593874 1 1 4 0.24 0
193 3 4.5 0 0 11.2815 0.5 1.3276181221 0.0434914351391 1 Juan  594.2117344609997 0.066 0.220558815572 0.784126686962 1 1 4 0.24 0
194 3 6 0 1 9.81 0.5 1.62631487846 -0.0652410602782 1 Juan  596.6510719110001 0.066 0.577745751405 1.19155593874 1 1 4 0.24 1
195 4 4.5 0 0 11.2815 0.5 1.24754095078 -0.0365857361866 1 Juan  599.3505623350002 0.066 0.198227650875 0.784126686962 1 1 4 0.24 0
196 4 6 0 1 12.753 0.5 1.38633799553 -0.0357186922936 1 Juan  601.7372538729996 0.066 0.457885471514 0.922056687823 1 1 4 0.24 1
197 4 4.5 0 1 11.2815 0.5 1.22704601288 -0.0570806740833 1 Juan  604.232380556 0.066 0.375782340024 0.784126686962 1 1 4 0.24 1
198 3 6 0 1 12.753 0.5 1.33792304993 -0.0841336378961 1 Juan  606.5669178259996 0.066 0.415455259306 0.922056687823 1 1 4 0.24 1
199 4 4.5 0 0 12.753 0.5 1.38006186485 0.185047127726 1 Juan  608.9995081389998 0.066 0.190776525284 0.695014737127 1 1 4 0.24 0
200 3 6 0 1 12.753 0.5 1.44533920288 0.0232825150581 1 Juan  611.5002277670001 0.066 0.423140250494 0.922056687823 1 1 4 0.24 1
201 3 6 0 0 8.3385 0.5 1.89729213715 0.00177673914993 1 Juan  614.0420570779997 0.066 0.386579669824 1.395515398 1 1 4 0.24 0
202 4 6 0 0 11.2815 0.5 1.60904502869 0.0694231390683 1 Juan  617.046801601 0.066 0.281603719611 1.03962188962 1 1 4 0.24 0
203 4 4.5 0 0 8.3385 0.5 1.41003799438 -0.14452423467 1 Juan  619.760516667 0.066 0.295306938753 1.05456222905 1 1 4 0.24 0
204 4 4.5 0 0 6.867 0.5 1.635201931 -0.139128943819 1 Juan  622.2791652799997 0.066 0.360147562417 1.27433087482 1 1 4 0.24 0
205 3 4.5 0 0 12.753 0.5 1.29549789429 0.10048315716 1 Juan  625.0524728089995 0.066 0.207263422137 0.695014737127 1 1 4 0.24 0
206 3 4.5 0 0 11.2815 0.5 1.27516412735 -0.00896255961186 1 Juan  627.4652697849997 0.066 0.20341003572 0.784126686962 1 1 4 0.24 0
207 4 6 0 1 12.753 0.5 1.42564797401 0.00359128619147 1 Juan  629.8626356120003 0.066 0.447432011517 0.922056687823 1 1 4 0.24 1
208 4 6 0 1 9.81 0.5 1.58727097511 -0.104284963629 1 Juan  632.4041194390002 0.066 0.547328911724 1.19155593874 1 1 4 0.24 1
209 3 6 0 0 9.81 0.5 1.59263801575 -0.0989179229949 1 Juan  635.1162859010001 0.066 0.311675184353 1.19155593874 1 1 4 0.24 0
210 4 4.5 0 1 12.753 0.5 1.1376349926 -0.0573797445279 1 Juan  637.7975864099999 0.066 0.316281460723 0.695014737127 1 1 4 0.24 1
211 3 4.5 0 1 9.81 0.5 1.2993619442 -0.100092018343 1 Juan  640.0318180229997 0.066 0.427621847428 0.899453962542 1 1 4 0.24 1
212 3 4.5 0 1 12.753 0.5 1.27477097511 0.0797562379855 1 Juan  642.4270253590003 0.066 0.320056342109 0.695014737127 1 1 4 0.24 1
213 3 4.5 0 0 6.867 0.5 1.76277518272 -0.0115556920952 1 Juan  644.8280136140002 0.066 0.380901339374 1.27433087482 1 1 4 0.24 0
214 3 4.5 0 1 8.3385 0.5 1.44526982307 -0.10929240598 1 Juan  647.6942240460003 0.066 0.503015836401 1.05456222905 1 1 4 0.24 1
215 3 6 0 0 6.867 0.5 2.15772986412 -0.0260271234551 1 Juan  650.2644772399999 0.066 0.432754612703 1.68375698758 1 1 4 0.24 0
216 3 4.5 0 0 8.3385 0.5 1.54574799538 -0.00881423367818 1 Juan  653.5366762000003 0.066 0.270742858827 1.05456222905 1 1 4 0.24 0
217 3 6 0 0 12.753 0.5 1.42803096771 0.00597427988959 1 Juan  656.2023712990003 0.066 0.245453348741 0.922056687823 1 1 4 0.24 0
218 4 4.5 0 1 8.3385 0.5 1.47552204132 -0.079040187734 1 Juan  658.7582235889995 0.066 0.481230282824 1.05456222905 1 1 4 0.24 1
219 3 6 0 1 11.2815 0.5 1.59088587761 0.051263987991 1 Juan  661.3657821979996 0.066 0.483036522972 1.03962188962 1 1 4 0.24 1
220 4 4.5 0 1 11.2815 0.5 1.21789193153 -0.0662347554279 1 Juan  664.0477707279997 0.066 0.385736978974 0.784126686962 1 1 4 0.24 1
221 4 6 0 0 9.81 0.5 1.76299595833 0.0714400195863 1 Juan  666.3857684969998 0.066 0.333455752833 1.19155593874 1 1 4 0.24 0
222 4 4.5 0 1 6.867 0.5 1.62608599663 -0.148244878191 1 Juan  669.2686002179998 0.066 0.590788337588 1.27433087482 1 1 4 0.24 1
223 4 6 0 0 12.753 0.5 1.45884895325 0.0367922654243 1 Juan  671.9802204919997 0.066 0.267260683568 0.922056687823 1 1 4 0.24 0
224 3 6 0 0 11.2815 0.5 3.3868021965 1.84718030688 1 Juan  674.5594892890003 0.066 0.300185395461 1.03962188962 1 1 4 0.24 0
225 4 6 0 1 8.3385 0.5 1.68325781822 -0.212257579774 1 Juan  679.0487340439995 0.066 0.649962280734 1.395515398 1 1 4 0.24 1
226 4 4.5 0 0 12.753 0.5 1.21904420853 0.0240294713992 1 Juan  681.8274139949999 0.066 0.181285454961 0.695014737127 1 1 4 0.24 0
227 4 4.5 0 1 9.81 0.5 1.41652703285 0.0170730703104 1 Juan  684.1653151609999 0.066 0.434673738268 0.899453962542 1 1 4 0.24 1
228 3 4.5 0 1 11.2815 0.5 1.29661417007 0.0124874831127 1 Juan  686.710389412 0.066 0.384826880114 0.784126686962 1 1 4 0.24 1
229 3 6 0 1 6.867 0.5 2.10107803345 -0.0826789541283 1 Juan  689.1289274479996 0.066 0.825855375091 1.68375698758 1 1 4 0.24 1
230 3 6 0 1 8.3385 0.5 1.89947009087 0.00395469287002 1 Juan  692.3235912339997 0.066 0.645820137084 1.395515398 1 1 4 0.24 1
231 4 4.5 0 0 11.2815 0.5 1.29091095924 0.00678427228206 1 Juan  695.3191729170003 0.066 0.233701028946 0.784126686962 1 1 4 0.24 0
232 3 4.5 0 0 9.81 0.5 1.35753512383 -0.0419188387167 1 Juan  697.719351533 0.066 0.267181944623 0.899453962542 1 1 4 0.24 0
233 4 6 0 1 6.867 0.5 2.11256098747 -0.071196000103 1 Juan  700.1983738729996 0.066 0.799835965832 1.68375698758 1 1 4 0.24 1
234 3 4.5 0 1 6.867 0.5 1.69837379456 -0.0759570802635 1 Juan  703.4125055819995 0.066 0.607289852698 1.27433087482 1 1 4 0.24 1
235 4 6 0 0 6.867 0.5 2.22433400154 0.0405770139656 1 Juan  706.2468540899999 0.066 0.472569365038 1.68375698758 1 1 4 0.24 0
236 4 4.5 0 0 9.81 0.5 1.45951294899 0.0600589864481 1 Juan  709.5729055319998 0.066 0.265785391698 0.899453962542 1 1 4 0.24 0
237 4 6 0 0 8.3385 0.5 1.86620807648 -0.029307321519 1 Juan  712.1615962559999 0.066 0.355909740294 1.395515398 1 1 4 0.24 0
238 4 6 0 1 11.2815 0.5 1.54831004143 0.00868815180938 1 Juan  715.139489352 0.066 0.516892466862 1.03962188962 1 1 4 0.24 1
239 3 6 0 1 9.81 0.5 1.75003290176 0.058476963022 1 Juan  717.8007983239995 0.066 0.558394556152 1.19155593874 1 1 4 0.24 1
240 3 6 0 1 12.753 0.5 1.39724802971 -0.0248086581139 1 Juan  720.6574732890003 0.066 0.435336446055 0.922056687823 1 1 4 0.24 1
241 4 4.5 0 0 6.867 0.5 1.89708209038 0.122751215559 1 Juan  723.1693837960001 0.066 0.325393236578 1.27433087482 1 1 4 0.24 0
242 3 4.5 0 1 8.3385 0.5 1.42296695709 -0.131595271962 1 Juan  726.16507989 0.066 0.506726494087 1.05456222905 1 1 4 0.24 1
243 4 6 0 1 6.867 0.5 2.00822496414 -0.175532023434 1 Juan  728.7160003199997 0.066 0.838229537903 1.68375698758 1 1 4 0.24 1
244 4 4.5 0 0 11.2815 0.5 1.37692213058 0.092795443623 1 Juan  731.842009258 0.066 0.20596762683 0.784126686962 1 1 4 0.24 0
245 4 6 0 0 6.867 0.5 2.30478191376 0.121024926182 1 Juan  734.335562839 0.066 0.497628475245 1.68375698758 1 1 4 0.24 0
246 4 4.5 0 1 12.753 0.5 1.37373709679 0.178722359659 1 Juan  737.7399044799995 0.066 0.333424555877 0.695014737127 1 1 4 0.24 1
247 3 6 0 1 9.81 0.5 1.55085682869 -0.140699110052 1 Juan  740.2265159939998 0.066 0.54509739156 1.19155593874 1 1 4 0.24 1
248 3 4.5 0 0 9.81 0.5 1.45602488518 0.0565709226358 1 Juan  742.8903845189998 0.066 0.246331475452 0.899453962542 1 1 4 0.24 0
249 4 4.5 0 1 8.3385 0.5 1.48389911652 -0.0706631125386 1 Juan  745.465587015 0.066 0.525248211723 1.05456222905 1 1 4 0.24 1
250 3 4.5 0 0 8.3385 0.5 1.65219211578 0.0976298867289 1 Juan  748.087637099 0.066 0.274704023536 1.05456222905 1 1 4 0.24 0
251 4 4.5 0 0 8.3385 0.5 1.63931083679 0.0847486077372 1 Juan  750.8353151219999 0.066 0.2762069591 1.05456222905 1 1 4 0.24 0
252 4 4.5 0 1 9.81 0.5 1.48850703239 0.0890530698526 1 Juan  753.5838264269996 0.066 0.406891363283 0.899453962542 1 1 4 0.24 1
253 4 6 0 1 11.2815 0.5 1.52863192558 -0.0109899640353 1 Juan  756.2023843460001 0.066 0.489184336962 1.03962188962 1 1 4 0.24 1
254 3 4.5 0 0 6.867 0.5 1.77140688896 -0.00292398585737 1 Juan  758.883233906 0.066 0.372501931284 1.27433087482 1 1 4 0.24 0
255 4 6 0 0 9.81 0.5 1.78346419334 0.0919082546022 1 Juan  761.7108607330001 0.066 0.354709092786 1.19155593874 1 1 4 0.24 0
256 4 4.5 0 1 11.2815 0.5 1.33759117126 0.0534644843029 1 Juan  764.6131082450001 0.066 0.372437148533 0.784126686962 1 1 4 0.24 1
257 3 6 0 1 8.3385 0.5 2.07783412933 0.182318731337 1 Juan  767.0731720269996 0.066 0.664320578313 1.395515398 1 1 4 0.24 1
258 4 4.5 0 0 9.81 0.5 1.51997184753 0.120517884992 1 Juan  770.2749547020003 0.066 0.263095795436 0.899453962542 1 1 4 0.24 0
259 4 6 0 1 8.3385 0.5 1.79704809189 -0.0984673061076 1 Juan  772.9123911659999 0.066 0.646914501773 1.395515398 1 1 4 0.24 1
260 3 6 0 0 11.2815 0.5 1.60866999626 0.0690481066434 1 Juan  775.808551651 0.066 0.305940919434 1.03962188962 1 1 4 0.24 0
261 4 6 0 0 11.2815 0.5 1.6881210804 0.14849919078 1 Juan  778.5216737820001 0.066 0.274691793121 1.03962188962 1 1 4 0.24 0
262 3 4.5 0 1 9.81 0.5 1.44068098068 0.0412270181406 1 Juan  781.3041911729997 0.066 0.425774066777 0.899453962542 1 1 4 0.24 1
263 3 4.5 0 1 6.867 0.5 1.66556215286 -0.108768721957 1 Juan  783.8585551409997 0.066 0.618945848162 1.27433087482 1 1 4 0.24 1
264 4 6 0 0 12.753 0.5 1.43765497208 0.0155982842536 1 Juan  786.6494094259997 0.066 0.23633157582 0.922056687823 1 1 4 0.24 0
265 3 6 0 1 11.2815 0.5 1.69015717506 0.150535285446 1 Juan  789.1995940300003 0.066 0.514799527317 1.03962188962 1 1 4 0.24 1
266 3 6 0 0 9.81 0.5 1.82492685318 0.133370914438 1 Juan  792.0114311469997 0.066 0.32391767395 1.19155593874 1 1 4 0.24 0
267 3 6 0 0 8.3385 0.5 1.94710087776 0.0515854797658 1 Juan  794.9204872720002 0.066 0.369283927864 1.395515398 1 1 4 0.24 0
268 3 6 0 1 6.867 0.5 2.20137190819 0.0176149206123 1 Juan  797.9762917010003 0.066 0.772152574987 1.68375698758 1 1 4 0.24 1
269 4 4.5 0 1 6.867 0.5 1.87479615211 0.100465277296 1 Juan  801.2965797079996 0.066 0.616402806187 1.27433087482 1 1 4 0.24 1
270 3 6 0 0 6.867 0.5 2.19686508179 0.0131080942116 1 Juan  804.3098226800003 0.066 0.434043560491 1.68375698758 1 1 4 0.24 0
271 4 6 0 1 12.753 0.5 1.44673895836 0.024682270536 1 Juan  807.5977629179997 0.066 0.442625454166 0.922056687823 1 1 4 0.24 1
272 3 4.5 0 1 11.2815 0.5 1.32750988007 0.0433831931042 1 Juan  810.1656765429998 0.066 0.384963340514 0.784126686962 1 1 4 0.24 1
273 3 6 0 0 12.753 0.5 1.54026389122 0.118207203397 1 Juan  812.6083047490001 0.066 0.241144144947 0.922056687823 1 1 4 0.24 0
274 4 4.5 0 0 12.753 0.5 1.2162899971 0.0212752599734 1 Juan  815.2575334200001 0.066 0.18200590689 0.695014737127 1 1 4 0.24 0
275 3 4.5 0 1 12.753 0.5 1.32790899277 0.13289425564 1 Juan  817.5934529269998 0.066 0.333802266108 0.695014737127 1 1 4 0.24 1
276 4 6 0 1 9.81 0.5 1.516051054 -0.175504884741 1 Juan  820.0369665759999 0.066 0.545501273238 1.19155593874 1 1 4 0.24 1
277 3 4.5 0 0 12.753 0.5 1.32479500771 0.129780270578 1 Juan  822.6650460210003 0.066 0.201318980079 0.695014737127 1 1 4 0.24 0
278 4 6 0 0 8.3385 0.5 1.96961212158 0.074096723586 1 Juan  825.0974005239996 0.066 0.415709097762 1.395515398 1 1 4 0.24 0
279 3 4.5 0 0 11.2815 0.5 1.35373997688 0.0696132899212 1 Juan  828.1830022439999 0.066 0.231483699535 0.784126686962 1 1 4 0.24 0
280 3 6 0 0 8.3385 0.5 2.00132679939 0.105811401397 1 Juan  830.660316941 0.066 0.359721796753 1.395515398 1 1 4 0.24 0
281 4 6 0 0 6.867 0.5 2.29900693893 0.115249951359 1 Juan  833.7842334469997 0.066 0.480564836734 1.68375698758 1 1 4 0.24 0
282 4 4.5 0 1 6.867 0.5 1.76460695267 -0.00972392215193 1 Juan  837.1615806959999 0.066 0.585876441015 1.27433087482 1 1 4 0.24 1
283 4 4.5 0 1 9.81 0.5 1.83732199669 0.437868034147 1 Juan  840.0403314249997 0.066 0.405121839678 0.899453962542 1 1 4 0.24 1
284 4 4.5 0 0 8.3385 0.5 1.57340598106 0.0188437520091 1 Juan  842.9942921430002 0.066 0.313818472708 1.05456222905 1 1 4 0.24 0
285 4 4.5 0 1 11.2815 0.5 1.29671502113 0.0125883341717 1 Juan  845.6953238750002 0.066 0.382208382475 0.784126686962 1 1 4 0.24 1
286 3 4.5 0 0 11.2815 0.5 1.36787796021 0.0837512732434 1 Juan  848.1062705550003 0.066 0.219962464983 0.784126686962 1 1 4 0.24 0
287 3 6 0 1 9.81 0.5 1.68079400063 -0.0107619381164 1 Juan  850.5750335399998 0.066 0.575101142465 1.19155593874 1 1 4 0.24 1
288 4 6 0 1 11.2815 0.5 1.64838004112 0.108758151504 1 Juan  853.3793268039999 0.066 0.490805710549 1.03962188962 1 1 4 0.24 1
289 4 6 0 1 8.3385 0.5 1.91208910942 0.0165737114247 1 Juan  856.1479676680001 0.066 0.650107880136 1.395515398 1 1 4 0.24 1
290 3 4.5 0 1 9.81 0.5 1.42256593704 0.0231119745004 1 Juan  859.1897193750001 0.066 0.449521475797 0.899453962542 1 1 4 0.24 1
291 3 6 0 1 12.753 0.5 1.5772998333 0.155243145475 1 Juan  861.7183622299999 0.066 0.428306929609 0.922056687823 1 1 4 0.24 1
292 3 4.5 0 0 12.753 0.5 1.23285889626 0.0378441591281 1 Juan  864.4238962930003 0.066 0.181439421594 0.695014737127 1 1 4 0.24 0
293 4 4.5 0 0 6.867 0.5 1.91183686256 0.137505987745 1 Juan  866.7522878600003 0.066 0.320888596751 1.27433087482 1 1 4 0.24 0
294 3 6 0 0 6.867 0.5 2.19558405876 0.0118270711861 1 Juan  869.7843756459997 0.066 0.501452416091 1.68375698758 1 1 4 0.24 0
295 3 4.5 0 1 12.753 0.5 1.29766106606 0.102646328928 1 Juan  873.1033745469995 0.066 0.318677756574 0.695014737127 1 1 4 0.24 1
296 3 4.5 0 1 11.2815 0.5 1.4212501049 0.137123417942 1 Juan  875.5209722629997 0.066 0.360043257614 0.784126686962 1 1 4 0.24 1
297 3 6 0 0 12.753 0.5 1.61002898216 0.18797229434 1 Juan  878.0514675200002 0.066 0.258879272021 0.922056687823 1 1 4 0.24 0
298 3 4.5 0 0 8.3385 0.5 1.66215085983 0.107588630778 1 Juan  880.740813673 0.066 0.296282214703 1.05456222905 1 1 4 0.24 0
299 3 6 0 0 9.81 0.5 1.76443600655 0.0728800678041 1 Juan  883.5157351600001 0.066 0.342812466028 1.19155593874 1 1 4 0.24 0
300 4 4.5 0 0 12.753 0.5 1.34683299065 0.151818253519 1 Juan  886.4083384959995 0.066 0.185087060091 0.695014737127 1 1 4 0.24 0
301 3 6 0 1 11.2815 0.5 102.48249197 100.94287008 1 Juan  989.3422307149995 0.066 0.489842881308 1.03962188962 1 1 4 0.24 1
302 4 6 0 1 9.81 0.5 102.48249197 100.94287008 1 Juan  992.0901240109997 0.066 0.546996740572 1.19155593874 1 1 4 0.24 1
303 4 4.5 0 1 8.3385 0.5 2.42773103714 0.873168808085 1 Juan  992.4277562959996 0.066 0.511118258266 1.05456222905 1 1 4 0.24 1
304 4 6 0 0 11.2815 0.5 1.65075016022 0.111128270599 1 Juan  995.906753489 0.066 0.302017744298 1.03962188962 1 1 4 0.24 0
305 3 6 0 1 8.3385 0.5 1.8684668541 -0.0270485439006 1 Juan  998.6391662790002 0.066 0.681457296316 1.395515398 1 1 4 0.24 1
306 3 6 0 0 11.2815 0.5 1.53059005737 -0.00903183224518 1 Juan  1001.6281809020002 0.066 0.278304178554 1.03962188962 1 1 4 0.24 0
307 3 4.5 0 0 9.81 0.5 1.3558409214 -0.0436130411398 1 Juan  1004.2590804780002 0.066 0.241635331005 0.899453962542 1 1 4 0.24 0
308 4 6 0 1 6.867 0.5 2.1060500145 -0.0777069730797 1 Juan  1006.6813851759998 0.066 0.808577875834 1.68375698758 1 1 4 0.24 1
309 4 4.5 0 0 11.2815 0.5 1.31359887123 0.0294721842694 1 Juan  1009.9084208049999 0.066 0.23432218789 0.784126686962 1 1 4 0.24 0
310 4 4.5 0 0 9.81 0.5 1.49863195419 0.0991779916513 1 Juan  1012.3718572199996 0.066 0.242052936964 0.899453962542 1 1 4 0.24 0
311 4 6 0 1 12.753 0.5 1.4409930706 0.0189363827796 1 Juan  1014.9395414150003 0.066 0.429851606533 0.922056687823 1 1 4 0.24 1
312 4 6 0 0 12.753 0.5 1.45588493347 0.0338282456489 1 Juan  1017.495092737 0.066 0.259693169229 0.922056687823 1 1 4 0.24 0
313 3 4.5 0 1 8.3385 0.5 1.56928992271 0.0147276936595 1 Juan  1020.0635101540001 0.066 0.515268019065 1.05456222905 1 1 4 0.24 1
314 3 6 0 1 6.867 0.5 2.02241396904 -0.161343018536 1 Juan  1022.7163832349997 0.066 0.812036750091 1.68375698758 1 1 4 0.24 1
315 4 6 0 0 9.81 0.5 1.78351688385 0.0919609451081 1 Juan  1025.8431148580003 0.066 0.335427668841 1.19155593874 1 1 4 0.24 0
316 3 4.5 0 1 6.867 0.5 1.74909901619 -0.0252318586296 1 Juan  1028.724529817 0.066 0.594210681348 1.27433087482 1 1 4 0.24 1
317 4 4.5 0 1 12.753 0.5 1.2580602169 0.0630454797763 1 Juan  1031.6022590840003 0.066 0.330172601878 0.695014737127 1 1 4 0.24 1
318 4 6 0 0 8.3385 0.5 1.81057095528 -0.0849444427196 1 Juan  1034.0017160709995 0.066 0.384524121075 1.395515398 1 1 4 0.24 0
319 3 4.5 0 0 6.867 0.5 1.84073591232 0.0664050375038 1 Juan  1036.8790959380003 0.066 0.379255540672 1.27433087482 1 1 4 0.24 0
