trial vx vy vz LongOcclusion g timeStill rTime TemporalError environment id pupiltime IOD OccludedTimeOfTrajectory FlightDuration Drag DragFirst block accuracy LongOcclusion
0 4 6 0 1 9.81 0.5 2.69911289215 1.00755695341 1 Borja  2.283261562000007 0.058 0.576541400862 1.19155593874 1 1 1 0.29 1
1 4 4.5 0 0 9.81 0.5 2.69911289215 1.00755695341 1 Borja  2.283261562000007 0.058 0.576541400862 1.19155593874 1 1 1 0.29 1
2 4 6 0 0 9.81 0.5 2.69911289215 1.00755695341 1 Borja  5.208147613999927 0.058 0.356835750171 1.19155593874 1 1 1 0.29 0
3 3 6 0 1 9.81 0.5 2.85676503181 1.16520909307 1 Borja  6.083810959999937 0.058 0.575055064787 1.19155593874 1 1 1 0.29 1
4 4 4.5 0 1 9.81 0.5 1.38915586472 -0.0102980978262 1 Borja  10.054780236999932 0.058 0.435358495367 0.899453962542 1 1 1 0.29 1
5 4 6 0 0 -9.81 0.5 1.72153687477 0.0299809360292 1 Borja  12.550125385000001 0.058 0.325944754252 1.19155593874 1 1 1 0.29 0
6 3 4.5 0 0 -9.81 0.5 1.57438397408 0.174930011534 1 Borja  15.384577043000036 0.058 0.261715539053 0.899453962542 1 1 1 0.29 0
7 4 4.5 0 1 -9.81 0.5 1.49226593971 0.0928119771707 1 Borja  18.06873352499997 0.058 0.437593922046 0.899453962542 1 1 1 0.29 1
8 3 4.5 0 0 9.81 0.5 1.50873088837 0.109276925825 1 Borja  20.665501021999944 0.058 0.228404885556 0.899453962542 1 1 1 0.29 0
9 3 6 0 0 9.81 0.5 1.76716804504 0.075612106302 1 Borja  23.292160909999893 0.058 0.355330183101 1.19155593874 1 1 1 0.29 0
10 3 4.5 0 1 -9.81 0.5 1.42389512062 0.0244411580789 1 Borja  26.156045941000002 0.058 0.449497061939 0.899453962542 1 1 1 0.29 1
11 4 6 0 1 -9.81 0.5 1.64745497704 -0.0441009617064 1 Borja  28.67284055899995 0.058 0.575028304148 1.19155593874 1 1 1 0.29 1
12 3 6 0 0 -9.81 0.5 1.79629683495 0.104740896204 1 Borja  31.43344775399987 0.058 0.307671512406 1.19155593874 1 1 1 0.29 0
13 4 4.5 0 0 -9.81 0.5 1.30615210533 -0.0933018572104 1 Borja  34.33485990700001 0.058 0.26712222377 0.899453962542 1 1 1 0.29 0
14 3 4.5 0 1 9.81 0.5 1.40252113342 0.00306717088106 1 Borja  36.731313253999815 0.058 0.428279118276 0.899453962542 1 1 1 0.29 1
15 3 6 0 1 -9.81 0.5 1.65482807159 -0.0367278671477 1 Borja  39.23582167599989 0.058 0.546698430659 1.19155593874 1 1 1 0.29 1
16 4 6 0 1 9.81 0.5 1.55953001976 -0.132025918982 1 Borja  42.00557390899985 0.058 0.536747719293 1.19155593874 1 1 1 0.29 1
17 3 6 0 1 9.81 0.5 1.63945412636 -0.0521018123839 1 Borja  44.66089449099991 0.058 0.561153406223 1.19155593874 1 1 1 0.29 1
18 4 4.5 0 0 -9.81 0.5 1.34785199165 -0.0516019708884 1 Borja  47.410083118999864 0.058 0.237144194609 0.899453962542 1 1 1 0.29 0
19 4 6 0 0 -9.81 0.5 1.67494177818 -0.016614160559 1 Borja  49.87688817399999 0.058 0.337132305662 1.19155593874 1 1 1 0.29 0
20 4 4.5 0 0 9.81 0.5 1.46372509003 0.0642711274851 1 Borja  52.65931819299999 0.058 0.258606640783 0.899453962542 1 1 1 0.29 0
21 3 6 0 0 -9.81 0.5 1.68652200699 -0.00503393175344 1 Borja  55.21826029299996 0.058 0.333821017892 1.19155593874 1 1 1 0.29 0
22 4 6 0 1 -9.81 0.5 1.64355301857 -0.048002920172 1 Borja  58.01734631199997 0.058 0.544384358546 1.19155593874 1 1 1 0.29 1
23 3 6 0 0 9.81 0.5 1.75123405457 0.0596781158235 1 Borja  60.76543695500004 0.058 0.342429408835 1.19155593874 1 1 1 0.29 0
24 3 4.5 0 0 -9.81 0.5 1.48258090019 0.0831269376505 1 Borja  63.61888758800001 0.058 0.263808918504 0.899453962542 1 1 1 0.29 0
25 3 4.5 0 0 9.81 0.5 1.46719408035 0.067740117811 1 Borja  66.20827997499987 0.058 0.25799215004 0.899453962542 1 1 1 0.29 0
26 4 4.5 0 1 -9.81 0.5 1.36554908752 -0.0339048750174 1 Borja  68.80276875499999 0.058 0.426557652224 0.899453962542 1 1 1 0.29 1
27 3 4.5 0 1 -9.81 0.5 1.45291805267 0.0534640901315 1 Borja  71.27546628200002 0.058 0.422029591155 0.899453962542 1 1 1 0.29 1
28 4 6 0 0 9.81 0.5 1.76489782333 0.0733418845918 1 Borja  73.83560280200004 0.058 0.333540960532 1.19155593874 1 1 1 0.29 0
29 3 6 0 1 -9.81 0.5 1.60003995895 -0.0915159797881 1 Borja  76.71414197199988 0.058 0.582443337544 1.19155593874 1 1 1 0.29 1
30 3 4.5 0 1 9.81 0.5 1.48858690262 0.0891329400766 1 Borja  79.43606589699993 0.058 0.433179031391 0.899453962542 1 1 1 0.29 1
31 4 4.5 0 1 9.81 0.5 1.36287689209 -0.036577070452 1 Borja  82.01915474899988 0.058 0.428035727308 0.899453962542 1 1 1 0.29 1
32 3 6 0 1 9.81 0.5 1.61257505417 -0.0789808845733 1 Borja  84.721350476 0.058 0.569695029786 1.19155593874 1 1 1 0.29 1
33 4 4.5 0 1 -9.81 0.5 1.3644118309 -0.0350421316397 1 Borja  87.21260179599994 0.058 0.444221344462 0.899453962542 1 1 1 0.29 1
34 4 4.5 0 0 9.81 0.5 1.4077000618 0.0082460992563 1 Borja  89.68163636299982 0.058 0.235192177944 0.899453962542 1 1 1 0.29 0
35 4 4.5 0 1 9.81 0.5 1.35416293144 -0.0452910310995 1 Borja  92.18262852399994 0.058 0.417501259317 0.899453962542 1 1 1 0.29 1
36 3 4.5 0 0 9.81 0.5 1.43172502518 0.0322710626352 1 Borja  94.63381436999998 0.058 0.254269177313 0.899453962542 1 1 1 0.29 0
37 4 4.5 0 0 -9.81 0.5 1.43179798126 0.0323440187204 1 Borja  97.17627529399988 0.058 0.257184296554 0.899453962542 1 1 1 0.29 0
38 4 6 0 1 -9.81 0.5 1.70912098885 0.0175650501039 1 Borja  99.71144432200003 0.058 0.59325942231 1.19155593874 1 1 1 0.29 1
39 4 6 0 0 9.81 0.5 1.81212306023 0.120567121484 1 Borja  102.51240811999992 0.058 0.336842931254 1.19155593874 1 1 1 0.29 0
40 3 6 0 1 -9.81 0.5 1.63292908669 -0.0586268520568 1 Borja  105.41958496300003 0.058 0.587798562103 1.19155593874 1 1 1 0.29 1
41 4 6 0 1 9.81 0.5 1.69875478745 0.0071988487031 1 Borja  108.1481250889999 0.058 0.58606082596 1.19155593874 1 1 1 0.29 1
42 3 4.5 0 1 -9.81 0.5 1.48410201073 0.0846480481851 1 Borja  110.97483558499994 0.058 0.415115235139 0.899453962542 1 1 1 0.29 1
43 3 6 0 0 9.81 0.5 1.90666794777 0.215112009027 1 Borja  113.56506966400002 0.058 0.305537988995 1.19155593874 1 1 1 0.29 0
44 3 4.5 0 1 9.81 0.5 1.50265288353 0.103198920988 1 Borja  116.56983174999982 0.058 0.438709742312 0.899453962542 1 1 1 0.29 1
45 3 4.5 0 0 -9.81 0.5 1.5116288662 0.112174903654 1 Borja  119.17718453999987 0.058 0.243552972566 0.899453962542 1 1 1 0.29 0
46 3 6 0 0 -9.81 0.5 1.66934514046 -0.0222107982848 1 Borja  121.78720228499992 0.058 0.31163229155 1.19155593874 1 1 1 0.29 0
47 4 6 0 0 -9.81 0.5 1.72646999359 0.0349140548493 1 Borja  124.57069265099994 0.058 0.336323439352 1.19155593874 1 1 1 0.29 0
48 3 6 0 1 -9.81 0.5 1.79395484924 0.102398910501 1 Borja  127.41766138899993 0.058 0.547420757568 1.19155593874 1 1 1 0.29 1
49 4 4.5 0 0 -9.81 0.5 1.49150705338 0.0920530908334 1 Borja  130.30283650399997 0.058 0.249630386263 0.899453962542 1 1 1 0.29 0
50 4 6 0 0 9.81 0.5 1.77085089684 0.0792949580934 1 Borja  132.902412787 0.058 0.301842113571 1.19155593874 1 1 1 0.29 0
51 3 4.5 0 1 -9.81 0.5 1.58444690704 0.184992944502 1 Borja  135.769818903 0.058 0.41678659037 0.899453962542 1 1 1 0.29 1
52 4 6 0 0 -9.81 0.5 1.71433711052 0.0227811717774 1 Borja  138.48378829900003 0.058 0.32556484196 1.19155593874 1 1 1 0.29 0
53 3 4.5 0 1 9.81 0.5 1.42827796936 0.0288240068186 1 Borja  141.28837728099984 0.058 0.425218374441 0.899453962542 1 1 1 0.29 1
54 3 4.5 0 0 9.81 0.5 1.48848104477 0.0890270822275 1 Borja  143.8119910769999 0.058 0.231641548268 0.899453962542 1 1 1 0.29 0
55 4 6 0 1 -9.81 0.5 1.62864780426 -0.0629081344817 1 Borja  146.4050931239999 0.058 0.539101515826 1.19155593874 1 1 1 0.29 1
56 3 6 0 0 9.81 0.5 1.65750002861 -0.0340559101317 1 Borja  149.1638850249999 0.058 0.356187691276 1.19155593874 1 1 1 0.29 0
57 3 6 0 1 9.81 0.5 1.68722105026 -0.00433488847951 1 Borja  151.93642520899994 0.058 0.569959179403 1.19155593874 1 1 1 0.29 1
58 4 4.5 0 0 9.81 0.5 1.37630605698 -0.0231479055655 1 Borja  154.72649327699992 0.058 0.24025301897 0.899453962542 1 1 1 0.29 0
59 4 4.5 0 1 -9.81 0.5 1.39065909386 -0.00879486868498 1 Borja  157.22918956399985 0.058 0.40495924841 0.899453962542 1 1 1 0.29 1
60 4 6 0 1 9.81 0.5 1.68723487854 -0.00432106020193 1 Borja  159.70867861099987 0.058 0.542236296469 1.19155593874 1 1 1 0.29 1
61 3 4.5 0 0 -9.81 0.5 1.52394318581 0.124489223264 1 Borja  162.49251965099984 0.058 0.249215233036 0.899453962542 1 1 1 0.29 0
62 3 6 0 0 -9.81 0.5 1.74418902397 0.0526330852296 1 Borja  165.13432537699987 0.058 0.334126753678 1.19155593874 1 1 1 0.29 0
63 4 4.5 0 1 9.81 0.5 1.40765309334 0.00819913079622 1 Borja  167.97431196000002 0.058 0.443536443677 0.899453962542 1 1 1 0.29 1
64 3 4.5 0 1 -9.81 0.5 1.48533391953 0.0858799569834 1 Borja  170.49135222099994 0.058 0.432234102299 0.899453962542 1 1 1 0.29 1
65 4 6 0 0 9.81 0.5 1.69744181633 0.00588587758799 1 Borja  173.09424348799985 0.058 0.353392173231 1.19155593874 1 1 1 0.29 0
66 4 4.5 0 0 9.81 0.5 1.50155591965 0.102101957105 1 Borja  175.90767225399986 0.058 0.269423206107 0.899453962542 1 1 1 0.29 0
67 3 4.5 0 0 9.81 0.5 1.44107317924 0.0416192167032 1 Borja  178.52353156499998 0.058 0.22783457752 0.899453962542 1 1 1 0.29 0
68 3 6 0 1 -9.81 0.5 1.6860408783 -0.00551506044607 1 Borja  181.07309307499986 0.058 0.566198547086 1.19155593874 1 1 1 0.29 1
69 3 6 0 0 -9.81 0.5 1.75761699677 0.0660610580232 1 Borja  183.8657350829999 0.058 0.317101173347 1.19155593874 1 1 1 0.29 0
70 4 6 0 1 -9.81 0.5 1.71536493301 0.023808994272 1 Borja  186.72504300900005 0.058 0.546591736082 1.19155593874 1 1 1 0.29 1
71 4 6 0 1 9.81 0.5 1.57280993462 -0.118746004126 1 Borja  189.54021685099997 0.058 0.595305748906 1.19155593874 1 1 1 0.29 1
72 3 4.5 0 0 -9.81 0.5 1.51061105728 0.11115709474 1 Borja  192.21881873799998 0.058 0.244652356163 0.899453962542 1 1 1 0.29 0
73 4 4.5 0 1 -9.81 0.5 1.42365694046 0.0242029779184 1 Borja  194.84739526499993 0.058 0.437721472575 0.899453962542 1 1 1 0.29 1
74 3 4.5 0 1 9.81 0.5 1.4605550766 0.0611011140573 1 Borja  197.36963233999995 0.058 0.429062917771 0.899453962542 1 1 1 0.29 1
75 4 4.5 0 0 -9.81 0.5 1.52890086174 0.129446899198 1 Borja  199.954797095 0.058 0.23872027151 0.899453962542 1 1 1 0.29 0
76 3 6 0 1 9.81 0.5 1.69528412819 0.00372818944712 1 Borja  202.5912834159999 0.058 0.578411005982 1.19155593874 1 1 1 0.29 1
77 4 4.5 0 1 9.81 0.5 1.37561511993 -0.0238388426077 1 Borja  205.38847691699993 0.058 0.405123071132 0.899453962542 1 1 1 0.29 1
78 3 6 0 0 9.81 0.5 1.67346096039 -0.0180949783538 1 Borja  207.85712835000004 0.058 0.335321698138 1.19155593874 1 1 1 0.29 0
79 4 6 0 0 -9.81 0.5 1.75251102448 0.0609550857331 1 Borja  210.6413520619999 0.058 0.325468271954 1.19155593874 1 1 1 0.29 0
80 3 4.5 0 1 9.81 0.5 1.49566411972 0.0962101571787 1 Borja  213.49965063800005 0.058 0.421218417827 0.899453962542 1 1 1 0.29 1
81 4 4.5 0 1 9.81 0.5 1.41851401329 0.0190600507486 1 Borja  216.10293741199985 0.058 0.411210248012 0.899453962542 1 1 1 0.29 1
82 3 4.5 0 0 -9.81 0.5 1.52633500099 0.12688103845 1 Borja  218.62686446299995 0.058 0.240014135945 0.899453962542 1 1 1 0.29 0
83 4 6 0 1 9.81 0.5 1.68943595886 -0.00211997987966 1 Borja  221.2673310119999 0.058 0.571289221226 1.19155593874 1 1 1 0.29 1
84 4 6 0 0 -9.81 0.5 1.60358810425 -0.0879678344939 1 Borja  224.06980329199996 0.058 0.314929156746 1.19155593874 1 1 1 0.29 0
85 3 6 0 1 -9.81 0.5 1.66449713707 -0.0270588016723 1 Borja  226.78210982199994 0.058 0.565130850948 1.19155593874 1 1 1 0.29 1
86 4 4.5 0 0 9.81 0.5 1.54709100723 0.147637044691 1 Borja  229.53746840999997 0.058 0.228554952198 0.899453962542 1 1 1 0.29 0
87 3 6 0 0 9.81 0.5 1.84307003021 0.15151409147 1 Borja  232.18894378599998 0.058 0.322096015546 1.19155593874 1 1 1 0.29 0
88 3 6 0 0 -9.81 0.5 1.78916311264 0.0976071738984 1 Borja  235.13527223100004 0.058 0.356817465444 1.19155593874 1 1 1 0.29 0
89 3 4.5 0 0 9.81 0.5 1.51068806648 0.111234103941 1 Borja  238.01918892699996 0.058 0.251628190307 0.899453962542 1 1 1 0.29 0
90 3 6 0 1 9.81 0.5 1.72231793404 0.0307619952943 1 Borja  240.63437046199988 0.058 0.566574864464 1.19155593874 1 1 1 0.29 1
91 4 6 0 1 -9.81 0.5 1.77407312393 0.0825171851899 1 Borja  243.46407041199996 0.058 0.569969560416 1.19155593874 1 1 1 0.29 1
92 4 6 0 0 9.81 0.5 1.81833219528 0.12677625654 1 Borja  246.5387255359999 0.058 0.324796127194 1.19155593874 1 1 1 0.29 0
93 4 4.5 0 1 -9.81 0.5 1.41029500961 0.0108410470712 1 Borja  249.25471597699993 0.058 0.438373402978 0.899453962542 1 1 1 0.29 1
94 4 4.5 0 0 -9.81 0.5 1.59426498413 0.194811021589 1 Borja  251.77666898799998 0.058 0.226680225392 0.899453962542 1 1 1 0.29 0
95 3 4.5 0 1 -9.81 0.5 1.46233987808 0.0628859155405 1 Borja  254.46711060099983 0.058 0.417358973187 0.899453962542 1 1 1 0.29 1
96 4 6 0 1 -9.81 0.5 1.30783200264 -0.383723936102 1 Borja  257.04036261299984 0.058 0.576439489875 1.19155593874 1 1 1 0.29 1
97 3 6 0 0 9.81 0.5 1.80903792381 0.117481985071 1 Borja  259.45991643 0.058 0.317827250152 1.19155593874 1 1 1 0.29 0
98 4 6 0 0 9.81 0.5 1.77200698853 0.0804510497834 1 Borja  262.36274345799984 0.058 0.298353573031 1.19155593874 1 1 1 0.29 0
99 3 6 0 0 -9.81 0.5 1.79420304298 0.102647104242 1 Borja  265.24203876799993 0.058 0.317793023594 1.19155593874 1 1 1 0.29 0
100 4 4.5 0 0 -9.81 0.5 1.46044802666 0.0609940641153 1 Borja  268.144622194 0.058 0.22932475313 0.899453962542 1 1 1 0.29 0
101 3 6 0 1 -9.81 0.5 1.8340921402 0.142536201456 1 Borja  270.727083407 0.058 0.571041814463 1.19155593874 1 1 1 0.29 1
102 3 4.5 0 0 -9.81 0.5 1.55295276642 0.153498803877 1 Borja  273.67013266799995 0.058 0.23865063215 0.899453962542 1 1 1 0.29 0
103 4 6 0 1 9.81 0.5 1.75898909569 0.0674331569459 1 Borja  276.34186838899996 0.058 0.569538357491 1.19155593874 1 1 1 0.29 1
104 3 6 0 1 9.81 0.5 1.71591901779 0.0243630790498 1 Borja  279.20414669599995 0.058 0.572687886011 1.19155593874 1 1 1 0.29 1
105 4 4.5 0 0 9.81 0.5 1.39392900467 -0.00552495787261 1 Borja  282.035209035 0.058 0.226117850632 0.899453962542 1 1 1 0.29 0
106 3 4.5 0 0 9.81 0.5 1.53582692146 0.136372958921 1 Borja  284.53700522500003 0.058 0.226696989306 0.899453962542 1 1 1 0.29 0
107 3 4.5 0 1 -9.81 0.5 1.46053600311 0.061082040571 1 Borja  287.1781833319999 0.058 0.421475354491 0.899453962542 1 1 1 0.29 1
108 4 4.5 0 1 -9.81 0.5 1.51928210258 0.119828140043 1 Borja  289.750804282 0.058 0.423500465882 0.899453962542 1 1 1 0.29 1
109 3 4.5 0 1 9.81 0.5 1.48580598831 0.08635202577 1 Borja  292.3727955909999 0.058 0.40517041831 0.899453962542 1 1 1 0.29 1
110 4 6 0 0 -9.81 0.5 1.78178286552 0.0902269267823 1 Borja  294.970538972 0.058 0.354105727723 1.19155593874 1 1 1 0.29 0
111 4 4.5 0 1 9.81 0.5 1.41671299934 0.0172590368021 1 Borja  297.8506315069999 0.058 0.436854576653 0.899453962542 1 1 1 0.29 1
112 4 4.5 0 1 9.81 0.5 1.41334986687 0.0138959043253 1 Borja  300.37378789900004 0.058 0.410055987744 0.899453962542 1 1 1 0.29 1
113 4 4.5 0 0 -9.81 0.5 1.48175597191 0.0823020093668 1 Borja  302.89479657799984 0.058 0.237504444621 0.899453962542 1 1 1 0.29 0
114 3 4.5 0 0 -9.81 0.5 1.52717900276 0.12772504022 1 Borja  305.4797929859999 0.058 0.233606392013 0.899453962542 1 1 1 0.29 0
115 3 4.5 0 0 9.81 0.5 1.52819991112 0.128745948576 1 Borja  308.121907665 0.058 0.249672464631 0.899453962542 1 1 1 0.29 0
116 3 6 0 0 9.81 0.5 1.81446313858 0.122907199838 1 Borja  310.75354303999984 0.058 0.323205997513 1.19155593874 1 1 1 0.29 0
117 3 6 0 1 9.81 0.5 1.74641513824 0.0548591995027 1 Borja  313.67986870699997 0.058 0.567987442671 1.19155593874 1 1 1 0.29 1
118 4 4.5 0 1 -9.81 0.5 1.51586699486 0.116413032316 1 Borja  316.527711256 0.058 0.439305217153 0.899453962542 1 1 1 0.29 1
119 3 4.5 0 1 -9.81 0.5 1.43241977692 0.0329658143747 1 Borja  319.1360551539999 0.058 0.412114061343 0.899453962542 1 1 1 0.29 1
120 3 6 0 1 -9.81 0.5 1.78168201447 0.0901260757234 1 Borja  321.67738566 0.058 0.541292592956 1.19155593874 1 1 1 0.29 1
121 3 4.5 0 1 9.81 0.5 1.49347996712 0.0940260045755 1 Borja  324.5741444959999 0.058 0.430038507694 0.899453962542 1 1 1 0.29 1
122 4 6 0 0 -9.81 0.5 1.75494790077 0.0633919620301 1 Borja  327.16979782 0.058 0.312365396181 1.19155593874 1 1 1 0.29 0
123 4 6 0 1 9.81 0.5 1.70566701889 0.0141110801484 1 Borja  330.30371598600004 0.058 0.560898439803 1.19155593874 1 1 1 0.29 1
124 4 6 0 0 9.81 0.5 1.86970901489 0.178153076151 1 Borja  332.83199273399987 0.058 0.308543549719 1.19155593874 1 1 1 0.29 0
125 3 6 0 0 -9.81 0.5 1.77911090851 0.0875549697663 1 Borja  335.840910377 0.058 0.351471115289 1.19155593874 1 1 1 0.29 0
126 4 6 0 1 -9.81 0.5 1.71845316887 0.0268972301271 1 Borja  338.7337978339999 0.058 0.542392973766 1.19155593874 1 1 1 0.29 1
127 4 4.5 0 0 9.81 0.5 1.51960587502 0.120151912473 1 Borja  341.56322645499995 0.058 0.232277834813 0.899453962542 1 1 1 0.29 0
128 4 4.5 0 1 9.81 0.5 1.49366617203 0.0942122094858 1 Borja  344.1988987739999 0.058 0.409629634287 0.899453962542 1 1 1 0.29 1
129 4 6 0 1 -9.81 0.5 1.78833603859 0.0967800998475 1 Borja  346.80170591699994 0.058 0.566410656622 1.19155593874 1 1 1 0.29 1
130 3 6 0 1 9.81 0.5 1.71648693085 0.0249309921052 1 Borja  349.7080783229999 0.058 0.585896454511 1.19155593874 1 1 1 0.29 1
131 3 6 0 0 -9.81 0.5 1.76874995232 0.0771940135743 1 Borja  352.5346170109999 0.058 0.301570371415 1.19155593874 1 1 1 0.29 0
132 3 4.5 0 1 -9.81 0.5 1.436825037 0.0373710744608 1 Borja  355.413526544 0.058 0.449548135557 0.899453962542 1 1 1 0.29 1
133 4 4.5 0 1 -9.81 0.5 1.55028915405 0.150835191511 1 Borja  357.957782297 0.058 0.429106742264 0.899453962542 1 1 1 0.29 1
134 4 6 0 1 9.81 0.5 1.74058198929 0.0490260505464 1 Borja  360.62070380399996 0.058 0.537457698239 1.19155593874 1 1 1 0.29 1
135 3 6 0 0 9.81 0.5 1.84835791588 0.156801977136 1 Borja  363.454516949 0.058 0.320819741873 1.19155593874 1 1 1 0.29 0
136 3 6 0 1 -9.81 0.5 1.76244401932 0.0708880805757 1 Borja  366.42103121499986 0.058 0.539790866054 1.19155593874 1 1 1 0.29 1
137 4 4.5 0 0 -9.81 0.5 1.49814891815 0.0986949556101 1 Borja  369.299216525 0.058 0.242981988409 0.899453962542 1 1 1 0.29 0
138 4 6 0 0 9.81 0.5 1.88587999344 0.194324054697 1 Borja  371.91020411499994 0.058 0.339120729395 1.19155593874 1 1 1 0.29 0
139 3 4.5 0 0 -9.81 0.5 1.49895620346 0.0995022409189 1 Borja  374.89483546299994 0.058 0.250023980823 0.899453962542 1 1 1 0.29 0
140 4 4.5 0 0 9.81 0.5 1.41995978355 0.0205058210123 1 Borja  377.49985417799985 0.058 0.249630196128 0.899453962542 1 1 1 0.29 0
141 3 4.5 0 0 9.81 0.5 1.43567705154 0.0362230890024 1 Borja  380.0226981159999 0.058 0.249252713643 0.899453962542 1 1 1 0.29 0
142 4 6 0 0 -9.81 0.5 1.79876589775 0.107209959009 1 Borja  382.554485611 0.058 0.301301164848 1.19155593874 1 1 1 0.29 0
143 3 4.5 0 1 9.81 0.5 4.30995607376 2.91050211122 1 Borja  385.47577771299984 0.058 0.413985805191 0.899453962542 1 1 1 0.29 1
144 3 6 0 1 9.81 0.5 1.80823588371 0.116679944971 1 Borja  390.8856056509999 0.058 0.585315054507 1.19155593874 1 1 1 0.29 1
145 4 4.5 0 1 -9.81 0.5 1.35726594925 -0.0421880132925 1 Borja  393.81652563600005 0.058 0.445907043591 0.899453962542 1 1 1 0.29 1
146 3 4.5 0 1 -9.81 0.5 1.55192399025 0.152470027708 1 Borja  396.28411788899984 0.058 0.444489302774 0.899453962542 1 1 1 0.29 1
147 4 4.5 0 1 9.81 0.5 1.45964002609 0.0601860635507 1 Borja  398.94314903400004 0.058 0.41545305667 0.899453962542 1 1 1 0.29 1
148 4 6 0 1 -9.81 0.5 1.71337509155 0.0218191528108 1 Borja  401.5149665619999 0.058 0.574403460438 1.19155593874 1 1 1 0.29 1
149 4 4.5 0 0 9.81 0.5 1.42599511147 0.0265411489237 1 Borja  404.35447655300004 0.058 0.269151858073 0.899453962542 1 1 1 0.29 0
150 3 4.5 0 0 9.81 0.5 1.38241219521 -0.0170417673361 1 Borja  406.894995871 0.058 0.25286852441 0.899453962542 1 1 1 0.29 0
151 3 4.5 0 1 9.81 0.5 1.40762805939 0.00817409684541 1 Borja  409.395302958 0.058 0.441219158665 0.899453962542 1 1 1 0.29 1
152 3 6 0 0 9.81 0.5 1.78235983849 0.0908038997438 1 Borja  411.9181784279999 0.058 0.339714931138 1.19155593874 1 1 1 0.29 0
153 3 6 0 1 -9.81 0.5 1.63728189468 -0.0542740440581 1 Borja  414.8180098969999 0.058 0.580746992488 1.19155593874 1 1 1 0.29 1
154 4 6 0 0 9.81 0.5 1.74481797218 0.0532620334413 1 Borja  417.579798731 0.058 0.327790496411 1.19155593874 1 1 1 0.29 0
155 4 4.5 0 0 -9.81 0.5 1.53829407692 0.138840114378 1 Borja  420.45304427999986 0.058 0.260346626986 0.899453962542 1 1 1 0.29 0
156 3 6 0 0 -9.81 0.5 1.7384159565 0.0468600177552 1 Borja  423.11154406499986 0.058 0.339758867407 1.19155593874 1 1 1 0.29 0
157 3 4.5 0 0 -9.81 0.5 1.5652089119 0.165754949354 1 Borja  425.968972312 0.058 0.263058926153 0.899453962542 1 1 1 0.29 0
158 4 6 0 0 -9.81 0.5 1.96569395065 0.274138011911 1 Borja  428.66019118500003 0.058 0.301938603229 1.19155593874 1 1 1 0.29 0
159 4 6 0 1 9.81 0.5 1.67840981483 -0.0131461239074 1 Borja  431.7334146139999 0.058 0.559185487541 1.19155593874 1 1 1 0.29 1
160 4 6 0 1 -9.81 0.5 1.64447498322 -0.0470809555266 1 Borja  434.537724865 0.058 0.582884960556 1.19155593874 1 1 1 0.29 1
161 3 4.5 0 1 -9.81 0.5 1.63277220726 0.233318244718 1 Borja  437.29573684799993 0.058 0.422550456037 0.899453962542 1 1 1 0.29 1
162 3 6 0 0 -9.81 0.5 1.7588198185 0.0672638797547 1 Borja  440.038452451 0.058 0.314594914144 1.19155593874 1 1 1 0.29 0
163 4 4.5 0 1 -9.81 0.5 1.69877791405 0.299323951505 1 Borja  442.9137007679999 0.058 0.427715789313 0.899453962542 1 1 1 0.29 1
164 3 4.5 0 0 9.81 0.5 1.52765417099 0.128200208448 1 Borja  445.73296951299994 0.058 0.269693426117 0.899453962542 1 1 1 0.29 0
165 3 6 0 0 9.81 0.5 1.82713317871 0.135577239969 1 Borja  448.38220548699996 0.058 0.340455862162 1.19155593874 1 1 1 0.29 0
166 3 4.5 0 0 -9.81 0.5 1.57833790779 0.178883945249 1 Borja  451.30755405700006 0.058 0.240381685629 0.899453962542 1 1 1 0.29 0
167 4 6 0 0 9.81 0.5 1.737169981 0.0456140422608 1 Borja  453.9957921769999 0.058 0.346530306472 1.19155593874 1 1 1 0.29 0
168 4 6 0 0 -9.81 0.5 1.72531604767 0.0337601089265 1 Borja  456.84586077899985 0.058 0.302353348149 1.19155593874 1 1 1 0.29 0
169 4 4.5 0 0 -9.81 0.5 1.56100702286 0.161553060316 1 Borja  459.6798719379999 0.058 0.250981882848 0.899453962542 1 1 1 0.29 0
170 4 4.5 0 0 9.81 0.5 1.33474087715 -0.0647130853903 1 Borja  462.3544335429999 0.058 0.241513547378 0.899453962542 1 1 1 0.29 0
171 3 4.5 0 1 9.81 0.5 1.51267886162 0.113224899076 1 Borja  464.80530998099994 0.058 0.421973913949 0.899453962542 1 1 1 0.29 1
172 4 6 0 1 9.81 0.5 1.75571513176 0.0641591930177 1 Borja  467.4216929009999 0.058 0.550577442126 1.19155593874 1 1 1 0.29 1
173 3 6 0 1 -9.81 0.5 1.63913917542 -0.0524167633269 1 Borja  470.30092637999996 0.058 0.549416851872 1.19155593874 1 1 1 0.29 1
174 4 4.5 0 1 9.81 0.5 1.46572494507 0.0662709825266 1 Borja  473.048350799 0.058 0.417618395226 0.899453962542 1 1 1 0.29 1
175 3 6 0 1 9.81 0.5 1.70043897629 0.00888303754588 1 Borja  475.62407155799997 0.058 0.550074575235 1.19155593874 1 1 1 0.29 1
176 4 4.5 0 1 9.81 0.5 1.4051258564 0.00567189385774 1 Borja  478.4482961599999 0.058 0.414302968337 0.899453962542 1 1 1 0.29 1
177 4 6 0 0 9.81 0.5 1.65918588638 -0.0323700523589 1 Borja  480.9593335679999 0.058 0.318969073863 1.19155593874 1 1 1 0.29 0
178 3 6 0 0 -9.81 0.5 1.70742321014 0.0158672714021 1 Borja  483.74540784400006 0.058 0.344395641115 1.19155593874 1 1 1 0.29 0
179 3 6 0 1 9.81 0.5 1.64845299721 -0.0431029415343 1 Borja  486.575476365 0.058 0.556190767177 1.19155593874 1 1 1 0.29 1
180 3 4.5 0 1 -9.81 0.5 1.44959712029 0.0501431577432 1 Borja  489.34540954199997 0.058 0.417828463426 0.899453962542 1 1 1 0.29 1
181 3 4.5 0 0 9.81 0.5 1.41390585899 0.0144518964517 1 Borja  491.92542590900007 0.058 0.263954787487 0.899453962542 1 1 1 0.29 0
182 4 4.5 0 1 -9.81 0.5 1.37598013878 -0.0234738237631 1 Borja  494.453000922 0.058 0.418828190326 0.899453962542 1 1 1 0.29 1
183 4 4.5 0 0 9.81 0.5 1.38132882118 -0.0181251413595 1 Borja  496.94672813600005 0.058 0.226915333689 0.899453962542 1 1 1 0.29 0
184 4 6 0 1 -9.81 0.5 1.63995695114 -0.0515989876006 1 Borja  499.43484321000005 0.058 0.561456498728 1.19155593874 1 1 1 0.29 1
185 3 4.5 0 1 9.81 0.5 1.45234203339 0.0528880708444 1 Borja  502.16794552400006 0.058 0.428483800952 0.899453962542 1 1 1 0.29 1
186 3 6 0 1 -9.81 0.5 1.63443088531 -0.057125053427 1 Borja  504.73439419199985 0.058 0.548032147197 1.19155593874 1 1 1 0.29 1
187 4 6 0 1 9.81 0.5 1.63642811775 -0.0551278209899 1 Borja  507.490517791 0.058 0.547545616869 1.19155593874 1 1 1 0.29 1
188 4 6 0 0 -9.81 0.5 1.71905207634 0.0274961375978 1 Borja  510.217627538 0.058 0.328395642419 1.19155593874 1 1 1 0.29 0
189 3 6 0 0 9.81 0.5 1.69212698936 0.00057105062266 1 Borja  513.056041004 0.058 0.355472641113 1.19155593874 1 1 1 0.29 0
190 3 4.5 0 0 -9.81 0.5 1.53055095673 0.131096994184 1 Borja  515.862159758 0.058 0.252415537174 0.899453962542 1 1 1 0.29 0
191 4 4.5 0 0 -9.81 0.5 1.53573012352 0.136276160978 1 Borja  518.4967994680001 0.058 0.259467471701 0.899453962542 1 1 1 0.29 0
192 3 4.5 0 0 9.81 0.5 1.56405901909 0.164605056547 1 Borja  521.154008532 0.058 0.248933045951 0.899453962542 1 1 1 0.29 0
193 4 6 0 0 -9.81 0.5 1.78383708 0.0922811412599 1 Borja  523.8435175340001 0.058 0.353166986363 1.19155593874 1 1 1 0.29 0
194 3 6 0 0 9.81 0.5 1.9083981514 0.216842212656 1 Borja  526.7065644709999 0.058 0.307973552841 1.19155593874 1 1 1 0.29 0
195 4 6 0 0 9.81 0.5 1.7070991993 0.0155432605531 1 Borja  529.7351538149999 0.058 0.304518282007 1.19155593874 1 1 1 0.29 0
196 3 4.5 0 1 -9.81 0.5 1.38648700714 -0.0129669554007 1 Borja  532.553479507 0.058 0.434997173459 0.899453962542 1 1 1 0.29 1
197 4 6 0 1 -9.81 0.5 1.69961905479 0.00806311605235 1 Borja  535.050383814 0.058 0.539161451745 1.19155593874 1 1 1 0.29 1
198 3 6 0 1 9.81 0.5 1.91744303703 0.225887098291 1 Borja  537.883597562 0.058 0.548863219716 1.19155593874 1 1 1 0.29 1
199 4 4.5 0 1 9.81 0.5 1.42808103561 0.0286270730722 1 Borja  540.9054925739999 0.058 0.424020350885 0.899453962542 1 1 1 0.29 1
200 3 6 0 0 -9.81 0.5 1.79884982109 0.107293882349 1 Borja  543.4538106949999 0.058 0.321520472472 1.19155593874 1 1 1 0.29 0
201 4 4.5 0 0 -9.81 0.5 1.48180603981 0.0823520772684 1 Borja  546.375965423 0.058 0.243166392493 0.899453962542 1 1 1 0.29 0
202 4 6 0 1 9.81 0.5 1.64438486099 -0.0471710777495 1 Borja  548.9911888919999 0.058 0.53802734242 1.19155593874 1 1 1 0.29 1
203 3 4.5 0 1 9.81 0.5 1.41567611694 0.0162221544016 1 Borja  551.7590249749999 0.058 0.414983730268 0.899453962542 1 1 1 0.29 1
204 4 4.5 0 1 -9.81 0.5 1.38263392448 -0.0168200380575 1 Borja  554.302182742 0.058 0.448387876667 0.899453962542 1 1 1 0.29 1
205 3 4.5 0 0 -9.81 0.5 1.54263210297 0.143178140425 1 Borja  556.8034797600001 0.058 0.246929128366 0.899453962542 1 1 1 0.29 0
206 3 6 0 1 -9.81 0.5 1.58162999153 -0.109925947211 1 Borja  559.4573180949999 0.058 0.590365853187 1.19155593874 1 1 1 0.29 1
207 4 4.5 0 0 9.81 0.5 1.42903113365 0.0295771711099 1 Borja  562.15918227 0.058 0.228250330827 0.899453962542 1 1 1 0.29 0
208 3 4.5 0 0 9.81 0.5 1.53068804741 0.131234084867 1 Borja  564.696494327 0.058 0.236788604087 0.899453962542 1 1 1 0.29 0
209 4 6 0 0 -9.81 0.5 1.64381194115 -0.0477439975951 1 Borja  567.341952968 0.058 0.327154364431 1.19155593874 1 1 1 0.29 0
210 4 4.5 0 1 -9.81 0.5 1.47839999199 0.0789460294473 1 Borja  570.11248664 0.058 0.428885749994 0.899453962542 1 1 1 0.29 1
211 4 4.5 0 0 9.81 0.5 1.49801421165 0.0985602491129 1 Borja  572.699913872 0.058 0.269556009615 0.899453962542 1 1 1 0.29 0
212 4 4.5 0 1 9.81 0.5 1.5472869873 0.147833024763 1 Borja  575.297763222 0.058 0.405089478022 0.899453962542 1 1 1 0.29 1
213 3 6 0 0 9.81 0.5 1.74362897873 0.0520730399873 1 Borja  577.964017672 0.058 0.298452891656 1.19155593874 1 1 1 0.29 0
214 3 4.5 0 1 9.81 0.5 1.42364001274 0.0241860501993 1 Borja  580.819185755 0.058 0.41070844843 0.899453962542 1 1 1 0.29 1
215 4 4.5 0 0 -9.81 0.5 1.44223690033 0.0427829377878 1 Borja  583.373379596 0.058 0.263594035051 0.899453962542 1 1 1 0.29 0
216 3 6 0 1 9.81 0.5 1.63365101814 -0.0579049205993 1 Borja  585.928208439 0.058 0.583595712277 1.19155593874 1 1 1 0.29 1
217 4 6 0 1 9.81 0.5 1.57056212425 -0.12099381449 1 Borja  588.6684926779999 0.058 0.575770888537 1.19155593874 1 1 1 0.29 1
218 3 6 0 0 -9.81 0.5 1.72962403297 0.0380680942323 1 Borja  591.3613620149999 0.058 0.312217021994 1.19155593874 1 1 1 0.29 0
219 3 4.5 0 0 -9.81 0.5 1.44188213348 0.0424281709421 1 Borja  594.2045537179999 0.058 0.257765641356 0.899453962542 1 1 1 0.29 0
220 3 6 0 1 -9.81 0.5 1.8221039772 0.130548038461 1 Borja  596.7613184499999 0.058 0.538261093498 1.19155593874 1 1 1 0.29 1
221 3 4.5 0 1 -9.81 0.5 1.63219380379 0.232739841245 1 Borja  599.701481503 0.058 0.415370391099 0.899453962542 1 1 1 0.29 1
222 4 6 0 0 9.81 0.5 1.79577994347 0.104224004724 1 Borja  602.444886597 0.058 0.346532377827 1.19155593874 1 1 1 0.29 0
223 4 6 0 1 -9.81 0.5 1.80495285988 0.113396921137 1 Borja  605.358915626 0.058 0.565412084485 1.19155593874 1 1 1 0.29 1
224 3 6 0 0 -9.81 0.5 1.79095005989 0.0993941211488 1 Borja  608.270697483 0.058 0.328022041872 1.19155593874 1 1 1 0.29 0
225 3 6 0 1 -9.81 0.5 1.79939603806 0.107840099313 1 Borja  611.185113111 0.058 0.552798858026 1.19155593874 1 1 1 0.29 1
226 3 4.5 0 0 9.81 0.5 1.52799892426 0.128544961714 1 Borja  614.0924858639999 0.058 0.239838062931 0.899453962542 1 1 1 0.29 0
227 4 4.5 0 0 -9.81 0.5 1.5048429966 0.105389034055 1 Borja  616.727574816 0.058 0.239930464443 0.899453962542 1 1 1 0.29 0
228 4 4.5 0 1 9.81 0.5 1.54188203812 0.142428075575 1 Borja  619.365707837 0.058 0.415896421625 0.899453962542 1 1 1 0.29 1
229 4 4.5 0 1 -9.81 0.5 1.53312921524 0.133675252699 1 Borja  622.017499259 0.058 0.417400460362 0.899453962542 1 1 1 0.29 1
230 4 6 0 1 -9.81 0.5 1.74823498726 0.0566790485169 1 Borja  624.6690982719999 0.058 0.56613748129 1.19155593874 1 1 1 0.29 1
231 3 4.5 0 1 -9.81 0.5 1.4723649025 0.0729109399545 1 Borja  627.539447333 0.058 0.427611327848 0.899453962542 1 1 1 0.29 1
232 4 6 0 1 9.81 0.5 1.73750805855 0.045952119806 1 Borja  630.124880133 0.058 0.588065981823 1.19155593874 1 1 1 0.29 1
233 4 6 0 0 9.81 0.5 1.76652979851 0.0749738597657 1 Borja  632.9718745719999 0.058 0.32211442898 1.19155593874 1 1 1 0.29 0
234 3 6 0 1 9.81 0.5 1.72083210945 0.0292761707093 1 Borja  635.857722085 0.058 0.578044146009 1.19155593874 1 1 1 0.29 1
235 4 4.5 0 0 9.81 0.5 1.37661004066 -0.0228439218771 1 Borja  638.6579688510001 0.058 0.242813701082 0.899453962542 1 1 1 0.29 0
236 3 4.5 0 0 -9.81 0.5 1.446641922 0.0471879594553 1 Borja  641.1482612489999 0.058 0.26248856798 0.899453962542 1 1 1 0.29 0
237 3 4.5 0 1 9.81 0.5 1.47926807404 0.0798141114938 1 Borja  643.6944050709999 0.058 0.447027154616 0.899453962542 1 1 1 0.29 1
238 3 6 0 0 9.81 0.5 1.75218701363 0.0606310748841 1 Borja  646.300920502 0.058 0.306685765289 1.19155593874 1 1 1 0.29 0
239 4 6 0 0 -9.81 0.5 1.77830600739 0.0867500686433 1 Borja  649.15970905 0.058 0.348960587046 1.19155593874 1 1 1 0.29 0
240 3 6 0 0 -9.81 0.5 1.72698616982 0.0354302310731 1 Borja  652.0518332869999 0.058 0.313319735432 1.19155593874 1 1 1 0.29 0
241 4 4.5 0 0 9.81 0.5 1.46682500839 0.0673710458505 1 Borja  654.905213339 0.058 0.226256256592 0.899453962542 1 1 1 0.29 0
242 4 4.5 0 1 9.81 0.5 1.42259097099 0.0231370084512 1 Borja  657.508266645 0.058 0.414475579402 0.899453962542 1 1 1 0.29 1
243 3 4.5 0 1 9.81 0.5 1.41719317436 0.0177392118204 1 Borja  660.0462006359999 0.058 0.427575626426 0.899453962542 1 1 1 0.29 1
244 3 4.5 0 0 -9.81 0.5 1.40468502045 0.00523105790498 1 Borja  662.578599596 0.058 0.261221993113 0.899453962542 1 1 1 0.29 0
245 4 6 0 0 -9.81 0.5 1.73779702187 0.0462410831239 1 Borja  665.0891340829999 0.058 0.321017701385 1.19155593874 1 1 1 0.29 0
246 4 6 0 1 9.81 0.5 1.65123295784 -0.040322980902 1 Borja  667.9512977029999 0.058 0.587700176148 1.19155593874 1 1 1 0.29 1
247 3 6 0 1 -9.81 0.5 1.74250602722 0.0509500884797 1 Borja  670.71725556 0.058 0.550979276363 1.19155593874 1 1 1 0.29 1
248 4 6 0 0 9.81 0.5 1.76971411705 0.0781581783082 1 Borja  673.5723836749999 0.058 0.302738586076 1.19155593874 1 1 1 0.29 0
249 4 4.5 0 1 -9.81 0.5 1.41875314713 0.0192991845834 1 Borja  676.4610656780001 0.058 0.445479741907 0.899453962542 1 1 1 0.29 1
250 4 4.5 0 0 -9.81 0.5 1.39400482178 -0.00544914076445 1 Borja  679.004501339 0.058 0.269164828211 0.899453962542 1 1 1 0.29 0
251 4 6 0 1 -9.81 0.5 1.67813920975 -0.0134167289946 1 Borja  681.5150113919999 0.058 0.537718716771 1.19155593874 1 1 1 0.29 1
252 3 6 0 1 9.81 0.5 1.65410280228 -0.0374531364654 1 Borja  684.307170816 0.058 0.552458697084 1.19155593874 1 1 1 0.29 1
253 3 4.5 0 0 9.81 0.5 1.48832893372 0.088874971174 1 Borja  687.067719288 0.058 0.231654667869 0.899453962542 1 1 1 0.29 0
254 3 6 0 0 9.81 0.5 1.84531903267 0.153763093927 1 Borja  689.677019432 0.058 0.304736742098 1.19155593874 1 1 1 0.29 0
255 3 4.5 0 1 -9.81 0.5 1.41491580009 0.0154618375528 1 Borja  692.6488809279999 0.058 0.427502443745 0.899453962542 1 1 1 0.29 1
256 3 6 0 0 -9.81 0.5 1.70500993729 0.0134539985444 1 Borja  695.172926445 0.058 0.305795743621 1.19155593874 1 1 1 0.29 0
257 4 6 0 0 9.81 0.5 1.80691194534 0.115356006601 1 Borja  697.993991346 0.058 0.324093040407 1.19155593874 1 1 1 0.29 0
258 4 4.5 0 1 9.81 0.5 1.43612599373 0.0366720311868 1 Borja  700.9051676849999 0.058 0.426162831896 0.899453962542 1 1 1 0.29 1
259 3 6 0 1 -9.81 0.5 1.77868509293 0.0871291541841 1 Borja  703.460217695 0.058 0.550342825299 1.19155593874 1 1 1 0.29 1
260 3 4.5 0 1 9.81 0.5 1.46787905693 0.0684250943887 1 Borja  706.346349765 0.058 0.410863775046 0.899453962542 1 1 1 0.29 1
261 4 4.5 0 0 -9.81 0.5 1.54511189461 0.145657932066 1 Borja  708.949221502 0.058 0.255390221638 0.899453962542 1 1 1 0.29 0
262 3 4.5 0 0 -9.81 0.5 1.53269314766 0.133239185118 1 Borja  711.6129713369999 0.058 0.244653035034 0.899453962542 1 1 1 0.29 0
263 4 6 0 1 9.81 0.5 1.6580119133 -0.0335440254424 1 Borja  714.266491413 0.058 0.573633538825 1.19155593874 1 1 1 0.29 1
264 3 4.5 0 0 9.81 0.5 1.51038312912 0.110929166578 1 Borja  717.045793864 0.058 0.249838639942 0.899453962542 1 1 1 0.29 0
265 3 4.5 0 1 -9.81 0.5 1.4699010849 0.0704471223581 1 Borja  719.6854684130001 0.058 0.440986005197 0.899453962542 1 1 1 0.29 1
266 4 4.5 0 0 9.81 0.5 1.49004912376 0.0905951612222 1 Borja  722.2647304669999 0.058 0.242646114249 0.899453962542 1 1 1 0.29 0
267 3 6 0 0 9.81 0.5 3.41100597382 1.71945003507 1 Borja  726.3088858619999 0.058 0.343176243341 1.19155593874 1 1 1 0.29 0
268 3 6 0 1 9.81 0.5 1.71618819237 0.0246322536256 1 Borja  729.4232720509999 0.058 0.560666877728 1.19155593874 1 1 1 0.29 1
269 4 6 0 0 -9.81 0.5 1.77008485794 0.0785289191987 1 Borja  732.253124244 0.058 0.309672710847 1.19155593874 1 1 1 0.29 0
270 4 4.5 0 1 -9.81 0.5 1.54105210304 0.141598140501 1 Borja  735.1349951760001 0.058 0.420212300183 0.899453962542 1 1 1 0.29 1
271 4 6 0 1 -9.81 0.5 1.83490610123 0.143350162485 1 Borja  737.7988432469999 0.058 0.595157439147 1.19155593874 1 1 1 0.29 1
272 4 4.5 0 1 -9.81 0.5 1.64459609985 0.245142137312 1 Borja  740.724308328 0.058 0.422817510925 0.899453962542 1 1 1 0.29 1
273 4 6 0 1 -9.81 0.5 1.8779540062 0.186398067453 1 Borja  743.4439819950001 0.058 0.551454385097 1.19155593874 1 1 1 0.29 1
274 3 4.5 0 0 -9.81 0.5 1.60254192352 0.203087960981 1 Borja  746.436345889 0.058 0.251888212889 0.899453962542 1 1 1 0.29 0
275 4 6 0 0 -9.81 0.5 1.84056401253 0.149008073786 1 Borja  749.1568820319999 0.058 0.339843482674 1.19155593874 1 1 1 0.29 0
276 4 6 0 1 9.81 0.5 1.67940211296 -0.0121538257811 1 Borja  752.1172144330001 0.058 0.544642490581 1.19155593874 1 1 1 0.29 1
277 3 4.5 0 1 -9.81 0.5 1.42415904999 0.024705087446 1 Borja  754.9229731799999 0.058 0.405722147973 0.899453962542 1 1 1 0.29 1
278 3 4.5 0 1 9.81 0.5 1.50977516174 0.110321199201 1 Borja  757.465133939 0.058 0.417642622176 0.899453962542 1 1 1 0.29 1
279 3 6 0 0 -9.81 0.5 1.74687194824 0.0553160095002 1 Borja  760.096899681 0.058 0.303572598529 1.19155593874 1 1 1 0.29 0
280 3 4.5 0 0 9.81 0.5 1.6017100811 0.202256118559 1 Borja  762.9542147529999 0.058 0.232807254465 0.899453962542 1 1 1 0.29 0
281 4 6 0 0 9.81 0.5 1.88708400726 0.195528068521 1 Borja  765.6632273559999 0.058 0.32358079493 1.19155593874 1 1 1 0.29 0
282 4 4.5 0 0 9.81 0.5 1.49372410774 0.0942701452005 1 Borja  768.677133377 0.058 0.259219225439 0.899453962542 1 1 1 0.29 0
283 3 6 0 1 9.81 0.5 1.73412704468 0.0425711059358 1 Borja  771.296893859 0.058 0.537087229068 1.19155593874 1 1 1 0.29 1
284 4 4.5 0 0 -9.81 0.5 1.47571992874 0.0762659661997 1 Borja  774.1357405000001 0.058 0.267411624954 0.899453962542 1 1 1 0.29 0
285 3 6 0 0 9.81 0.5 1.86652994156 0.174974002817 1 Borja  776.7134321719998 0.058 0.353513506731 1.19155593874 1 1 1 0.29 0
286 4 4.5 0 1 9.81 0.5 1.39984416962 0.000390207074903 1 Borja  779.706947898 0.058 0.434408316012 0.899453962542 1 1 1 0.29 1
287 3 6 0 1 -9.81 0.5 1.72802400589 0.0364680671479 1 Borja  782.2178173479999 0.058 0.563196433729 1.19155593874 1 1 1 0.29 1
288 4 6 0 1 -9.81 0.5 1.69014811516 -0.00140782358388 1 Borja  785.0667515819998 0.058 0.580960788847 1.19155593874 1 1 1 0.29 1
289 4 6 0 0 9.81 0.5 1.75118994713 0.0596340083863 1 Borja  787.885780158 0.058 0.328247513465 1.19155593874 1 1 1 0.29 0
290 3 4.5 0 1 9.81 0.5 1.61636996269 0.21691600015 1 Borja  790.7288127109998 0.058 0.431863742317 0.899453962542 1 1 1 0.29 1
291 4 4.5 0 1 9.81 0.5 1.44161891937 0.0421649568308 1 Borja  793.4591650230002 0.058 0.427342516178 0.899453962542 1 1 1 0.29 1
292 4 4.5 0 1 -9.81 0.5 1.48073792458 0.081283962034 1 Borja  795.9966749389998 0.058 0.448371219228 0.899453962542 1 1 1 0.29 1
293 3 6 0 1 9.81 0.5 1.68462395668 -0.00693198206167 1 Borja  798.578037948 0.058 0.564925206477 1.19155593874 1 1 1 0.29 1
294 4 6 0 1 9.81 0.5 1.68300008774 -0.00855585100393 1 Borja  801.3821711550002 0.058 0.541525203512 1.19155593874 1 1 1 0.29 1
295 3 6 0 1 -9.81 0.5 1.83354115486 0.141985216119 1 Borja  804.1798755289999 0.058 0.579521238574 1.19155593874 1 1 1 0.29 1
296 4 4.5 0 0 -9.81 0.5 1.64485383034 0.245399867796 1 Borja  807.1406136190001 0.058 0.248370605186 0.899453962542 1 1 1 0.29 0
297 4 6 0 0 -9.81 0.5 1.86601996422 0.174464025476 1 Borja  809.9044041199998 0.058 0.29894930009 1.19155593874 1 1 1 0.29 0
298 3 4.5 0 1 -9.81 0.5 1.66714882851 0.267694865965 1 Borja  812.8966850290001 0.058 0.433250862142 0.899453962542 1 1 1 0.29 1
299 3 4.5 0 0 -9.81 0.5 1.66815209389 0.268698131346 1 Borja  815.661874873 0.058 0.262410685389 0.899453962542 1 1 1 0.29 0
300 3 4.5 0 0 9.81 0.5 1.5493721962 0.149918233656 1 Borja  818.439838866 0.058 0.243455918724 0.899453962542 1 1 1 0.29 0
301 4 4.5 0 0 9.81 0.5 1.61897802353 0.219524060987 1 Borja  821.1072212679999 0.058 0.26463028719 0.899453962542 1 1 1 0.29 0
302 3 6 0 0 -9.81 0.5 1.77115917206 0.0796032333161 1 Borja  823.858166273 0.058 0.30483898205 1.19155593874 1 1 1 0.29 0
303 3 6 0 0 9.81 0.5 1.79971194267 0.108156003931 1 Borja  826.7453939099998 0.058 0.341105939289 1.19155593874 1 1 1 0.29 0
304 3 6 0 1 -9.81 0.5 1.81051397324 0.118958034494 1 Borja  829.6748618559998 0.058 0.552897485173 1.19155593874 1 1 1 0.29 1
305 4 6 0 1 -9.81 0.5 1.80828404427 0.116728105524 1 Borja  832.5939894380001 0.058 0.537143110872 1.19155593874 1 1 1 0.29 1
306 4 6 0 1 9.81 0.5 1.71030902863 0.0187530898835 1 Borja  835.5106690529999 0.058 0.590716011734 1.19155593874 1 1 1 0.29 1
307 4 4.5 0 0 9.81 0.5 1.46368098259 0.0642270200479 1 Borja  838.3487605789999 0.058 0.23603325272 0.899453962542 1 1 1 0.29 0
308 3 4.5 0 1 9.81 0.5 1.42820906639 0.0287551038492 1 Borja  840.9271453819999 0.058 0.40588786406 0.899453962542 1 1 1 0.29 1
309 4 6 0 0 -9.81 0.5 1.7642261982 0.0726702594544 1 Borja  843.4768075720001 0.058 0.349624048387 1.19155593874 1 1 1 0.29 0
310 3 6 0 0 9.81 0.5 1.73501300812 0.0434570693757 1 Borja  846.3586391329998 0.058 0.323250962248 1.19155593874 1 1 1 0.29 0
311 4 4.5 0 1 9.81 0.5 1.44217085838 0.0427168958414 1 Borja  849.2273274070001 0.058 0.442164418488 0.899453962542 1 1 1 0.29 1
312 4 4.5 0 0 -9.81 0.5 1.55436301231 0.154909049772 1 Borja  851.7667548269999 0.058 0.260515331405 0.899453962542 1 1 1 0.29 0
313 3 6 0 0 -9.81 0.5 1.7841770649 0.0926211261537 1 Borja  854.4486085420001 0.058 0.320187754852 1.19155593874 1 1 1 0.29 0
314 3 6 0 1 9.81 0.5 1.7689268589 0.07737092016 1 Borja  857.356797103 0.058 0.578183870754 1.19155593874 1 1 1 0.29 1
315 4 4.5 0 1 -9.81 0.5 1.42196989059 0.0225159280527 1 Borja  860.240517985 0.058 0.441695034258 0.899453962542 1 1 1 0.29 1
316 4 6 0 0 9.81 0.5 1.73215103149 0.0405950927522 1 Borja  862.7961752039998 0.058 0.320982096749 1.19155593874 1 1 1 0.29 0
317 3 4.5 0 0 -9.81 0.5 1.48820614815 0.0887521856058 1 Borja  865.6507946300001 0.058 0.239781207427 0.899453962542 1 1 1 0.29 0
318 3 4.5 0 1 -9.81 0.5 1.59856295586 0.199108993315 1 Borja  868.257281805 0.058 0.44814297875 0.899453962542 1 1 1 0.29 1
319 3 4.5 0 0 9.81 0.5 1.46501898766 0.0655650251138 1 Borja  870.9719968229999 0.058 0.240135885505 0.899453962542 1 1 1 0.29 0
320 4 4.5 0 0 -9.81 0.5 1.46684718132 0.0673932187784 1 Borja  873.5613284889998 0.058 0.266051898429 0.899453962542 1 1 1 0.29 0
321 4 6 0 0 -9.81 0.5 1.75652194023 0.0649660014894 1 Borja  876.14939166 0.058 0.305406568786 1.19155593874 1 1 1 0.29 0
322 3 6 0 1 9.81 0.5 1.68197798729 -0.00957795145254 1 Borja  879.0314148320001 0.058 0.588073923059 1.19155593874 1 1 1 0.29 1
323 3 4.5 0 0 -9.81 0.5 1.45372700691 0.0542730443704 1 Borja  881.8285279969998 0.058 0.242036826621 0.899453962542 1 1 1 0.29 0
324 4 6 0 1 9.81 0.5 1.61893200874 -0.0726239299987 1 Borja  884.4087098369998 0.058 0.565067887316 1.19155593874 1 1 1 0.29 1
325 3 4.5 0 1 9.81 0.5 1.36059093475 -0.0388630277884 1 Borja  887.1494469030001 0.058 0.428199919231 0.899453962542 1 1 1 0.29 1
326 4 4.5 0 1 -9.81 0.5 1.38759994507 -0.0118540174734 1 Borja  889.6310668140002 0.058 0.42243992847 0.899453962542 1 1 1 0.29 1
327 3 6 0 1 -9.81 0.5 1.60581803322 -0.0857379055236 1 Borja  892.1192833940001 0.058 0.560417840113 1.19155593874 1 1 1 0.29 1
328 3 4.5 0 0 9.81 0.5 1.47741007805 0.0779561155069 1 Borja  894.8267594649999 0.058 0.265724340376 0.899453962542 1 1 1 0.29 0
329 4 4.5 0 1 9.81 0.5 1.39747285843 -0.00198110411284 1 Borja  897.4249901750002 0.058 0.449365416382 0.899453962542 1 1 1 0.29 1
330 3 6 0 0 -9.81 0.5 1.71133518219 0.019779243448 1 Borja  899.9393912889998 0.058 0.354073666883 1.19155593874 1 1 1 0.29 0
331 3 4.5 0 1 -9.81 0.5 1.41583895683 0.0163849942911 1 Borja  902.7589470380001 0.058 0.407132353797 0.899453962542 1 1 1 0.29 1
332 4 6 0 1 -9.81 0.5 1.67528104782 -0.0162748909209 1 Borja  905.2823898919999 0.058 0.540955565901 1.19155593874 1 1 1 0.29 1
333 4 4.5 0 0 9.81 0.5 1.43594717979 0.0364932172525 1 Borja  908.089518518 0.058 0.256932604292 0.899453962542 1 1 1 0.29 0
334 4 6 0 0 9.81 0.5 1.68508005142 -0.00647588731984 1 Borja  910.6402680069998 0.058 0.32190406142 1.19155593874 1 1 1 0.29 0
335 3 6 0 0 9.81 0.5 1.68461704254 -0.00693889620046 1 Borja  913.448992757 0.058 0.35307216684 1.19155593874 1 1 1 0.29 0
336 3 6 0 1 -9.81 0.5 1.71097922325 0.0194232845094 1 Borja  916.2698488210001 0.058 0.55706826466 1.19155593874 1 1 1 0.29 1
337 3 6 0 0 -9.81 0.5 1.74705290794 0.0554969692018 1 Borja  919.0970038590001 0.058 0.344583137349 1.19155593874 1 1 1 0.29 0
338 4 4.5 0 1 -9.81 0.5 1.42826890945 0.0288149469125 1 Borja  921.9440210350001 0.058 0.449071389286 0.899453962542 1 1 1 0.29 1
339 4 4.5 0 0 9.81 0.5 1.50512599945 0.105672036909 1 Borja  924.4745503880001 0.058 0.250860962802 0.899453962542 1 1 1 0.29 0
340 3 4.5 0 1 -9.81 0.5 4.79440593719 3.39495197465 1 Borja  931.6419711599999 0.058 0.436559717184 0.899453962542 1 1 1 0.29 1
341 3 4.5 0 1 9.81 0.5 1.47972798347 0.0802740209329 1 Borja  932.9573881479998 0.058 0.416609678409 0.899453962542 1 1 1 0.29 1
342 4 6 0 1 9.81 0.5 1.75869202614 0.0671360873963 1 Borja  935.5195240229998 0.058 0.557185013329 1.19155593874 1 1 1 0.29 1
343 3 6 0 1 9.81 0.5 1.68237996101 -0.00917597772817 1 Borja  938.3990877389999 0.058 0.578837079497 1.19155593874 1 1 1 0.29 1
344 3 4.5 0 0 9.81 0.5 1.47663903236 0.0771850698221 1 Borja  941.1893022739998 0.058 0.230223575824 0.899453962542 1 1 1 0.29 0
345 4 6 0 0 9.81 0.5 1.71539998055 0.0238440418031 1 Borja  943.7609089519999 0.058 0.348775324097 1.19155593874 1 1 1 0.29 0
346 3 6 0 0 9.81 0.5 1.73556685448 0.044010915735 1 Borja  946.5979901130002 0.058 0.348508774486 1.19155593874 1 1 1 0.29 0
347 4 4.5 0 1 9.81 0.5 1.39638185501 -0.00307210753081 1 Borja  949.4464439400001 0.058 0.424643363088 0.899453962542 1 1 1 0.29 1
348 3 4.5 0 0 -9.81 0.5 1.47077608109 0.0713221185434 1 Borja  951.957316575 0.058 0.269496042475 0.899453962542 1 1 1 0.29 0
349 4 4.5 0 0 -9.81 0.5 1.51729202271 0.117838060163 1 Borja  954.5430678 0.058 0.235866591468 0.899453962542 1 1 1 0.29 0
350 4 6 0 0 -9.81 0.5 1.77167916298 0.0801232242372 1 Borja  957.1714712310002 0.058 0.318870901576 1.19155593874 1 1 1 0.29 0
351 4 6 0 1 -9.81 0.5 1.77107691765 0.0795209789064 1 Borja  960.0428577239998 0.058 0.558352304658 1.19155593874 1 1 1 0.29 1
352 4 6 0 1 9.81 0.5 1.62620687485 -0.0653490638946 1 Borja  962.9367657360001 0.058 0.539270688974 1.19155593874 1 1 1 0.29 1
353 4 4.5 0 0 9.81 0.5 1.51515102386 0.115697061323 1 Borja  965.6553327979998 0.058 0.246383340052 0.899453962542 1 1 1 0.29 0
354 4 4.5 0 1 -9.81 0.5 1.51518797874 0.115734016203 1 Borja  968.2898122469999 0.058 0.432052121326 0.899453962542 1 1 1 0.29 1
355 4 6 0 0 9.81 0.5 1.80988287926 0.118326940515 1 Borja  970.9191831689998 0.058 0.323140854224 1.19155593874 1 1 1 0.29 0
356 3 6 0 1 9.81 0.5 1.75888800621 0.0673320674684 1 Borja  973.8430551580002 0.058 0.544879124021 1.19155593874 1 1 1 0.29 1
357 3 6 0 0 9.81 0.5 1.7290661335 0.0375101947572 1 Borja  976.7093762379998 0.058 0.346173375583 1.19155593874 1 1 1 0.29 0
358 4 4.5 0 0 -9.81 0.5 1.47327685356 0.0738228910196 1 Borja  979.56363429 0.058 0.228475155745 0.899453962542 1 1 1 0.29 0
359 3 4.5 0 1 9.81 0.5 1.41714501381 0.0176910512674 1 Borja  982.1612226690002 0.058 0.40483152257 0.899453962542 1 1 1 0.29 1
360 4 6 0 0 -9.81 0.5 1.7474360466 0.0558801078584 1 Borja  984.7012135040002 0.058 0.336246472329 1.19155593874 1 1 1 0.29 0
361 3 6 0 1 -9.81 0.5 1.77635598183 0.0848000430848 1 Borja  987.5532719079999 0.058 0.589236779883 1.19155593874 1 1 1 0.29 1
362 3 4.5 0 0 -9.81 0.5 1.63358616829 0.234132205747 1 Borja  990.420774594 0.058 0.249114986498 0.899453962542 1 1 1 0.29 0
363 3 4.5 0 1 -9.81 0.5 1.59501719475 0.195563232206 1 Borja  993.1703349269999 0.058 0.440694037382 0.899453962542 1 1 1 0.29 1
364 4 6 0 1 -9.81 0.5 1.99190402031 0.300348081567 1 Borja  995.8856057259998 0.058 0.546772168473 1.19155593874 1 1 1 0.29 1
365 4 4.5 0 1 9.81 0.5 1.58432102203 0.184867059492 1 Borja  998.9851293989998 0.058 0.441252379727 0.899453962542 1 1 1 0.29 1
366 3 6 0 0 -9.81 0.5 1.83432888985 0.142772951105 1 Borja  1001.696309956 0.058 0.356411050926 1.19155593874 1 1 1 0.29 0
367 3 4.5 0 0 9.81 0.5 1.5789937973 0.17953983476 1 Borja  1004.6555229570001 0.058 0.258062983357 0.899453962542 1 1 1 0.29 0
368 4 6 0 0 9.81 0.5 1.87584495544 0.184289016702 1 Borja  1007.322490709 0.058 0.322934591705 1.19155593874 1 1 1 0.29 0
369 4 4.5 0 1 9.81 0.5 1.39070105553 -0.00875290701506 1 Borja  1010.3229047000002 0.058 0.445343271011 0.899453962542 1 1 1 0.29 1
370 4 4.5 0 0 -9.81 0.5 1.55093598366 0.151482021116 1 Borja  1012.8220088159999 0.058 0.267253177335 0.899453962542 1 1 1 0.29 0
371 4 6 0 1 9.81 0.5 1.80643892288 0.11488298414 1 Borja  1015.4767582709999 0.058 0.577107679184 1.19155593874 1 1 1 0.29 1
372 3 4.5 0 1 9.81 0.5 1.41988301277 0.0204290502298 1 Borja  1018.4094489189999 0.058 0.437982781115 0.899453962542 1 1 1 0.29 1
373 4 4.5 0 0 9.81 0.5 1.49412894249 0.0946749799478 1 Borja  1020.9289177909998 0.058 0.233406532851 0.899453962542 1 1 1 0.29 0
374 3 4.5 0 0 9.81 0.5 1.45352196693 0.0540680043924 1 Borja  1023.543273042 0.058 0.257510636892 0.899453962542 1 1 1 0.29 0
375 3 6 0 0 -9.81 0.5 1.7690680027 0.0775120639588 1 Borja  1026.112923802 0.058 0.317409743328 1.19155593874 1 1 1 0.29 0
376 3 6 0 1 -9.81 0.5 1.86390113831 0.172345199564 1 Borja  1029.009302059 0.058 0.553642492492 1.19155593874 1 1 1 0.29 1
377 4 4.5 0 1 -9.81 0.5 1.58083081245 0.181376849912 1 Borja  1031.9894466029998 0.058 0.407324129572 0.899453962542 1 1 1 0.29 1
378 3 6 0 0 9.81 0.5 1.72829985619 0.0367439174439 1 Borja  1034.6830677780001 0.058 0.344272145993 1.19155593874 1 1 1 0.29 0
379 3 4.5 0 1 -9.81 0.5 1.48910903931 0.0896550767648 1 Borja  1037.5309394879998 0.058 0.445016808867 0.899453962542 1 1 1 0.29 1
380 4 6 0 0 -9.81 0.5 1.93501901627 0.243463077524 1 Borja  1040.1267276289998 0.058 0.311283288841 1.19155593874 1 1 1 0.29 0
381 4 6 0 1 -9.81 0.5 1.73215007782 0.0405941390779 1 Borja  1043.1745412050002 0.058 0.562368874703 1.19155593874 1 1 1 0.29 1
382 3 4.5 0 0 -9.81 0.5 1.56432104111 0.164867078565 1 Borja  1046.030502457 0.058 0.26139526435 0.899453962542 1 1 1 0.29 0
383 3 6 0 1 9.81 0.5 1.62702703476 -0.0645289039824 1 Borja  1048.6956902989998 0.058 0.584748559083 1.19155593874 1 1 1 0.29 1
