trial vx vy vz LongOcclusion g timeStill rTime TemporalError environment id pupiltime IOD OccludedTimeOfTrajectory FlightDuration Drag DragFirst block accuracy LongOcclusion
0 4 6 0 1 12.753 0.5 4.55479288101 3.13273619319 1 Aniol  2.3283418299999994 0.064 0.455286729231 0.922056687823 1 1 1 0.65 1
1 4 4.5 0 1 12.753 0.5 1.2428958416 0.0478811044711 1 Aniol  7.993480678000196 0.064 0.3259414987 0.695014737127 1 1 1 0.65 1
2 4 6 0 0 12.753 0.5 1.57362794876 0.151571260938 1 Aniol  10.313402967000002 0.064 0.252151841422 0.922056687823 1 1 1 0.65 0
3 4 6 0 0 6.867 0.5 2.35279011726 0.169033129688 1 Aniol  12.991989328000045 0.064 0.425667289705 1.68375698758 1 1 1 0.65 0
4 3 6 0 1 11.2815 0.5 1.63327407837 0.0936521887509 1 Aniol  16.456180525000036 0.064 0.480687407669 1.03962188962 1 1 1 0.65 1
5 3 4.5 0 0 9.81 0.5 1.50190210342 0.102448140882 1 Aniol  19.19113434100018 0.064 0.256238300136 0.899453962542 1 1 1 0.65 0
6 4 4.5 0 1 8.3385 0.5 1.67347216606 0.118909937007 1 Aniol  21.804952775000174 0.064 0.501157849554 1.05456222905 1 1 1 0.65 1
7 3 4.5 0 0 8.3385 0.5 1.60887503624 0.0543128071849 1 Aniol  24.599573727000006 0.064 0.300309900639 1.05456222905 1 1 1 0.65 0
8 4 4.5 0 0 8.3385 0.5 1.59632086754 0.0417586384837 1 Aniol  27.314911471000187 0.064 0.299330750685 1.05456222905 1 1 1 0.65 0
9 3 4.5 0 0 6.867 0.5 2.04143714905 0.267106274229 1 Aniol  30.022707214000093 0.064 0.328122251203 1.27433087482 1 1 1 0.65 0
10 3 6 0 0 11.2815 0.5 1.66946911812 0.1298472285 1 Aniol  33.176133057000015 0.064 0.268098675748 1.03962188962 1 1 1 0.65 0
11 3 6 0 0 6.867 0.5 2.26532196999 0.0815649824104 1 Aniol  35.94936652300021 0.064 0.491897819814 1.68375698758 1 1 1 0.65 0
12 3 6 0 1 8.3385 0.5 2.04694390297 0.151428504973 1 Aniol  39.32258125800013 0.064 0.684000476473 1.395515398 1 1 1 0.65 1
13 3 6 0 1 6.867 0.5 2.41989994049 0.236142952915 1 Aniol  42.47002282900007 0.064 0.810073574688 1.68375698758 1 1 1 0.65 1
14 4 4.5 0 1 11.2815 0.5 1.30895996094 0.0248332739758 1 Aniol  45.96098190800012 0.064 0.36962119069 0.784126686962 1 1 1 0.65 1
15 3 6 0 1 9.81 0.5 1.79758405685 0.106028118112 1 Aniol  48.38353347400016 0.064 0.542938721924 1.19155593874 1 1 1 0.65 1
16 3 6 0 0 9.81 0.5 1.82545208931 0.133896150568 1 Aniol  51.27787277000016 0.064 0.332922338278 1.19155593874 1 1 1 0.65 0
17 4 6 0 0 8.3385 0.5 2.11859607697 0.223080678969 1 Aniol  54.20497199700003 0.064 0.373382614771 1.395515398 1 1 1 0.65 0
18 3 4.5 0 1 9.81 0.5 1.47315406799 0.0737001054514 1 Aniol  57.45104396600004 0.064 0.416457693092 0.899453962542 1 1 1 0.65 1
19 3 4.5 0 1 8.3385 0.5 1.62363314629 0.0690709172312 1 Aniol  60.01539618700008 0.064 0.516295102675 1.05456222905 1 1 1 0.65 1
20 3 4.5 0 1 6.867 0.5 1.78117513657 0.006844261747 1 Aniol  62.75314372800017 0.064 0.581330650695 1.27433087482 1 1 1 0.65 1
21 4 6 0 0 11.2815 0.5 1.775151968 0.235530078384 1 Aniol  65.6400335620001 0.064 0.29075266153 1.03962188962 1 1 1 0.65 0
22 4 4.5 0 1 9.81 0.5 1.53793597221 0.138482009672 1 Aniol  68.52171606600018 0.064 0.426195431933 0.899453962542 1 1 1 0.65 1
23 4 4.5 0 1 6.867 0.5 1.80538892746 0.0310580526406 1 Aniol  71.18929352100008 0.064 0.578126268498 1.27433087482 1 1 1 0.65 1
24 4 6 0 0 9.81 0.5 1.90895104408 0.217395105341 1 Aniol  74.10843857500004 0.064 0.331673845601 1.19155593874 1 1 1 0.65 0
25 3 4.5 0 1 11.2815 0.5 1.37195491791 0.087828230946 1 Aniol  77.11445460000004 0.064 0.378868873114 0.784126686962 1 1 1 0.65 1
26 4 6 0 1 9.81 0.5 1.76143193245 0.0698759937074 1 Aniol  79.59183243400003 0.064 0.576023811751 1.19155593874 1 1 1 0.65 1
27 3 6 0 0 12.753 0.5 1.52413201332 0.102075325498 1 Aniol  82.45133707800005 0.064 0.251631379946 0.922056687823 1 1 1 0.65 0
28 3 4.5 0 0 11.2815 0.5 1.43153095245 0.147404265492 1 Aniol  85.07870994000018 0.064 0.233479612469 0.784126686962 1 1 1 0.65 0
29 4 4.5 0 0 12.753 0.5 1.2193980217 0.0243832845706 1 Aniol  87.61948612700007 0.064 0.18194649057 0.695014737127 1 1 1 0.65 0
30 4 4.5 0 0 6.867 0.5 1.83000707626 0.0556762014443 1 Aniol  89.95118178400003 0.064 0.350371326826 1.27433087482 1 1 1 0.65 0
31 4 6 0 1 11.2815 0.5 1.73676419258 0.197142302963 1 Aniol  92.90906661300005 0.064 0.495768203038 1.03962188962 1 1 1 0.65 1
32 4 4.5 0 0 11.2815 0.5 1.38453698158 0.100410294621 1 Aniol  95.72084705100019 0.064 0.225105011926 0.784126686962 1 1 1 0.65 0
33 3 6 0 0 8.3385 0.5 2.08776807785 0.192252679854 1 Aniol  98.20333600800018 0.064 0.367745375527 1.395515398 1 1 1 0.65 0
34 4 6 0 1 8.3385 0.5 2.02797102928 0.132455631286 1 Aniol  101.40029641200022 0.064 0.682730503625 1.395515398 1 1 1 0.65 1
35 4 6 0 1 6.867 0.5 2.35866785049 0.174910862919 1 Aniol  104.534296111 0.064 0.780445201273 1.68375698758 1 1 1 0.65 1
36 3 4.5 0 1 12.753 0.5 1.37184095383 0.1768262167 1 Aniol  107.98938118700016 0.064 0.339132981173 0.695014737127 1 1 1 0.65 1
37 3 4.5 0 0 12.753 0.5 1.40293884277 0.207924105646 1 Aniol  110.4624070010002 0.064 0.199620700599 0.695014737127 1 1 1 0.65 0
38 4 4.5 0 0 9.81 0.5 1.61006784439 0.210613881849 1 Aniol  112.97406698300006 0.064 0.254908930527 0.899453962542 1 1 1 0.65 0
39 3 6 0 1 12.753 0.5 1.65646409988 0.234407412061 1 Aniol  115.67722781500015 0.064 0.42384978719 0.922056687823 1 1 1 0.65 1
40 3 6 0 1 8.3385 0.5 1.99732995033 0.101814552337 1 Aniol  118.43640175400014 0.064 0.636605134727 1.395515398 1 1 1 0.65 1
41 4 4.5 0 0 6.867 0.5 1.86374211311 0.0894112382942 1 Aniol  121.54089808900017 0.064 0.371477124574 1.27433087482 1 1 1 0.65 0
42 3 6 0 1 9.81 0.5 1.79457783699 0.103021898248 1 Aniol  124.51029394500006 0.064 0.536605112666 1.19155593874 1 1 1 0.65 1
43 3 4.5 0 1 12.753 0.5 1.40504193306 0.210027195932 1 Aniol  127.41726699100013 0.064 0.341078593732 0.695014737127 1 1 1 0.65 1
44 3 4.5 0 0 11.2815 0.5 1.42657399178 0.142447304814 1 Aniol  129.94726991700009 0.064 0.214193782179 0.784126686962 1 1 1 0.65 0
45 4 6 0 0 12.753 0.5 1.59865808487 0.176601397047 1 Aniol  132.47571643800006 0.064 0.23711029666 0.922056687823 1 1 1 0.65 0
46 4 4.5 0 0 12.753 0.5 1.34540390968 0.150389172556 1 Aniol  135.16982516400003 0.064 0.188158896034 0.695014737127 1 1 1 0.65 0
47 4 4.5 0 1 11.2815 0.5 1.56486201286 0.280735325901 1 Aniol  137.61564060600017 0.064 0.367062386791 0.784126686962 1 1 1 0.65 1
48 3 4.5 0 1 9.81 0.5 1.59086608887 0.191412126325 1 Aniol  140.29206643800012 0.064 0.412119215371 0.899453962542 1 1 1 0.65 1
49 3 4.5 0 1 11.2815 0.5 1.56818604469 0.284059357731 1 Aniol  142.986174741 0.064 0.390006958062 0.784126686962 1 1 1 0.65 1
50 3 4.5 0 0 9.81 0.5 1.60719895363 0.207744991087 1 Aniol  145.64096980700015 0.064 0.229924759481 0.899453962542 1 1 1 0.65 0
51 3 6 0 0 12.753 0.5 1.61059212685 0.188535439024 1 Aniol  148.3515352270001 0.064 0.242959846493 0.922056687823 1 1 1 0.65 0
52 3 6 0 0 9.81 0.5 1.92885303497 0.237297096231 1 Aniol  151.0787091010002 0.064 0.335046704119 1.19155593874 1 1 1 0.65 0
53 4 4.5 0 1 12.753 0.5 1.36653089523 0.171516158106 1 Aniol  154.09160696800018 0.064 0.329646962242 0.695014737127 1 1 1 0.65 1
54 4 6 0 1 9.81 0.5 1.80422997475 0.112674036005 1 Aniol  156.58613746200012 0.064 0.568734020389 1.19155593874 1 1 1 0.65 1
55 3 4.5 0 0 12.753 0.5 1.37852597237 0.183511235239 1 Aniol  159.47798769500014 0.064 0.185060531207 0.695014737127 1 1 1 0.65 0
56 4 6 0 1 12.753 0.5 1.66239595413 0.240339266309 1 Aniol  161.95710371100017 0.064 0.442726032779 0.922056687823 1 1 1 0.65 1
57 3 6 0 0 6.867 0.5 2.34908604622 0.165329058643 1 Aniol  164.72369715100012 0.064 0.441368516283 1.68375698758 1 1 1 0.65 0
58 4 4.5 0 1 9.81 0.5 1.54574489594 0.146290933393 1 Aniol  168.18509237600006 0.064 0.425462750492 0.899453962542 1 1 1 0.65 1
59 4 6 0 1 11.2815 0.5 1.67312908173 0.133507192108 1 Aniol  170.82294258000002 0.064 0.517069288674 1.03962188962 1 1 1 0.65 1
60 4 4.5 0 1 8.3385 0.5 1.69205403328 0.137491804225 1 Aniol  173.6100302660002 0.064 0.493326705606 1.05456222905 1 1 1 0.65 1
61 4 6 0 0 11.2815 0.5 1.66473293304 0.125111043426 1 Aniol  176.4208869250001 0.064 0.310037773072 1.03962188962 1 1 1 0.65 0
62 3 6 0 1 6.867 0.5 2.18829798698 0.00454099940871 1 Aniol  179.1900459100002 0.064 0.776520420098 1.68375698758 1 1 1 0.65 1
63 3 4.5 0 0 8.3385 0.5 1.66494297981 0.110380750758 1 Aniol  182.47839011100018 0.064 0.267128889571 1.05456222905 1 1 1 0.65 0
64 4 4.5 0 1 6.867 0.5 1.71053504944 -0.0637958253807 1 Aniol  185.27363606100016 0.064 0.632128421509 1.27433087482 1 1 1 0.65 1
65 4 4.5 0 0 8.3385 0.5 1.6742401123 0.11967788325 1 Aniol  188.0887233410001 0.064 0.266630213663 1.05456222905 1 1 1 0.65 0
66 3 6 0 1 12.753 0.5 1.63132500648 0.209268318662 1 Aniol  190.85553885600007 0.064 0.425750264484 0.922056687823 1 1 1 0.65 1
67 3 4.5 0 1 8.3385 0.5 1.70130777359 0.146745544535 1 Aniol  193.59340759700012 0.064 0.524761404895 1.05456222905 1 1 1 0.65 1
68 4 6 0 1 6.867 0.5 2.13487005234 -0.0488869352379 1 Aniol  196.42544764500008 0.064 0.81512991452 1.68375698758 1 1 1 0.65 1
69 4 4.5 0 0 11.2815 0.5 1.41731905937 0.13319237241 1 Aniol  199.66617547200008 0.064 0.220467374781 0.784126686962 1 1 1 0.65 0
70 4 6 0 0 6.867 0.5 2.32034897804 0.136591990467 1 Aniol  202.1834227840002 0.064 0.457483017953 1.68375698758 1 1 1 0.65 0
71 4 6 0 0 8.3385 0.5 2.13383316994 0.238317771941 1 Aniol  205.60173859200017 0.064 0.370538722004 1.395515398 1 1 1 0.65 0
72 3 4.5 0 1 6.867 0.5 1.87976288795 0.105432013136 1 Aniol  208.8424539670002 0.064 0.596974447311 1.27433087482 1 1 1 0.65 1
73 3 4.5 0 0 6.867 0.5 1.97808504105 0.203754166227 1 Aniol  211.822220453 0.064 0.329711457055 1.27433087482 1 1 1 0.65 0
74 3 6 0 0 11.2815 0.5 2.01377701759 0.474155127975 1 Aniol  214.90104154100004 0.064 0.266859685066 1.03962188962 1 1 1 0.65 0
75 4 6 0 1 8.3385 0.5 2.09256100655 0.19704560855 1 Aniol  218.04275136 0.064 0.628925940843 1.395515398 1 1 1 0.65 1
76 4 4.5 0 0 9.81 0.5 1.55562400818 0.156170045637 1 Aniol  221.2122465120001 0.064 0.241324550462 0.899453962542 1 1 1 0.65 0
77 3 6 0 0 8.3385 0.5 2.19661784172 0.301102443725 1 Aniol  223.88538198100014 0.064 0.379288226339 1.395515398 1 1 1 0.65 0
78 4 6 0 0 9.81 0.5 1.73991012573 0.0483541869905 1 Aniol  227.16361541900005 0.064 0.340930541691 1.19155593874 1 1 1 0.65 0
79 3 6 0 1 11.2815 0.5 1.73635578156 0.196733891937 1 Aniol  230.0014365400002 0.064 0.493639476108 1.03962188962 1 1 1 0.65 1
80 3 6 0 1 9.81 0.5 1.79496598244 0.103410043695 1 Aniol  232.8427775260002 0.064 0.565283215777 1.19155593874 1 1 1 0.65 1
81 4 6 0 0 12.753 0.5 1.66444516182 0.242388473997 1 Aniol  235.7345373300002 0.064 0.248724900787 0.922056687823 1 1 1 0.65 0
82 4 4.5 0 0 6.867 0.5 1.83675098419 0.0624201093727 1 Aniol  238.52022936400022 0.064 0.35730671598 1.27433087482 1 1 1 0.65 0
83 4 4.5 0 1 6.867 0.5 1.83727097511 0.0629401002937 1 Aniol  241.4261139460002 0.064 0.607985146176 1.27433087482 1 1 1 0.65 1
84 3 4.5 0 0 11.2815 0.5 1.43766307831 0.153536391346 1 Aniol  244.3880926490001 0.064 0.200757671005 0.784126686962 1 1 1 0.65 0
85 4 4.5 0 1 8.3385 0.5 1.74061703682 0.186054807765 1 Aniol  246.93054705500003 0.064 0.489525139248 1.05456222905 1 1 1 0.65 1
86 4 4.5 0 1 11.2815 0.5 1.44567108154 0.161544394581 1 Aniol  249.78091337500018 0.064 0.371208204643 0.784126686962 1 1 1 0.65 1
87 4 4.5 0 0 11.2815 0.5 1.57006311417 0.285936427205 1 Aniol  252.328167505 0.064 0.22470865905 0.784126686962 1 1 1 0.65 0
88 4 6 0 1 9.81 0.5 1.74892497063 0.0573690318849 1 Aniol  254.9974061360001 0.064 0.536778284826 1.19155593874 1 1 1 0.65 1
89 3 6 0 0 8.3385 0.5 2.03563690186 0.140121503859 1 Aniol  257.8526195480001 0.064 0.392934254623 1.395515398 1 1 1 0.65 0
90 3 6 0 0 9.81 0.5 1.96971487999 0.278158941248 1 Aniol  261.00666624300015 0.064 0.320073968742 1.19155593874 1 1 1 0.65 0
91 3 4.5 0 1 12.753 0.5 1.44386005402 0.248845316889 1 Aniol  264.1005228870001 0.064 0.319288906593 0.695014737127 1 1 1 0.65 1
92 4 6 0 1 8.3385 0.5 2.06076407433 0.165248676329 1 Aniol  266.64827301800005 0.064 0.633714663525 1.395515398 1 1 1 0.65 1
93 3 6 0 0 11.2815 0.5 1.54471993446 0.00509804484527 1 Aniol  269.8188912150001 0.064 0.282156288843 1.03962188962 1 1 1 0.65 0
94 3 4.5 0 0 6.867 0.5 1.90304994583 0.128719071012 1 Aniol  272.49025003600013 0.064 0.356111923868 1.27433087482 1 1 1 0.65 0
95 4 6 0 0 6.867 0.5 2.34231996536 0.158562977787 1 Aniol  275.49405074800006 0.064 0.442107013101 1.68375698758 1 1 1 0.65 0
96 3 4.5 0 0 9.81 0.5 1.52631998062 0.12686601808 1 Aniol  278.9421763770001 0.064 0.262010912312 0.899453962542 1 1 1 0.65 0
97 4 6 0 0 11.2815 0.5 1.7673330307 0.227711141082 1 Aniol  281.5541362130002 0.064 0.308106562516 1.03962188962 1 1 1 0.65 0
98 4 4.5 0 0 9.81 0.5 1.56016016006 0.160706197523 1 Aniol  284.4278787840001 0.064 0.237394859862 0.899453962542 1 1 1 0.65 0
99 3 4.5 0 1 9.81 0.5 1.50664496422 0.107191001676 1 Aniol  287.08086033200016 0.064 0.440264627256 0.899453962542 1 1 1 0.65 1
100 3 6 0 0 6.867 0.5 2.46100306511 0.277246077534 1 Aniol  289.69943073900004 0.064 0.440806754502 1.68375698758 1 1 1 0.65 0
101 3 4.5 0 1 11.2815 0.5 1.5452849865 0.261158299534 1 Aniol  293.26887595000017 0.064 0.389183739165 0.784126686962 1 1 1 0.65 1
102 4 4.5 0 1 12.753 0.5 1.31274294853 0.117728211405 1 Aniol  295.9149801630001 0.064 0.334509827992 0.695014737127 1 1 1 0.65 1
103 4 6 0 1 12.753 0.5 1.60450601578 0.182449327955 1 Aniol  298.3257495800001 0.064 0.445632548876 0.922056687823 1 1 1 0.65 1
104 3 6 0 1 8.3385 0.5 2.1271879673 0.231672569304 1 Aniol  301.02398810600016 0.064 0.666765489521 1.395515398 1 1 1 0.65 1
105 3 4.5 0 0 8.3385 0.5 1.72939610481 0.174833875758 1 Aniol  304.27150066000013 0.064 0.287104514097 1.05456222905 1 1 1 0.65 0
106 3 6 0 0 12.753 0.5 1.81077098846 0.388714300642 1 Aniol  307.1101421960002 0.064 0.276068481839 0.922056687823 1 1 1 0.65 0
107 3 4.5 0 1 8.3385 0.5 1.84511995316 0.290557724101 1 Aniol  310.0336900460002 0.064 0.51206520623 1.05456222905 1 1 1 0.65 1
108 3 4.5 0 0 12.753 0.5 1.41300916672 0.21799442959 1 Aniol  312.9956333150001 0.064 0.207823752504 0.695014737127 1 1 1 0.65 0
109 4 4.5 0 0 12.753 0.5 1.40844106674 0.213426329615 1 Aniol  315.5099198700002 0.064 0.177967141251 0.695014737127 1 1 1 0.65 0
110 4 4.5 0 1 9.81 0.5 1.41773509979 0.0182811372507 1 Aniol  318.03367276200015 0.064 0.419833610204 0.899453962542 1 1 1 0.65 1
111 4 6 0 0 9.81 0.5 1.81539392471 0.123837985971 1 Aniol  320.5655378380002 0.064 0.324059793049 1.19155593874 1 1 1 0.65 0
112 4 6 0 0 8.3385 0.5 2.04048609734 0.14497069934 1 Aniol  323.48707967200016 0.064 0.415336433573 1.395515398 1 1 1 0.65 0
113 4 6 0 1 11.2815 0.5 1.72996997833 0.190348088714 1 Aniol  326.6314613820002 0.064 0.516165998377 1.03962188962 1 1 1 0.65 1
114 4 4.5 0 0 8.3385 0.5 1.7226691246 0.168106895549 1 Aniol  329.46828057100015 0.064 0.307691168042 1.05456222905 1 1 1 0.65 0
115 3 4.5 0 1 6.867 0.5 1.911714077 0.137383202177 1 Aniol  332.29672045200005 0.064 0.58810975419 1.27433087482 1 1 1 0.65 1
116 3 6 0 1 6.867 0.5 2.25132894516 0.0675719575844 1 Aniol  335.31018437500006 0.064 0.781238275275 1.68375698758 1 1 1 0.65 1
117 3 6 0 1 12.753 0.5 1.55568289757 0.133626209745 1 Aniol  338.67328003700004 0.064 0.419059199892 0.922056687823 1 1 1 0.65 1
118 4 6 0 1 6.867 0.5 2.16217708588 -0.0215799016991 1 Aniol  341.3525389360002 0.064 0.826614088782 1.68375698758 1 1 1 0.65 1
119 3 6 0 1 11.2815 0.5 1.700319767 0.16069787738 1 Aniol  344.6211702840001 0.064 0.511377766709 1.03962188962 1 1 1 0.65 1
120 4 4.5 0 1 12.753 0.5 1.2483830452 0.0533683080691 1 Aniol  347.4324267600002 0.064 0.33779347498 0.695014737127 1 1 1 0.65 1
121 3 6 0 1 11.2815 0.5 1.69790101051 0.158279120895 1 Aniol  349.7785055260001 0.064 0.490166123061 1.03962188962 1 1 1 0.65 1
122 4 6 0 1 9.81 0.5 1.66099905968 -0.0305568790648 1 Aniol  352.58279606500014 0.064 0.582274022292 1.19155593874 1 1 1 0.65 1
123 3 4.5 0 0 6.867 0.5 1.79820394516 0.0238730703407 1 Aniol  355.34702408400017 0.064 0.353553167216 1.27433087482 1 1 1 0.65 0
124 3 4.5 0 1 8.3385 0.5 1.631057024 0.0764947949473 1 Aniol  358.2649420470002 0.064 0.47838861666 1.05456222905 1 1 1 0.65 1
125 3 4.5 0 1 9.81 0.5 1.47859191895 0.0791379564035 1 Aniol  361.002762822 0.064 0.412578104945 0.899453962542 1 1 1 0.65 1
126 4 6 0 0 8.3385 0.5 2.02136707306 0.125851675063 1 Aniol  363.6051895090002 0.064 0.412201604431 1.395515398 1 1 1 0.65 0
127 3 6 0 0 9.81 0.5 1.77533507347 0.0837791347291 1 Aniol  366.7363877480002 0.064 0.356969517038 1.19155593874 1 1 1 0.65 0
128 3 6 0 0 12.753 0.5 1.64525699615 0.223200308332 1 Aniol  369.6066064380002 0.064 0.245348665425 0.922056687823 1 1 1 0.65 0
129 3 6 0 1 6.867 0.5 2.3244998455 0.140742857929 1 Aniol  372.3816407370002 0.064 0.830255328356 1.68375698758 1 1 1 0.65 1
130 4 4.5 0 0 11.2815 0.5 1.4336130619 0.149486374943 1 Aniol  375.8131213140002 0.064 0.228830664911 0.784126686962 1 1 1 0.65 0
131 4 6 0 1 12.753 0.5 1.52917480469 0.107118116865 1 Aniol  378.3547731200001 0.064 0.424163636928 0.922056687823 1 1 1 0.65 1
132 4 4.5 0 0 6.867 0.5 1.79812002182 0.0237891470009 1 Aniol  380.98389288600015 0.064 0.33165811175 1.27433087482 1 1 1 0.65 0
133 3 6 0 0 8.3385 0.5 1.94590115547 0.0503857574757 1 Aniol  383.8947894360001 0.064 0.356741990851 1.395515398 1 1 1 0.65 0
134 3 4.5 0 1 12.753 0.5 1.33058309555 0.135568358423 1 Aniol  386.957195704 0.064 0.346454119424 0.695014737127 1 1 1 0.65 1
135 3 6 0 0 6.867 0.5 2.365858078 0.182101090427 1 Aniol  389.39101256900017 0.064 0.475455426257 1.68375698758 1 1 1 0.65 0
136 4 6 0 0 9.81 0.5 1.80781602859 0.116260089853 1 Aniol  392.87912331300004 0.064 0.305229742612 1.19155593874 1 1 1 0.65 0
137 3 4.5 0 0 8.3385 0.5 1.61103916168 0.0564769326274 1 Aniol  395.7932180290002 0.064 0.299386705232 1.05456222905 1 1 1 0.65 0
138 4 4.5 0 1 6.867 0.5 1.64621305466 -0.128117820162 1 Aniol  398.507379505 0.064 0.633026085749 1.27433087482 1 1 1 0.65 1
139 3 6 0 1 9.81 0.5 1.75946688652 0.0679109477784 1 Aniol  401.25971149400016 0.064 0.56314200153 1.19155593874 1 1 1 0.65 1
140 4 6 0 1 6.867 0.5 2.05712103844 -0.126635949139 1 Aniol  404.1201393120002 0.064 0.830361141149 1.68375698758 1 1 1 0.65 1
141 4 4.5 0 0 12.753 0.5 1.33833599091 0.143321253778 1 Aniol  407.25901044500006 0.064 0.175150677305 0.695014737127 1 1 1 0.65 0
142 4 6 0 1 8.3385 0.5 1.77119588852 -0.124319509477 1 Aniol  409.7008026010001 0.064 0.692108522929 1.395515398 1 1 1 0.65 1
143 3 6 0 0 11.2815 0.5 1.76243495941 0.222813069793 1 Aniol  412.5835037690001 0.064 0.295642508489 1.03962188962 1 1 1 0.65 0
144 3 6 0 1 12.753 0.5 1.66659593582 0.244539247999 1 Aniol  415.44180919400014 0.064 0.435163798751 0.922056687823 1 1 1 0.65 1
145 4 4.5 0 1 8.3385 0.5 1.70174503326 0.147182804209 1 Aniol  418.21677855600024 0.064 0.489727928649 1.05456222905 1 1 1 0.65 1
146 4 6 0 0 6.867 0.5 2.23479294777 0.0510359601936 1 Aniol  421.029646898 0.064 0.448089647727 1.68375698758 1 1 1 0.65 0
147 3 4.5 0 0 11.2815 0.5 1.43472290039 0.150596213429 1 Aniol  424.3808082300002 0.064 0.222838326832 0.784126686962 1 1 1 0.65 0
148 3 4.5 0 1 11.2815 0.5 1.31913018227 0.0350034953045 1 Aniol  426.93378771000016 0.064 0.370556654818 0.784126686962 1 1 1 0.65 1
149 4 4.5 0 1 11.2815 0.5 1.45592594147 0.171799254506 1 Aniol  429.3515126850002 0.064 0.368128800124 0.784126686962 1 1 1 0.65 1
150 3 6 0 1 8.3385 0.5 2.05159211159 0.156076713591 1 Aniol  431.9110951480002 0.064 0.66465266423 1.395515398 1 1 1 0.65 1
151 4 6 0 0 12.753 0.5 1.63447713852 0.212420450696 1 Aniol  435.06954246800024 0.064 0.27480258607 0.922056687823 1 1 1 0.65 0
152 4 4.5 0 1 9.81 0.5 1.61035013199 0.210896169447 1 Aniol  437.80705045700006 0.064 0.412911181267 0.899453962542 1 1 1 0.65 1
153 3 4.5 0 1 6.867 0.5 1.86216807365 0.087837198835 1 Aniol  440.5275050560001 0.064 0.624333728927 1.27433087482 1 1 1 0.65 1
154 4 6 0 1 11.2815 0.5 1.83827996254 0.298658072921 1 Aniol  443.5013573340002 0.064 0.475652628023 1.03962188962 1 1 1 0.65 1
155 3 4.5 0 0 12.753 0.5 1.3011469841 0.106132246973 1 Aniol  446.43805508900004 0.064 0.195674428402 0.695014737127 1 1 1 0.65 0
156 4 4.5 0 0 8.3385 0.5 1.8019721508 0.247409921748 1 Aniol  448.847751623 0.064 0.285663283393 1.05456222905 1 1 1 0.65 0
157 4 4.5 0 0 9.81 0.5 1.5403649807 0.140911018156 1 Aniol  451.76456938 0.064 0.235212856197 0.899453962542 1 1 1 0.65 0
158 3 4.5 0 0 9.81 0.5 1.54415297508 0.144699012541 1 Aniol  454.41172408700004 0.064 0.242009556939 0.899453962542 1 1 1 0.65 0
159 4 6 0 0 11.2815 0.5 1.6659309864 0.126309096786 1 Aniol  457.0674189430001 0.064 0.268604789621 1.03962188962 1 1 1 0.65 0
160 4 6 0 1 11.2815 0.5 1.837474823 0.29785293338 1 Aniol  459.8372794090001 0.064 0.508905546442 1.03962188962 1 1 1 0.65 1
161 4 4.5 0 0 11.2815 0.5 1.37613797188 0.0920112849163 1 Aniol  462.7727084940002 0.064 0.204289296507 0.784126686962 1 1 1 0.65 0
162 3 6 0 1 12.753 0.5 1.6889629364 0.266906248579 1 Aniol  465.25573069000006 0.064 0.419041417014 0.922056687823 1 1 1 0.65 1
163 4 4.5 0 1 12.753 0.5 1.32026481628 0.125250079157 1 Aniol  468.0541726460001 0.064 0.34702770073 0.695014737127 1 1 1 0.65 1
164 4 6 0 0 12.753 0.5 1.767993927 0.345937239179 1 Aniol  470.47994490300016 0.064 0.26952990041 0.922056687823 1 1 1 0.65 0
165 3 4.5 0 0 8.3385 0.5 1.71819901466 0.163636785609 1 Aniol  473.3584646620002 0.064 0.307010409872 1.05456222905 1 1 1 0.65 0
166 4 6 0 0 6.867 0.5 2.42453122139 0.240774233814 1 Aniol  476.17455550900013 0.064 0.485937021233 1.68375698758 1 1 1 0.65 0
167 3 4.5 0 0 11.2815 0.5 1.40529799461 0.121171307652 1 Aniol  479.7200811670002 0.064 0.202190895818 0.784126686962 1 1 1 0.65 0
168 4 4.5 0 0 8.3385 0.5 1.6101000309 0.0555378018443 1 Aniol  482.2354377370002 0.064 0.27690404983 1.05456222905 1 1 1 0.65 0
169 4 4.5 0 1 8.3385 0.5 1.63045310974 0.0758908806864 1 Aniol  484.9399350770002 0.064 0.500237685976 1.05456222905 1 1 1 0.65 1
170 3 6 0 0 6.867 0.5 2.25199007988 0.0682330923042 1 Aniol  487.6883873930001 0.064 0.486107997027 1.68375698758 1 1 1 0.65 0
171 4 4.5 0 0 6.867 0.5 1.87157607079 0.0972451959664 1 Aniol  491.0389553440002 0.064 0.339839287212 1.27433087482 1 1 1 0.65 0
172 3 6 0 1 11.2815 0.5 1.74190998077 0.202288091156 1 Aniol  494.0467404100002 0.064 0.518534408542 1.03962188962 1 1 1 0.65 1
173 3 6 0 1 8.3385 0.5 1.94429802895 0.0487826309499 1 Aniol  496.8903516030002 0.064 0.630185187512 1.395515398 1 1 1 0.65 1
174 3 4.5 0 0 9.81 0.5 1.51043987274 0.1109859102 1 Aniol  499.92984921200014 0.064 0.238731479606 0.899453962542 1 1 1 0.65 0
175 3 4.5 0 0 6.867 0.5 1.86815285683 0.0938219820076 1 Aniol  502.55415309700015 0.064 0.325133964689 1.27433087482 1 1 1 0.65 0
176 3 4.5 0 1 12.753 0.5 1.31299901009 0.117984272959 1 Aniol  505.5149227830002 0.064 0.337304699985 0.695014737127 1 1 1 0.65 1
177 3 4.5 0 1 9.81 0.5 1.50287818909 0.103424226545 1 Aniol  507.93404999400013 0.064 0.413848431396 0.899453962542 1 1 1 0.65 1
178 3 6 0 1 9.81 0.5 1.77951312065 0.0879571819093 1 Aniol  510.5357917800002 0.064 0.57104971206 1.19155593874 1 1 1 0.65 1
179 3 6 0 1 6.867 0.5 2.40869498253 0.224937994953 1 Aniol  513.4207035170002 0.064 0.840976439081 1.68375698758 1 1 1 0.65 1
180 4 4.5 0 1 6.867 0.5 1.83263397217 0.0583030973488 1 Aniol  516.95432254 0.064 0.586981565192 1.27433087482 1 1 1 0.65 1
181 3 4.5 0 1 11.2815 0.5 1.37816214561 0.0940354586529 1 Aniol  519.8915343600002 0.064 0.352924226266 0.784126686962 1 1 1 0.65 1
182 4 6 0 0 8.3385 0.5 2.02297210693 0.127456708938 1 Aniol  522.373756252 0.064 0.365509174526 1.395515398 1 1 1 0.65 0
183 3 6 0 0 11.2815 0.5 1.74577689171 0.20615500209 1 Aniol  525.5090232860002 0.064 0.278733866647 1.03962188962 1 1 1 0.65 0
184 3 4.5 0 1 8.3385 0.5 1.72349119186 0.168928962809 1 Aniol  528.3680736250001 0.064 0.497628098347 1.05456222905 1 1 1 0.65 1
185 3 6 0 0 12.753 0.5 1.56800603867 0.145949350843 1 Aniol  531.1883290830001 0.064 0.238945567153 0.922056687823 1 1 1 0.65 0
186 4 6 0 1 8.3385 0.5 1.96429204941 0.0687766514119 1 Aniol  533.8588133650001 0.064 0.66814392118 1.395515398 1 1 1 0.65 1
187 3 6 0 0 9.81 0.5 1.83218312263 0.140627183893 1 Aniol  536.9362755880002 0.064 0.354928047362 1.19155593874 1 1 1 0.65 0
188 4 6 0 0 9.81 0.5 1.7617430687 0.0701871299531 1 Aniol  539.8767537220001 0.064 0.324982768591 1.19155593874 1 1 1 0.65 0
189 4 4.5 0 0 9.81 0.5 1.5465528965 0.147098933958 1 Aniol  542.7457284940001 0.064 0.250393484455 0.899453962542 1 1 1 0.65 0
190 4 4.5 0 1 11.2815 0.5 1.38485479355 0.100728106587 1 Aniol  545.3931215230002 0.064 0.382497785964 0.784126686962 1 1 1 0.65 1
191 4 4.5 0 0 12.753 0.5 1.40344381332 0.208429076197 1 Aniol  547.888830673 0.064 0.203598738355 0.695014737127 1 1 1 0.65 0
192 4 4.5 0 1 9.81 0.5 1.55813407898 0.158680116438 1 Aniol  550.4205022850001 0.064 0.446777860303 0.899453962542 1 1 1 0.65 1
193 4 6 0 1 9.81 0.5 1.82899999619 0.137444057443 1 Aniol  553.0757271900002 0.064 0.570450755408 1.19155593874 1 1 1 0.65 1
194 4 6 0 1 12.753 0.5 1.57688713074 0.154830442914 1 Aniol  556.0192563210003 0.064 0.453150911457 0.922056687823 1 1 1 0.65 1
195 3 4.5 0 0 12.753 0.5 1.3302090168 0.135194279673 1 Aniol  558.6743790680002 0.064 0.189775744582 0.695014737127 1 1 1 0.65 0
196 3 4.5 0 1 6.867 0.5 1.8438179493 0.0694870744759 1 Aniol  561.11378831 0.064 0.573654260466 1.27433087482 1 1 1 0.65 1
197 3 6 0 0 8.3385 0.5 2.04154419899 0.146028800994 1 Aniol  564.037376796 0.064 0.377059932221 1.395515398 1 1 1 0.65 0
198 4 6 0 0 11.2815 0.5 1.64464497566 0.105023086044 1 Aniol  567.1674924990002 0.064 0.277513994951 1.03962188962 1 1 1 0.65 0
199 4 6 0 1 6.867 0.5 2.35433578491 0.170578797337 1 Aniol  569.920618315 0.064 0.759900456391 1.68375698758 1 1 1 0.65 1
200 4 6 0 1 12.753 0.5 1.49979090691 0.0777342190833 1 Aniol  573.3906046080001 0.064 0.416205580691 0.922056687823 1 1 1 0.65 1
201 4 4.5 0 0 12.753 0.5 1.2735888958 0.0785741586703 1 Aniol  576.016257627 0.064 0.191765116538 0.695014737127 1 1 1 0.65 0
202 3 4.5 0 1 6.867 0.5 1.89974808693 0.12541721211 1 Aniol  578.3936693580004 0.064 0.621418680565 1.27433087482 1 1 1 0.65 1
203 3 4.5 0 0 9.81 0.5 1.44914293289 0.04968897035 1 Aniol  581.3992340140003 0.064 0.245470894111 0.899453962542 1 1 1 0.65 0
204 3 4.5 0 0 6.867 0.5 1.61311006546 -0.161220809359 1 Aniol  583.9456098240003 0.064 0.373845948854 1.27433087482 1 1 1 0.65 0
205 4 6 0 0 12.753 0.5 1.55237698555 0.130320297727 1 Aniol  586.6810748010002 0.064 0.258173081215 0.922056687823 1 1 1 0.65 0
206 4 4.5 0 1 11.2815 0.5 1.38334202766 0.0992153407025 1 Aniol  589.355018876 0.064 0.369283423639 0.784126686962 1 1 1 0.65 1
207 3 6 0 0 12.753 0.5 1.59069395065 0.16863726283 1 Aniol  591.854380405 0.064 0.273882602042 0.922056687823 1 1 1 0.65 0
208 3 6 0 1 11.2815 0.5 1.75630402565 0.216682136032 1 Aniol  594.5584214190003 0.064 0.483452210185 1.03962188962 1 1 1 0.65 1
209 4 6 0 0 6.867 0.5 2.3601500988 0.176393111225 1 Aniol  597.4105435629999 0.064 0.439910794119 1.68375698758 1 1 1 0.65 0
210 3 4.5 0 0 8.3385 0.5 1.57806301117 0.0235007821147 1 Aniol  600.8758613990003 0.064 0.296200889826 1.05456222905 1 1 1 0.65 0
211 4 4.5 0 1 8.3385 0.5 1.50572109222 -0.0488411368306 1 Aniol  603.5528581050003 0.064 0.504656653262 1.05456222905 1 1 1 0.65 1
212 3 4.5 0 1 12.753 0.5 1.25637197495 0.0613572378177 1 Aniol  606.1655048370003 0.064 0.336105616897 0.695014737127 1 1 1 0.65 1
213 4 6 0 1 9.81 0.5 1.76060390472 0.0690479659822 1 Aniol  608.5265539740003 0.064 0.560638199022 1.19155593874 1 1 1 0.65 1
214 3 4.5 0 1 8.3385 0.5 1.51717495918 -0.037387269872 1 Aniol  611.4041857810003 0.064 0.489122676461 1.05456222905 1 1 1 0.65 1
215 3 6 0 1 12.753 0.5 1.67767095566 0.255614267835 1 Aniol  614.0198929890003 0.064 0.424942937861 0.922056687823 1 1 1 0.65 1
216 4 6 0 0 9.81 0.5 1.87957620621 0.188020267465 1 Aniol  616.8138581769999 0.064 0.310514592577 1.19155593874 1 1 1 0.65 0
217 4 6 0 1 11.2815 0.5 1.82607603073 0.286454141113 1 Aniol  619.8025694150001 0.064 0.519497949192 1.03962188962 1 1 1 0.65 1
218 4 6 0 0 11.2815 0.5 1.61196708679 0.0723451971738 1 Aniol  622.728267378 0.064 0.29999464495 1.03962188962 1 1 1 0.65 0
219 4 4.5 0 0 6.867 0.5 1.89319705963 0.118866184812 1 Aniol  625.4407355840003 0.064 0.364272555873 1.27433087482 1 1 1 0.65 0
220 3 4.5 0 1 11.2815 0.5 1.39908695221 0.114960265248 1 Aniol  628.4377576780003 0.064 0.36953071432 0.784126686962 1 1 1 0.65 1
221 3 6 0 1 6.867 0.5 2.38083696365 0.197079976078 1 Aniol  630.9421231420001 0.064 0.775351735631 1.68375698758 1 1 1 0.65 1
222 3 6 0 1 9.81 0.5 1.84431099892 0.152755060175 1 Aniol  634.4353360650002 0.064 0.537225114824 1.19155593874 1 1 1 0.65 1
223 3 6 0 1 8.3385 0.5 1.86057710648 -0.0349382915202 1 Aniol  637.3736637050001 0.064 0.632279681918 1.395515398 1 1 1 0.65 1
224 3 4.5 0 0 11.2815 0.5 1.38144516945 0.0973184824871 1 Aniol  640.338636471 0.064 0.224747144235 0.784126686962 1 1 1 0.65 0
225 3 6 0 0 11.2815 0.5 1.77233791351 0.232716023895 1 Aniol  642.826539053 0.064 0.292980426018 1.03962188962 1 1 1 0.65 0
226 4 4.5 0 0 11.2815 0.5 1.53351187706 0.249385190098 1 Aniol  645.7086366020003 0.064 0.208561324502 0.784126686962 1 1 1 0.65 0
227 3 6 0 0 8.3385 0.5 2.22496891022 0.329453512221 1 Aniol  648.3506192660002 0.064 0.404127649847 1.395515398 1 1 1 0.65 0
228 4 4.5 0 1 9.81 0.5 1.72117185593 0.321717893385 1 Aniol  651.6860104020002 0.064 0.431972136454 0.899453962542 1 1 1 0.65 1
229 4 6 0 0 8.3385 0.5 2.09489798546 0.199382587462 1 Aniol  654.4824504040002 0.064 0.40859380841 1.395515398 1 1 1 0.65 0
230 4 4.5 0 0 8.3385 0.5 1.94213199615 0.3875697671 1 Aniol  657.687259581 0.064 0.302142675171 1.05456222905 1 1 1 0.65 0
231 4 4.5 0 1 12.753 0.5 1.31275987625 0.117745139124 1 Aniol  660.7413285470002 0.064 0.324252105118 0.695014737127 1 1 1 0.65 1
232 4 6 0 1 6.867 0.5 2.02592587471 -0.157831112865 1 Aniol  663.1574610160001 0.064 0.802145833752 1.68375698758 1 1 1 0.65 1
233 3 4.5 0 0 12.753 0.5 1.34674692154 0.151732184412 1 Aniol  666.2868043530002 0.064 0.188359168968 0.695014737127 1 1 1 0.65 0
234 4 4.5 0 1 6.867 0.5 1.75641584396 -0.0179150308555 1 Aniol  668.734997865 0.064 0.624085128345 1.27433087482 1 1 1 0.65 1
235 3 4.5 0 1 9.81 0.5 1.50620007515 0.106746112608 1 Aniol  671.594407351 0.064 0.405302782778 0.899453962542 1 1 1 0.65 1
236 3 6 0 0 9.81 0.5 1.81239581108 0.120839872339 1 Aniol  674.214430861 0.064 0.357456256507 1.19155593874 1 1 1 0.65 0
237 3 6 0 0 6.867 0.5 2.28534007072 0.101583083149 1 Aniol  677.1331287390003 0.064 0.442111771077 1.68375698758 1 1 1 0.65 0
238 4 6 0 1 8.3385 0.5 1.92076396942 0.0252485714253 1 Aniol  680.5140647000003 0.064 0.663801285927 1.395515398 1 1 1 0.65 1
239 4 4.5 0 0 9.81 0.5 1.52739882469 0.12794486215 1 Aniol  683.5407849769999 0.064 0.241209557251 0.899453962542 1 1 1 0.65 0
240 4 4.5 0 1 11.2815 0.5 1.31699705124 0.0328703642773 1 Aniol  686.1756398490002 0.064 0.389738118188 0.784126686962 1 1 1 0.65 1
241 4 6 0 0 12.753 0.5 1.5682580471 0.146201359281 1 Aniol  688.5940732270001 0.064 0.234161673066 0.922056687823 1 1 1 0.65 0
242 4 6 0 1 9.81 0.5 1.66448903084 -0.027066907904 1 Aniol  691.2710889 0.064 0.56653824487 1.19155593874 1 1 1 0.65 1
243 4 6 0 1 11.2815 0.5 1.73814082146 0.198518931839 1 Aniol  694.0652024010001 0.064 0.478827992197 1.03962188962 1 1 1 0.65 1
244 4 6 0 0 8.3385 0.5 1.99647903442 0.100963636428 1 Aniol  696.9271811080002 0.064 0.409538760741 1.395515398 1 1 1 0.65 0
245 3 4.5 0 1 8.3385 0.5 1.54899001122 -0.00557221783955 1 Aniol  700.0260946880003 0.064 0.495621779165 1.05456222905 1 1 1 0.65 1
246 4 4.5 0 0 11.2815 0.5 1.41034412384 0.126217436879 1 Aniol  702.6906856820001 0.064 0.209915703626 0.784126686962 1 1 1 0.65 0
247 3 6 0 1 9.81 0.5 1.77546787262 0.0839119338777 1 Aniol  705.2056252320003 0.064 0.538551756074 1.19155593874 1 1 1 0.65 1
248 3 4.5 0 0 8.3385 0.5 1.64410305023 0.0895408211772 1 Aniol  708.064796654 0.064 0.278666898956 1.05456222905 1 1 1 0.65 0
249 4 6 0 1 8.3385 0.5 1.9849178791 0.0894024811085 1 Aniol  710.805053558 0.064 0.659918759088 1.395515398 1 1 1 0.65 1
250 4 4.5 0 0 9.81 0.5 1.53383708 0.13438311746 1 Aniol  713.9020793070003 0.064 0.239832859489 0.899453962542 1 1 1 0.65 0
251 3 6 0 1 6.867 0.5 2.25365686417 0.0698998765907 1 Aniol  716.5381878120002 0.064 0.761656882508 1.68375698758 1 1 1 0.65 1
252 4 4.5 0 1 9.81 0.5 1.4419798851 0.0425259225595 1 Aniol  719.8985274430001 0.064 0.440580560039 0.899453962542 1 1 1 0.65 1
253 4 6 0 1 6.867 0.5 2.15383386612 -0.0299231214562 1 Aniol  722.4429401750003 0.064 0.82037341595 1.68375698758 1 1 1 0.65 1
254 4 6 0 0 11.2815 0.5 1.5883140564 0.0486921667783 1 Aniol  725.7064709430001 0.064 0.263083879644 1.03962188962 1 1 1 0.65 0
255 4 4.5 0 1 12.753 0.5 1.40848588943 0.213471152307 1 Aniol  728.404916726 0.064 0.320966916921 0.695014737127 1 1 1 0.65 1
256 3 6 0 0 6.867 0.5 2.50639390945 0.322636921879 1 Aniol  730.912430073 0.064 0.478333223801 1.68375698758 1 1 1 0.65 0
257 3 6 0 0 8.3385 0.5 1.92800211906 0.0324867210683 1 Aniol  734.5174189019999 0.064 0.362747548692 1.395515398 1 1 1 0.65 0
258 3 6 0 1 12.753 0.5 1.52667784691 0.104621159086 1 Aniol  737.5483809900002 0.064 0.437111019117 0.922056687823 1 1 1 0.65 1
259 3 4.5 0 1 12.753 0.5 1.37648391724 0.181469180109 1 Aniol  740.192879017 0.064 0.323817600194 0.695014737127 1 1 1 0.65 1
260 3 4.5 0 0 11.2815 0.5 1.37430620193 0.0901795149731 1 Aniol  742.674711312 0.064 0.233820692351 0.784126686962 1 1 1 0.65 0
261 3 4.5 0 0 6.867 0.5 1.84605503082 0.0717241560036 1 Aniol  745.148221341 0.064 0.370173536088 1.27433087482 1 1 1 0.65 0
262 3 6 0 0 11.2815 0.5 1.76479697227 0.225175082657 1 Aniol  748.1056913560001 0.064 0.264077242173 1.03962188962 1 1 1 0.65 0
263 4 6 0 1 12.753 0.5 1.61369204521 0.191635357389 1 Aniol  750.9836088090001 0.064 0.440595329739 0.922056687823 1 1 1 0.65 1
264 3 4.5 0 1 11.2815 0.5 1.5606470108 0.276520323842 1 Aniol  753.6941383910003 0.064 0.376361797088 0.784126686962 1 1 1 0.65 1
265 3 4.5 0 0 12.753 0.5 1.44503498077 0.250020243647 1 Aniol  756.3656057510002 0.064 0.202311864811 0.695014737127 1 1 1 0.65 0
266 4 4.5 0 0 12.753 0.5 1.38205814362 0.187043406488 1 Aniol  758.9113388190003 0.064 0.197958417826 0.695014737127 1 1 1 0.65 0
267 4 4.5 0 0 8.3385 0.5 5.31941986084 3.76485763179 1 Aniol  763.2672506240001 0.064 0.283311923878 1.05456222905 1 1 1 0.65 0
268 3 4.5 0 1 6.867 0.5 1.87551617622 0.101185301405 1 Aniol  767.8196756269999 0.064 0.625527470308 1.27433087482 1 1 1 0.65 1
269 3 6 0 0 12.753 0.5 1.73584103584 0.31378434802 1 Aniol  770.8047058390002 0.064 0.275951043741 0.922056687823 1 1 1 0.65 0
270 4 6 0 0 9.81 0.5 1.86157202721 0.170016088464 1 Aniol  773.6451927630001 0.064 0.345497743699 1.19155593874 1 1 1 0.65 0
271 4 6 0 0 6.867 0.5 2.39250206947 0.208745081898 1 Aniol  776.6185660579999 0.064 0.485286194853 1.68375698758 1 1 1 0.65 0
272 3 6 0 1 11.2815 0.5 1.8037750721 0.26415318248 1 Aniol  780.114619769 0.064 0.472899447954 1.03962188962 1 1 1 0.65 1
273 3 6 0 0 9.81 0.5 1.8224170208 0.130861082056 1 Aniol  783.023051011 0.064 0.304624961794 1.19155593874 1 1 1 0.65 0
274 3 6 0 1 8.3385 0.5 1.956635952 0.0611205539998 1 Aniol  785.9603210200003 0.064 0.677980061826 1.395515398 1 1 1 0.65 1
275 4 4.5 0 1 8.3385 0.5 1.63831305504 0.0837508259837 1 Aniol  788.9948773000001 0.064 0.520864833978 1.05456222905 1 1 1 0.65 1
276 3 4.5 0 1 9.81 0.5 1.53857183456 0.139117872022 1 Aniol  791.7070332810003 0.064 0.447792000686 0.899453962542 1 1 1 0.65 1
277 3 4.5 0 0 9.81 0.5 1.63742589951 0.237971936964 1 Aniol  794.3515650050003 0.064 0.244081661037 0.899453962542 1 1 1 0.65 0
278 4 4.5 0 0 6.867 0.5 1.89996790886 0.12563703404 1 Aniol  797.0911924900001 0.064 0.346510196969 1.27433087482 1 1 1 0.65 0
279 4 4.5 0 1 6.867 0.5 1.93854284286 0.164211968046 1 Aniol  800.101688448 0.064 0.607012947081 1.27433087482 1 1 1 0.65 1
280 3 6 0 1 12.753 0.5 1.69832110405 0.276264416227 1 Aniol  803.1445832300001 0.064 0.434507207656 0.922056687823 1 1 1 0.65 1
281 4 6 0 0 9.81 0.5 1.77287912369 0.0813231849458 1 Aniol  805.9589616550002 0.064 0.313189426304 1.19155593874 1 1 1 0.65 0
282 3 6 0 1 11.2815 0.5 1.70330405235 0.163682162735 1 Aniol  808.8328133919999 0.064 0.519477929164 1.03962188962 1 1 1 0.65 1
283 3 4.5 0 0 6.867 0.5 1.8838300705 0.109499195676 1 Aniol  811.6424200460001 0.064 0.3570611193 1.27433087482 1 1 1 0.65 0
284 3 4.5 0 1 9.81 0.5 1.47222089767 0.0727669351328 1 Aniol  814.657501871 0.064 0.407937015982 0.899453962542 1 1 1 0.65 1
285 4 6 0 1 6.867 0.5 2.19825291634 0.0144959287605 1 Aniol  817.228600427 0.064 0.826406819009 1.68375698758 1 1 1 0.65 1
286 3 6 0 0 8.3385 0.5 2.16275906563 0.267243667632 1 Aniol  820.55053348 0.064 0.382123655749 1.395515398 1 1 1 0.65 0
287 4 4.5 0 0 6.867 0.5 1.94145798683 0.167127112012 1 Aniol  823.8165199580003 0.064 0.33652079809 1.27433087482 1 1 1 0.65 0
288 4 4.5 0 0 11.2815 0.5 1.4384739399 0.154347252934 1 Aniol  826.8532374290003 0.064 0.231015191722 0.784126686962 1 1 1 0.65 0
289 3 6 0 1 6.867 0.5 2.22052717209 0.0367701845131 1 Aniol  829.3965948750001 0.064 0.768447951368 1.68375698758 1 1 1 0.65 1
290 3 4.5 0 0 12.753 0.5 1.24741101265 0.0523962755221 1 Aniol  832.7256680190003 0.064 0.203908501437 0.695014737127 1 1 1 0.65 0
291 4 6 0 1 8.3385 0.5 1.90262818336 0.0071127853688 1 Aniol  835.0962424429999 0.064 0.653809283435 1.395515398 1 1 1 0.65 1
292 3 4.5 0 0 8.3385 0.5 1.74292302132 0.188360792262 1 Aniol  838.099630016 0.064 0.265151226586 1.05456222905 1 1 1 0.65 0
293 3 4.5 0 1 12.753 0.5 1.4012169838 0.206202246668 1 Aniol  840.9368578580002 0.064 0.319379743778 0.695014737127 1 1 1 0.65 1
294 4 4.5 0 1 12.753 0.5 1.37330985069 0.178295113565 1 Aniol  843.4486672500002 0.064 0.324694934285 0.695014737127 1 1 1 0.65 1
295 3 4.5 0 1 6.867 0.5 1.77197504044 -0.00235583438338 1 Aniol  845.9342880230001 0.064 0.612205958802 1.27433087482 1 1 1 0.65 1
296 4 4.5 0 0 8.3385 0.5 1.61034393311 0.0557817040507 1 Aniol  848.8109415490003 0.064 0.30309225844 1.05456222905 1 1 1 0.65 0
297 4 4.5 0 1 8.3385 0.5 1.61520814896 0.0606459199015 1 Aniol  851.532850129 0.064 0.504170139729 1.05456222905 1 1 1 0.65 1
298 4 6 0 0 11.2815 0.5 1.60695099831 0.067329108688 1 Aniol  854.262639988 0.064 0.289358698205 1.03962188962 1 1 1 0.65 0
299 4 6 0 0 12.753 0.5 1.5773229599 0.155266272077 1 Aniol  856.9760576650001 0.064 0.259887697575 0.922056687823 1 1 1 0.65 0
300 4 4.5 0 1 6.867 0.5 1.78007507324 0.00574419842302 1 Aniol  859.6553345550001 0.064 0.598187249803 1.27433087482 1 1 1 0.65 1
301 4 4.5 0 0 9.81 0.5 1.46944499016 0.0699910276163 1 Aniol  862.548042597 0.064 0.240654238506 0.899453962542 1 1 1 0.65 0
302 4 4.5 0 1 9.81 0.5 1.47975802422 0.0803040616739 1 Aniol  865.0930391810002 0.064 0.424255908415 0.899453962542 1 1 1 0.65 1
303 4 6 0 1 11.2815 0.5 1.67621803284 0.136596143219 1 Aniol  867.6742602090003 0.064 0.470516879371 1.03962188962 1 1 1 0.65 1
304 4 4.5 0 1 11.2815 0.5 1.3848991394 0.100772452443 1 Aniol  870.4567380120002 0.064 0.354491258601 0.784126686962 1 1 1 0.65 1
305 3 6 0 0 6.867 0.5 2.37665390968 0.192896922108 1 Aniol  872.9410874570003 0.064 0.452531672956 1.68375698758 1 1 1 0.65 0
306 3 4.5 0 1 11.2815 0.5 1.50791788101 0.22379119405 1 Aniol  876.3931797160003 0.064 0.355991284137 0.784126686962 1 1 1 0.65 1
307 3 6 0 0 11.2815 0.5 1.60393595695 0.0643140673367 1 Aniol  879.0060590050002 0.064 0.276705486267 1.03962188962 1 1 1 0.65 0
308 3 4.5 0 0 11.2815 0.5 1.34085798264 0.0567312956738 1 Aniol  881.715437419 0.064 0.215343767137 0.784126686962 1 1 1 0.65 0
309 3 6 0 1 9.81 0.5 1.83443403244 0.142878093698 1 Aniol  884.1647972690002 0.064 0.574705728259 1.19155593874 1 1 1 0.65 1
310 4 4.5 0 0 12.753 0.5 1.33384490013 0.138830163004 1 Aniol  887.1058080020002 0.064 0.177802489178 0.695014737127 1 1 1 0.65 0
311 4 6 0 0 6.867 0.5 2.22936892509 0.0456119375191 1 Aniol  889.5463346629999 0.064 0.440338241801 1.68375698758 1 1 1 0.65 0
312 4 6 0 0 8.3385 0.5 1.99761414528 0.102098747283 1 Aniol  892.8753066700001 0.064 0.375615123463 1.395515398 1 1 1 0.65 0
313 3 6 0 1 8.3385 0.5 2.05772900581 0.162213607818 1 Aniol  895.9801280350002 0.064 0.695027873049 1.395515398 1 1 1 0.65 1
314 3 6 0 0 9.81 0.5 1.81672000885 0.125164070108 1 Aniol  899.1560253580001 0.064 0.308357802567 1.19155593874 1 1 1 0.65 0
315 4 6 0 1 12.753 0.5 1.48172593117 0.0596692433448 1 Aniol  902.074394278 0.064 0.422568800412 0.922056687823 1 1 1 0.65 1
316 3 4.5 0 1 8.3385 0.5 1.737003088 0.182440858943 1 Aniol  904.6609982640002 0.064 0.491958311563 1.05456222905 1 1 1 0.65 1
317 3 6 0 0 12.753 0.5 1.60888886452 0.186832176694 1 Aniol  907.4805226930002 0.064 0.237237048163 0.922056687823 1 1 1 0.65 0
318 4 6 0 1 9.81 0.5 1.76912999153 0.0775740527894 1 Aniol  910.191183121 0.064 0.595382880453 1.19155593874 1 1 1 0.65 1
319 3 4.5 0 0 9.81 0.5 1.5035378933 0.104083930753 1 Aniol  913.07390915 0.064 0.228929572957 0.899453962542 1 1 1 0.65 0
