trial vx vy vz LongOcclusion g timeStill rTime TemporalError environment id pupiltime IOD OccludedTimeOfTrajectory FlightDuration Drag DragFirst block accuracy LongOcclusion
0 4 4.5 0 1 9.81 0.5 2.30114579201 0.901691829466 1 Cristian  2.2094668469999306 0.064 0.4331469528 0.899453962542 1 1 4 0.31 1
1 3 4.5 0 0 9.81 0.5 1.53323602676 0.133782064222 1 Cristian  5.646510657999897 0.064 0.266637319611 0.899453962542 1 1 4 0.31 0
2 4 4.5 0 1 -9.81 0.5 1.57662582397 0.177171861433 1 Cristian  8.270284916001401 0.064 0.410716728058 0.899453962542 1 1 4 0.31 1
3 4 4.5 0 0 -9.81 0.5 1.55167984962 0.152225887083 1 Cristian  10.986938398000348 0.064 0.26286785335 0.899453962542 1 1 4 0.31 0
4 3 6 0 0 -9.81 0.5 1.8913860321 0.199830093363 1 Cristian  13.650149570999929 0.064 0.324323807955 1.19155593874 1 1 4 0.31 0
5 4 4.5 0 0 9.81 0.5 1.40799999237 0.00854602982881 1 Cristian  16.66415425300147 0.064 0.24348011662 0.899453962542 1 1 4 0.31 0
6 3 4.5 0 1 -9.81 0.5 1.55243301392 0.152979051374 1 Cristian  19.182033058001252 0.064 0.413275139521 0.899453962542 1 1 4 0.31 1
7 4 6 0 1 -9.81 0.5 1.74671292305 0.055156984308 1 Cristian  21.856589125000028 0.064 0.585691911189 1.19155593874 1 1 4 0.31 1
8 3 6 0 0 9.81 0.5 1.72015285492 0.0285969161775 1 Cristian  24.716622796000593 0.064 0.345261724278 1.19155593874 1 1 4 0.31 0
9 4 6 0 1 9.81 0.5 1.77015209198 0.078596153238 1 Cristian  27.539741261000017 0.064 0.585695831676 1.19155593874 1 1 4 0.31 1
10 4 6 0 0 9.81 0.5 1.71513581276 0.0235798740174 1 Cristian  30.42682556300133 0.064 0.32087544466 1.19155593874 1 1 4 0.31 0
11 3 6 0 1 -9.81 0.5 1.84145593643 0.14989999769 1 Cristian  33.278990365000936 0.064 0.590758005483 1.19155593874 1 1 4 0.31 1
12 3 4.5 0 1 9.81 0.5 1.45436787605 0.0549139135111 1 Cristian  36.21211610700084 0.064 0.423168568908 0.899453962542 1 1 4 0.31 1
13 3 6 0 1 9.81 0.5 1.81590509415 0.124349155405 1 Cristian  38.762776043000486 0.064 0.542254751654 1.19155593874 1 1 4 0.31 1
14 4 6 0 0 -9.81 0.5 1.83591604233 0.144360103586 1 Cristian  41.70162274800168 0.064 0.352363460341 1.19155593874 1 1 4 0.31 0
15 3 4.5 0 0 -9.81 0.5 1.52758383751 0.128129874967 1 Cristian  44.659311503000936 0.064 0.235803724252 0.899453962542 1 1 4 0.31 0
16 4 6 0 1 -9.81 0.5 1.80538392067 0.113827981928 1 Cristian  47.30892055300137 0.064 0.574047758652 1.19155593874 1 1 4 0.31 1
17 4 4.5 0 1 9.81 0.5 1.3467040062 -0.0527499563467 1 Cristian  50.23687330300163 0.064 0.437887578396 0.899453962542 1 1 4 0.31 1
18 3 4.5 0 1 -9.81 0.5 1.37848305702 -0.0209709055197 1 Cristian  52.69457873900137 0.064 0.428404520097 0.899453962542 1 1 4 0.31 1
19 3 4.5 0 1 9.81 0.5 1.40957593918 0.0101219766367 1 Cristian  55.17028782900161 0.064 0.416427310189 0.899453962542 1 1 4 0.31 1
20 3 6 0 1 -9.81 0.5 1.81848406792 0.126928129175 1 Cristian  57.70249980600056 0.064 0.536763340634 1.19155593874 1 1 4 0.31 1
21 4 6 0 0 9.81 0.5 1.74353504181 0.0519791030671 1 Cristian  60.651864780000324 0.064 0.352075704061 1.19155593874 1 1 4 0.31 0
22 3 4.5 0 0 9.81 0.5 1.40711212158 0.00765815904023 1 Cristian  63.51003074000073 0.064 0.244182653006 0.899453962542 1 1 4 0.31 0
23 3 4.5 0 0 -9.81 0.5 1.53941488266 0.139960920118 1 Cristian  66.02943728300124 0.064 0.256703719622 0.899453962542 1 1 4 0.31 0
24 4 4.5 0 0 9.81 0.5 1.47054696083 0.0710929982889 1 Cristian  68.67139641600079 0.064 0.246881110779 0.899453962542 1 1 4 0.31 0
25 4 6 0 1 9.81 0.5 1.67043185234 -0.0211240864013 1 Cristian  71.2686678550017 0.064 0.537413077423 1.19155593874 1 1 4 0.31 1
26 4 6 0 0 -9.81 0.5 1.83242678642 0.140870847681 1 Cristian  74.04170753400103 0.064 0.324670101825 1.19155593874 1 1 4 0.31 0
27 3 6 0 0 9.81 0.5 1.64899897575 -0.0425569629882 1 Cristian  76.99138668200067 0.064 0.352046266951 1.19155593874 1 1 4 0.31 0
28 3 6 0 1 9.81 0.5 1.75004601479 0.0584900760438 1 Cristian  79.76658769300047 0.064 0.595714073382 1.19155593874 1 1 4 0.31 1
29 3 6 0 0 -9.81 0.5 1.80247402191 0.11091808317 1 Cristian  82.6304176700014 0.064 0.306601120274 1.19155593874 1 1 4 0.31 0
30 4 4.5 0 1 -9.81 0.5 1.32212686539 -0.0773270971548 1 Cristian  85.5431576280007 0.064 0.439189234713 0.899453962542 1 1 4 0.31 1
31 4 4.5 0 0 -9.81 0.5 1.38580703735 -0.0136469251883 1 Cristian  87.99623407500076 0.064 0.260895769917 0.899453962542 1 1 4 0.31 0
32 3 4.5 0 1 -9.81 0.5 1.45602178574 0.0565678231943 1 Cristian  90.50901064000027 0.064 0.445067130991 0.899453962542 1 1 4 0.31 1
33 3 6 0 0 9.81 0.5 1.60641789436 -0.0851380443786 1 Cristian  93.04552511300062 0.064 0.300475820617 1.19155593874 1 1 4 0.31 0
34 4 6 0 0 9.81 0.5 1.65497517586 -0.0365807628844 1 Cristian  95.7790032339999 0.064 0.339577521098 1.19155593874 1 1 4 0.31 0
35 3 4.5 0 0 -9.81 0.5 1.4826028347 0.0831488721597 1 Cristian  98.52943899100137 0.064 0.256525196855 0.899453962542 1 1 4 0.31 0
36 3 6 0 1 -9.81 0.5 1.79043912888 0.0988831901338 1 Cristian  101.12942485500025 0.064 0.541172330722 1.19155593874 1 1 4 0.31 1
37 4 6 0 0 -9.81 0.5 1.8086078167 0.117051877954 1 Cristian  104.05120080800043 0.064 0.343974624276 1.19155593874 1 1 4 0.31 0
38 4 6 0 1 -9.81 0.5 1.54601407051 -0.145541868231 1 Cristian  106.97002469700055 0.064 0.546997196116 1.19155593874 1 1 4 0.31 1
39 3 4.5 0 1 9.81 0.5 1.4538629055 0.0544089429605 1 Cristian  109.63253435400111 0.064 0.43215471267 0.899453962542 1 1 4 0.31 1
40 3 6 0 1 9.81 0.5 1.77013802528 0.0785820865418 1 Cristian  112.18828979200043 0.064 0.592795228283 1.19155593874 1 1 4 0.31 1
41 4 4.5 0 1 9.81 0.5 1.4740319252 0.0745779626596 1 Cristian  115.0834540830001 0.064 0.44824754293 0.899453962542 1 1 4 0.31 1
42 4 6 0 1 9.81 0.5 1.72799682617 0.0364408874299 1 Cristian  117.68280011800016 0.064 0.579064805449 1.19155593874 1 1 4 0.31 1
43 4 4.5 0 1 -9.81 0.5 1.50918197632 0.109728013777 1 Cristian  120.53714030800074 0.064 0.41886925294 0.899453962542 1 1 4 0.31 1
44 3 4.5 0 0 9.81 0.5 1.34815216064 -0.0513018018973 1 Cristian  123.16531508200023 0.064 0.238750220558 0.899453962542 1 1 4 0.31 0
45 4 4.5 0 0 9.81 0.5 1.43660092354 0.0371469609964 1 Cristian  125.63251178500104 0.064 0.267749634 0.899453962542 1 1 4 0.31 0
46 3 6 0 0 -9.81 0.5 1.75642991066 0.0648739719178 1 Cristian  128.16652133500065 0.064 0.353397182615 1.19155593874 1 1 4 0.31 0
47 4 4.5 0 0 -9.81 0.5 1.47837686539 0.0789229028452 1 Cristian  131.04812609500004 0.064 0.22530471872 0.899453962542 1 1 4 0.31 0
48 3 6 0 0 9.81 0.5 1.67725086212 -0.0143050766204 1 Cristian  133.6527790270011 0.064 0.336955141008 1.19155593874 1 1 4 0.31 0
49 4 6 0 1 -9.81 0.5 1.80426597595 0.11271003721 1 Cristian  136.44446842900106 0.064 0.550337769901 1.19155593874 1 1 4 0.31 1
50 4 6 0 0 9.81 0.5 1.77884483337 0.0872888946321 1 Cristian  139.37163725000028 0.064 0.3089795811 1.19155593874 1 1 4 0.31 0
51 3 4.5 0 0 9.81 0.5 1.44704389572 0.0475899331796 1 Cristian  142.2585270210002 0.064 0.249425245937 0.899453962542 1 1 4 0.31 0
52 4 6 0 0 -9.81 0.5 1.86021208763 0.168656148889 1 Cristian  144.82929410900033 0.064 0.317111444631 1.19155593874 1 1 4 0.31 0
53 3 6 0 1 -9.81 0.5 1.80420398712 0.11264804838 1 Cristian  147.80115916700015 0.064 0.566168830523 1.19155593874 1 1 4 0.31 1
54 3 6 0 1 9.81 0.5 1.70991897583 0.0183630370881 1 Cristian  150.72201746700011 0.064 0.566830690295 1.19155593874 1 1 4 0.31 1
55 4 4.5 0 0 9.81 0.5 1.40795993805 0.00850597550752 1 Cristian  153.52916021800047 0.064 0.259212996265 0.899453962542 1 1 4 0.31 0
56 4 4.5 0 1 -9.81 0.5 1.44008088112 0.040626918577 1 Cristian  156.0563383380013 0.064 0.43297312045 0.899453962542 1 1 4 0.31 1
57 3 4.5 0 0 -9.81 0.5 1.49213886261 0.0926849000681 1 Cristian  158.62465850800072 0.064 0.233381085901 0.899453962542 1 1 4 0.31 0
58 4 4.5 0 0 -9.81 0.5 1.42033720016 0.020883237623 1 Cristian  161.22821651900085 0.064 0.264939951198 0.899453962542 1 1 4 0.31 0
59 4 6 0 1 9.81 0.5 1.66584300995 -0.0257129287932 1 Cristian  163.76171154800068 0.064 0.566439198159 1.19155593874 1 1 4 0.31 1
60 3 4.5 0 1 -9.81 0.5 1.44322109222 0.0437671296823 1 Cristian  166.55239071100004 0.064 0.418055235076 0.899453962542 1 1 4 0.31 1
61 3 4.5 0 1 9.81 0.5 1.47115182877 0.0716978662241 1 Cristian  169.10569905300144 0.064 0.423736798235 0.899453962542 1 1 4 0.31 1
62 4 4.5 0 1 9.81 0.5 1.39171290398 -0.00774105856536 1 Cristian  171.70012975200007 0.064 0.410151925014 0.899453962542 1 1 4 0.31 1
63 3 6 0 0 -9.81 0.5 1.79688310623 0.10532716749 1 Cristian  174.21918363300028 0.064 0.352779286067 1.19155593874 1 1 4 0.31 0
64 4 4.5 0 0 -9.81 0.5 1.46947002411 0.0700160615671 1 Cristian  177.11548358600157 0.064 0.2555228668 0.899453962542 1 1 4 0.31 0
65 4 4.5 0 1 9.81 0.5 1.51451301575 0.115059053205 1 Cristian  179.6971738860011 0.064 0.443031944487 0.899453962542 1 1 4 0.31 1
66 3 6 0 0 9.81 0.5 1.78332901001 0.0917730712678 1 Cristian  182.30391020200113 0.064 0.311851184521 1.19155593874 1 1 4 0.31 0
67 4 6 0 0 9.81 0.5 1.71756696701 0.0260110282685 1 Cristian  185.2192331590013 0.064 0.329997837368 1.19155593874 1 1 4 0.31 0
68 3 4.5 0 0 -9.81 0.5 1.56412386894 0.1646699064 1 Cristian  188.03240370800086 0.064 0.245083839452 0.899453962542 1 1 4 0.31 0
69 4 6 0 0 -9.81 0.5 1.69334602356 0.00179008481761 1 Cristian  190.70882915600123 0.064 0.323224551687 1.19155593874 1 1 4 0.31 0
70 3 4.5 0 0 9.81 0.5 1.48020792007 0.0807539575327 1 Cristian  193.51422438100053 0.064 0.264044930671 0.899453962542 1 1 4 0.31 0
71 4 6 0 1 9.81 0.5 1.76621484756 0.0746589088227 1 Cristian  196.10458277399994 0.064 0.576449883232 1.19155593874 1 1 4 0.31 1
72 3 6 0 0 -9.81 0.5 1.76862812042 0.0770721816804 1 Cristian  198.98705805999998 0.064 0.336779251221 1.19155593874 1 1 4 0.31 0
73 4 4.5 0 0 9.81 0.5 1.39427495003 -0.00517901251433 1 Cristian  201.87124728000163 0.064 0.248809663193 0.899453962542 1 1 4 0.31 0
74 3 4.5 0 1 9.81 0.5 1.45001983643 0.050565873884 1 Cristian  204.3739352620014 0.064 0.423063871479 0.899453962542 1 1 4 0.31 1
75 3 4.5 0 1 -9.81 0.5 1.45094513893 0.0514911763895 1 Cristian  206.92353808200096 0.064 0.430317974028 0.899453962542 1 1 4 0.31 1
76 3 6 0 1 9.81 0.5 1.63985991478 -0.0516960239623 1 Cristian  209.48776491600074 0.064 0.54744174776 1.19155593874 1 1 4 0.31 1
77 4 4.5 0 1 -9.81 0.5 1.44745707512 0.0480031125772 1 Cristian  212.24598197900013 0.064 0.431669609486 0.899453962542 1 1 4 0.31 1
78 4 6 0 1 -9.81 0.5 1.61772298813 -0.0738329506133 1 Cristian  214.81761392000044 0.064 0.537549999883 1.19155593874 1 1 4 0.31 1
79 3 6 0 1 -9.81 0.5 1.78084111214 0.0892851733949 1 Cristian  217.53777515799993 0.064 0.566001783654 1.19155593874 1 1 4 0.31 1
80 4 6 0 1 -9.81 0.5 1.6120660305 -0.0794899082396 1 Cristian  220.44579036400137 0.064 0.564057904614 1.19155593874 1 1 4 0.31 1
81 4 6 0 0 -9.81 0.5 1.8012740612 0.109718122461 1 Cristian  223.15603448000002 0.064 0.316967134554 1.19155593874 1 1 4 0.31 0
82 4 6 0 0 9.81 0.5 1.73443293571 0.0428769969728 1 Cristian  226.07413256600012 0.064 0.330328671783 1.19155593874 1 1 4 0.31 0
83 3 6 0 0 9.81 0.5 1.6905310154 -0.00102492334585 1 Cristian  228.93762830200103 0.064 0.346985712707 1.19155593874 1 1 4 0.31 0
84 3 6 0 1 9.81 0.5 1.73159408569 0.0400381469514 1 Cristian  231.73183053400135 0.064 0.593026483018 1.19155593874 1 1 4 0.31 1
85 4 4.5 0 1 -9.81 0.5 1.36337804794 -0.0360759145987 1 Cristian  234.59026473800077 0.064 0.433400249507 0.899453962542 1 1 4 0.31 1
86 3 4.5 0 0 -9.81 0.5 1.49269294739 0.0932389848459 1 Cristian  237.07624794100047 0.064 0.254443373039 0.899453962542 1 1 4 0.31 0
87 4 4.5 0 1 9.81 0.5 1.35069394112 -0.0487600214255 1 Cristian  239.68361156900028 0.064 0.419078980557 0.899453962542 1 1 4 0.31 1
88 3 6 0 0 -9.81 0.5 1.66261482239 -0.0289411163543 1 Cristian  242.15359149800133 0.064 0.309272043338 1.19155593874 1 1 4 0.31 0
89 3 4.5 0 0 9.81 0.5 1.38204479218 -0.0174091703665 1 Cristian  244.94549476800057 0.064 0.232442470973 0.899453962542 1 1 4 0.31 0
90 3 4.5 0 1 -9.81 0.5 1.46981787682 0.070363914274 1 Cristian  247.44419636300154 0.064 0.445760752777 0.899453962542 1 1 4 0.31 1
91 4 4.5 0 0 -9.81 0.5 1.44774198532 0.0482880227792 1 Cristian  250.03019767700061 0.064 0.245857641161 0.899453962542 1 1 4 0.31 0
92 4 4.5 0 0 9.81 0.5 1.45869588852 0.0592419259775 1 Cristian  252.5939889300007 0.064 0.232749761167 0.899453962542 1 1 4 0.31 0
93 4 6 0 1 9.81 0.5 1.63103485107 -0.0605210876677 1 Cristian  255.16578167600164 0.064 0.582462589542 1.19155593874 1 1 4 0.31 1
94 3 4.5 0 1 9.81 0.5 1.42289590836 0.0234419458139 1 Cristian  257.9225434880009 0.064 0.432089131617 0.899453962542 1 1 4 0.31 1
95 3 6 0 1 -9.81 0.5 1.79307889938 0.101522960642 1 Cristian  260.46818232400074 0.064 0.562694270816 1.19155593874 1 1 4 0.31 1
96 4 6 0 0 -9.81 0.5 1.76843714714 0.0768812083985 1 Cristian  263.3717044040004 0.064 0.353030726555 1.19155593874 1 1 4 0.31 0
97 3 6 0 1 -9.81 0.5 1.69992494583 0.00836900708933 1 Cristian  266.2574760560001 0.064 0.580899635644 1.19155593874 1 1 4 0.31 1
98 4 4.5 0 0 -9.81 0.5 1.48110604286 0.0816520803201 1 Cristian  269.0869619590012 0.064 0.237966418343 0.899453962542 1 1 4 0.31 0
99 4 4.5 0 0 9.81 0.5 1.48141503334 0.0819610707987 1 Cristian  271.67210485600117 0.064 0.25671403065 0.899453962542 1 1 4 0.31 0
100 4 6 0 1 -9.81 0.5 1.63705301285 -0.0545029258941 1 Cristian  274.2522584850012 0.064 0.570499025647 1.19155593874 1 1 4 0.31 1
101 3 6 0 1 9.81 0.5 1.73698711395 0.0454311752107 1 Cristian  277.0127656550012 0.064 0.573489047664 1.19155593874 1 1 4 0.31 1
102 4 6 0 0 9.81 0.5 1.68575000763 -0.00580593111257 1 Cristian  279.86712965300103 0.064 0.348418228088 1.19155593874 1 1 4 0.31 0
103 3 4.5 0 1 9.81 0.5 1.41205000877 0.012596046232 1 Cristian  282.6728041940005 0.064 0.441984040304 0.899453962542 1 1 4 0.31 1
104 4 4.5 0 1 9.81 0.5 1.54746985435 0.148015891813 1 Cristian  285.1832071430017 0.064 0.418326256137 0.899453962542 1 1 4 0.31 1
105 4 4.5 0 1 -9.81 0.5 1.47959494591 0.0801409833658 1 Cristian  287.85472776900133 0.064 0.41292189803 0.899453962542 1 1 4 0.31 1
106 4 6 0 1 9.81 0.5 1.69186401367 0.000308074929911 1 Cristian  290.44194397400133 0.064 0.557660393508 1.19155593874 1 1 4 0.31 1
107 3 6 0 0 9.81 0.5 1.80854511261 0.116989173868 1 Cristian  293.24877113600087 0.064 0.311635981546 1.19155593874 1 1 4 0.31 0
108 3 4.5 0 1 -9.81 0.5 1.33210802078 -0.0673459417593 1 Cristian  296.18526865400054 0.064 0.443698984329 0.899453962542 1 1 4 0.31 1
109 3 6 0 0 -9.81 0.5 1.76813197136 0.0765760326173 1 Cristian  298.62310115000037 0.064 0.311529221883 1.19155593874 1 1 4 0.31 0
110 3 4.5 0 0 -9.81 0.5 1.48046684265 0.0810128801096 1 Cristian  301.5097144530009 0.064 0.259492255169 0.899453962542 1 1 4 0.31 0
111 3 4.5 0 0 9.81 0.5 1.51756620407 0.118112241529 1 Cristian  304.08034278800005 0.064 0.260264972029 0.899453962542 1 1 4 0.31 0
112 3 4.5 0 1 -9.81 0.5 1.50641393661 0.106959974073 1 Cristian  306.7183911510001 0.064 0.428848613734 0.899453962542 1 1 4 0.31 1
113 4 4.5 0 0 9.81 0.5 1.34594917297 -0.0535047895682 1 Cristian  309.34287945800133 0.064 0.245452123799 0.899453962542 1 1 4 0.31 0
114 4 6 0 1 -9.81 0.5 1.63672280312 -0.0548331356261 1 Cristian  311.8006550580012 0.064 0.591385843531 1.19155593874 1 1 4 0.31 1
115 4 4.5 0 0 -9.81 0.5 1.45240306854 0.0529491060007 1 Cristian  314.5575170970005 0.064 0.225405851492 0.899453962542 1 1 4 0.31 0
116 4 4.5 0 1 -9.81 0.5 1.37417197227 -0.025281990267 1 Cristian  317.1191899109999 0.064 0.432988067301 0.899453962542 1 1 4 0.31 1
117 3 4.5 0 1 9.81 0.5 1.51598191261 0.116527950071 1 Cristian  319.5859603450008 0.064 0.437327169515 0.899453962542 1 1 4 0.31 1
118 3 4.5 0 0 -9.81 0.5 1.46774601936 0.0682920568216 1 Cristian  322.2188422850013 0.064 0.228138014459 0.899453962542 1 1 4 0.31 0
119 3 6 0 0 -9.81 0.5 1.79192113876 0.100365200021 1 Cristian  324.8218027130006 0.064 0.336575587705 1.19155593874 1 1 4 0.31 0
120 4 6 0 0 9.81 0.5 1.70541191101 0.0138559722688 1 Cristian  327.7309357610011 0.064 0.343270353958 1.19155593874 1 1 4 0.31 0
121 3 6 0 1 -9.81 0.5 1.72815799713 0.0366020583894 1 Cristian  330.5562846640005 0.064 0.562861758739 1.19155593874 1 1 4 0.31 1
122 4 6 0 0 -9.81 0.5 1.76142811775 0.0698721790101 1 Cristian  333.39279586200064 0.064 0.341304059884 1.19155593874 1 1 4 0.31 0
123 4 4.5 0 1 9.81 0.5 1.31252598763 -0.0869279749167 1 Cristian  336.283055412001 0.064 0.407397162619 0.899453962542 1 1 4 0.31 1
124 3 4.5 0 0 9.81 0.5 1.48963308334 0.0901791208017 1 Cristian  338.6951187900013 0.064 0.240820430654 0.899453962542 1 1 4 0.31 0
125 3 6 0 1 9.81 0.5 1.68152093887 -0.0100349998687 1 Cristian  341.31551645700165 0.064 0.54709473806 1.19155593874 1 1 4 0.31 1
126 4 6 0 1 9.81 0.5 1.69836187363 0.00680593488474 1 Cristian  344.11067495099996 0.064 0.575986644945 1.19155593874 1 1 4 0.31 1
127 3 6 0 0 9.81 0.5 1.78712511063 0.0955691718843 1 Cristian  346.9149614680009 0.064 0.355670185033 1.19155593874 1 1 4 0.31 0
128 4 6 0 1 9.81 0.5 1.70573997498 0.0141840362336 1 Cristian  349.8221844330001 0.064 0.588078785434 1.19155593874 1 1 4 0.31 1
129 4 6 0 1 -9.81 0.5 1.73864197731 0.0470860385682 1 Cristian  352.6556565200008 0.064 0.539664242096 1.19155593874 1 1 4 0.31 1
130 3 6 0 0 -9.81 0.5 1.57332110405 -0.118234834692 1 Cristian  355.51585757500106 0.064 0.305784560986 1.19155593874 1 1 4 0.31 0
131 3 6 0 0 9.81 0.5 1.64833378792 -0.0432221508239 1 Cristian  358.2146703690014 0.064 0.347986971851 1.19155593874 1 1 4 0.31 0
132 4 4.5 0 0 9.81 0.5 1.48036193848 0.0809079759348 1 Cristian  360.98498869800096 0.064 0.245705201149 0.899453962542 1 1 4 0.31 0
133 4 6 0 0 -9.81 0.5 1.7706758976 0.0791199588563 1 Cristian  363.5900074680012 0.064 0.340995720803 1.19155593874 1 1 4 0.31 0
134 4 4.5 0 1 -9.81 0.5 1.51618599892 0.116732036375 1 Cristian  366.4541697600016 0.064 0.404981893859 0.899453962542 1 1 4 0.31 1
135 4 4.5 0 1 9.81 0.5 1.51096606255 0.111512100004 1 Cristian  369.09793713399995 0.064 0.414191380776 0.899453962542 1 1 4 0.31 1
136 4 6 0 0 9.81 0.5 1.79773306847 0.106177129724 1 Cristian  371.71633929900054 0.064 0.328392550416 1.19155593874 1 1 4 0.31 0
137 4 4.5 0 0 -9.81 0.5 1.57217502594 0.172721063398 1 Cristian  374.64266015000067 0.064 0.245728688162 0.899453962542 1 1 4 0.31 0
138 3 4.5 0 1 9.81 0.5 1.57102918625 0.171575223707 1 Cristian  377.339131187 0.064 0.407936490238 0.899453962542 1 1 4 0.31 1
139 3 4.5 0 1 -9.81 0.5 1.49939012527 0.0999361627329 1 Cristian  380.0241894660012 0.064 0.439769219991 0.899453962542 1 1 4 0.31 1
140 3 4.5 0 0 -9.81 0.5 1.41213607788 0.0126821153391 1 Cristian  382.6398508220009 0.064 0.234959929035 0.899453962542 1 1 4 0.31 0
141 3 4.5 0 0 9.81 0.5 1.51602602005 0.116572057508 1 Cristian  385.1798359150016 0.064 0.245175115918 0.899453962542 1 1 4 0.31 0
142 3 6 0 1 9.81 0.5 1.68371796608 -0.00783797266225 1 Cristian  387.82556095400105 0.064 0.545884460685 1.19155593874 1 1 4 0.31 1
143 3 6 0 1 -9.81 0.5 1.69728684425 0.00573090551158 1 Cristian  390.6313932230005 0.064 0.589605935017 1.19155593874 1 1 4 0.31 1
144 4 4.5 0 0 -9.81 0.5 1.37451410294 -0.024939859606 1 Cristian  393.46078907800074 0.064 0.229481681969 0.899453962542 1 1 4 0.31 0
145 4 4.5 0 0 9.81 0.5 1.40694713593 0.0074931733835 1 Cristian  395.9486798100006 0.064 0.259863576457 0.899453962542 1 1 4 0.31 0
146 3 6 0 1 -9.81 0.5 1.73101711273 0.03946117399 1 Cristian  398.4785670850015 0.064 0.545401793708 1.19155593874 1 1 4 0.31 1
147 3 4.5 0 0 9.81 0.5 1.5614759922 0.162022029661 1 Cristian  401.2980493410014 0.064 0.268198290405 0.899453962542 1 1 4 0.31 0
148 3 6 0 1 9.81 0.5 1.69976997375 0.00821403501292 1 Cristian  403.96886323200124 0.064 0.592111667957 1.19155593874 1 1 4 0.31 1
149 4 6 0 0 9.81 0.5 1.75995993614 0.0684039974 1 Cristian  406.791375787001 0.064 0.299178717547 1.19155593874 1 1 4 0.31 0
150 3 4.5 0 1 -9.81 0.5 1.48610210419 0.0866481416452 1 Cristian  409.6654934570015 0.064 0.410578004343 0.899453962542 1 1 4 0.31 1
151 4 6 0 1 -9.81 0.5 1.79477906227 0.103223123529 1 Cristian  412.28379722000136 0.064 0.557760278357 1.19155593874 1 1 4 0.31 1
152 4 4.5 0 1 -9.81 0.5 1.48975086212 0.0902968995798 1 Cristian  415.18514319500173 0.064 0.429975204846 0.899453962542 1 1 4 0.31 1
153 3 6 0 0 9.81 0.5 1.72020792961 0.0286519908692 1 Cristian  417.78482260300007 0.064 0.34105948804 1.19155593874 1 1 4 0.31 0
154 3 6 0 0 -9.81 0.5 1.84985995293 0.158304014185 1 Cristian  420.62121132300126 0.064 0.302352684169 1.19155593874 1 1 4 0.31 0
155 4 6 0 0 -9.81 0.5 1.71044397354 0.0188880347993 1 Cristian  423.596455244 0.064 0.339893295346 1.19155593874 1 1 4 0.31 0
156 4 4.5 0 1 9.81 0.5 1.48512506485 0.0856711023081 1 Cristian  426.418777152001 0.064 0.447355634016 0.899453962542 1 1 4 0.31 1
157 3 4.5 0 1 9.81 0.5 1.4990170002 0.0995630376566 1 Cristian  429.01135049500044 0.064 0.429883156697 0.899453962542 1 1 4 0.31 1
158 4 6 0 1 9.81 0.5 1.69674396515 0.00518802640696 1 Cristian  431.61321489700094 0.064 0.579194020475 1.19155593874 1 1 4 0.31 1
159 3 4.5 0 0 -9.81 0.5 1.48542499542 0.0859710328806 1 Cristian  434.40782318900165 0.064 0.227189306358 0.899453962542 1 1 4 0.31 0
160 3 4.5 0 0 9.81 0.5 1.48259186745 0.0831379049051 1 Cristian  436.98322392800037 0.064 0.261878712529 0.899453962542 1 1 4 0.31 0
161 3 6 0 0 9.81 0.5 1.82333397865 0.131778039911 1 Cristian  439.5929223990006 0.064 0.313017177266 1.19155593874 1 1 4 0.31 0
162 4 4.5 0 0 -9.81 0.5 1.49474596977 0.0952920072305 1 Cristian  442.52480909800033 0.064 0.258918750476 0.899453962542 1 1 4 0.31 0
163 4 6 0 1 9.81 0.5 1.79179096222 0.100235023477 1 Cristian  445.1206712000003 0.064 0.564772456686 1.19155593874 1 1 4 0.31 1
164 4 6 0 1 -9.81 0.5 1.7954211235 0.103865184763 1 Cristian  448.00921785600076 0.064 0.562090210225 1.19155593874 1 1 4 0.31 1
165 4 4.5 0 1 -9.81 0.5 1.47605204582 0.0765980832803 1 Cristian  450.919250029001 0.064 0.414336885037 0.899453962542 1 1 4 0.31 1
166 4 4.5 0 0 9.81 0.5 1.51300191879 0.113547956251 1 Cristian  453.50969223500033 0.064 0.226901707165 0.899453962542 1 1 4 0.31 0
167 3 6 0 1 -9.81 0.5 1.84950304031 0.157947101572 1 Cristian  456.1447292310004 0.064 0.582038069173 1.19155593874 1 1 4 0.31 1
168 4 6 0 0 9.81 0.5 1.8102710247 0.118715085962 1 Cristian  459.1292552060004 0.064 0.318731847356 1.19155593874 1 1 4 0.31 0
169 3 4.5 0 1 -9.81 0.5 1.57146692276 0.172012960218 1 Cristian  462.05451110800095 0.064 0.40663738191 0.899453962542 1 1 4 0.31 1
170 3 6 0 0 -9.81 0.5 1.75262904167 0.0610731029298 1 Cristian  464.74260727399997 0.064 0.324314178546 1.19155593874 1 1 4 0.31 0
171 3 6 0 1 9.81 0.5 1.80253601074 0.110980072 1 Cristian  467.61178030800147 0.064 0.540956477424 1.19155593874 1 1 4 0.31 1
172 3 4.5 0 1 9.81 0.5 1.57086396217 0.171409999632 1 Cristian  470.5286446050013 0.064 0.417557001738 0.899453962542 1 1 4 0.31 1
173 3 4.5 0 0 -9.81 0.5 1.60641503334 0.206961070799 1 Cristian  473.2277349410015 0.064 0.231558754938 0.899453962542 1 1 4 0.31 0
174 4 4.5 0 1 9.81 0.5 1.54483914375 0.145385181211 1 Cristian  475.9564025920008 0.064 0.44968131885 0.899453962542 1 1 4 0.31 1
175 4 6 0 0 -9.81 0.5 1.8218228817 0.130266942957 1 Cristian  478.62652382600027 0.064 0.327004427723 1.19155593874 1 1 4 0.31 0
176 3 4.5 0 1 9.81 0.5 1.51185584068 0.112401878141 1 Cristian  481.5623056120003 0.064 0.426949747519 0.899453962542 1 1 4 0.31 1
177 4 6 0 0 -9.81 0.5 1.76119399071 0.0696380519654 1 Cristian  484.1937430650014 0.064 0.305883953935 1.19155593874 1 1 4 0.31 0
178 3 4.5 0 0 9.81 0.5 1.38578605652 -0.0136679060232 1 Cristian  487.0873279490006 0.064 0.232355199647 0.899453962542 1 1 4 0.31 0
179 4 4.5 0 1 9.81 0.5 1.48934412003 0.0898901574838 1 Cristian  489.5745017370009 0.064 0.438462842135 0.899453962542 1 1 4 0.31 1
180 4 6 0 1 -9.81 0.5 1.66954398155 -0.0220119571898 1 Cristian  492.1836316030003 0.064 0.563891334 1.19155593874 1 1 4 0.31 1
181 3 6 0 1 -9.81 0.5 1.69365406036 0.00209812162181 1 Cristian  494.98085818300024 0.064 0.549469159318 1.19155593874 1 1 4 0.31 1
182 4 4.5 0 0 9.81 0.5 1.54410600662 0.144652044081 1 Cristian  497.78120895900065 0.064 0.241115975815 0.899453962542 1 1 4 0.31 0
183 3 4.5 0 0 -9.81 0.5 1.54259109497 0.143137132429 1 Cristian  500.452961252 0.064 0.25174374215 0.899453962542 1 1 4 0.31 0
184 3 6 0 0 -9.81 0.5 1.83120298386 0.139647045114 1 Cristian  503.1095871840007 0.064 0.297921986344 1.19155593874 1 1 4 0.31 0
185 4 4.5 0 1 -9.81 0.5 1.31201195717 -0.0874420053732 1 Cristian  506.04142448400125 0.064 0.444422713255 0.899453962542 1 1 4 0.31 1
186 4 6 0 0 9.81 0.5 1.81193685532 0.120380916574 1 Cristian  508.47178086700114 0.064 0.342435082113 1.19155593874 1 1 4 0.31 0
187 4 4.5 0 0 -9.81 0.5 1.44803404808 0.0485800855386 1 Cristian  511.40676659600103 0.064 0.255911450469 0.899453962542 1 1 4 0.31 0
188 3 4.5 0 1 -9.81 0.5 1.44489598274 0.0454420202005 1 Cristian  513.9772899200016 0.064 0.44343577124 0.899453962542 1 1 4 0.31 1
189 3 6 0 0 9.81 0.5 1.74130988121 0.0497539424684 1 Cristian  516.540844000001 0.064 0.337956117826 1.19155593874 1 1 4 0.31 0
190 4 6 0 1 9.81 0.5 1.67045021057 -0.0211057281707 1 Cristian  519.4025333280006 0.064 0.586931700374 1.19155593874 1 1 4 0.31 1
191 3 6 0 1 9.81 0.5 1.74607491493 0.0545189761903 1 Cristian  522.1926161330011 0.064 0.53831296171 1.19155593874 1 1 4 0.31 1
192 4 4.5 0 1 -9.81 0.5 1.54122400284 0.141770040296 1 Cristian  525.038215341001 0.064 0.41727114262 0.899453962542 1 1 4 0.31 1
193 3 6 0 0 9.81 0.5 1.77822804451 0.0866721057679 1 Cristian  527.6836975980004 0.064 0.322166389747 1.19155593874 1 1 4 0.31 0
194 3 6 0 1 9.81 0.5 1.89809799194 0.206542053201 1 Cristian  530.5641004320005 0.064 0.536388862039 1.19155593874 1 1 4 0.31 1
195 3 4.5 0 1 -9.81 0.5 1.43945908546 0.0400051229227 1 Cristian  533.5757603290003 0.064 0.428980252606 0.899453962542 1 1 4 0.31 1
196 4 4.5 0 1 9.81 0.5 1.39309191704 -0.00636204550383 1 Cristian  536.1452017270003 0.064 0.404967876972 0.899453962542 1 1 4 0.31 1
197 4 4.5 0 0 9.81 0.5 1.44792294502 0.0484689824808 1 Cristian  538.6573990780016 0.064 0.255113023293 0.899453962542 1 1 4 0.31 0
198 3 6 0 0 -9.81 0.5 1.88995289803 0.198396959284 1 Cristian  541.230039086 0.064 0.305420000246 1.19155593874 1 1 4 0.31 0
199 3 4.5 0 0 9.81 0.5 1.49885702133 0.09940305879 1 Cristian  544.2140728610011 0.064 0.227721520864 0.899453962542 1 1 4 0.31 0
200 4 6 0 1 9.81 0.5 1.83288598061 0.141330041864 1 Cristian  546.8347069840001 0.064 0.593855964205 1.19155593874 1 1 4 0.31 1
201 3 4.5 0 1 9.81 0.5 1.39889597893 -0.000557983614184 1 Cristian  549.7629580650009 0.064 0.419619818607 0.899453962542 1 1 4 0.31 1
202 3 6 0 1 -9.81 0.5 1.73632216454 0.0447662257936 1 Cristian  552.2683577830012 0.064 0.541121146893 1.19155593874 1 1 4 0.31 1
203 4 4.5 0 0 -9.81 0.5 1.54047012329 0.141016160749 1 Cristian  555.1177918900012 0.064 0.22623800047 0.899453962542 1 1 4 0.31 0
204 4 6 0 0 9.81 0.5 1.72836589813 0.0368099593904 1 Cristian  557.7780509840013 0.064 0.357291611614 1.19155593874 1 1 4 0.31 0
205 3 4.5 0 0 -9.81 0.5 1.4820291996 0.0825752370584 1 Cristian  560.631892161 0.064 0.236982788082 0.899453962542 1 1 4 0.31 0
206 4 6 0 0 -9.81 0.5 1.72643995285 0.0348840141084 1 Cristian  563.2219226190009 0.064 0.319096532363 1.19155593874 1 1 4 0.31 0
207 4 6 0 1 -9.81 0.5 1.75331783295 0.0617618942048 1 Cristian  566.069160559 0.064 0.564704630365 1.19155593874 1 1 4 0.31 1
208 4 6 0 0 9.81 0.5 1.70808410645 0.0165281677033 1 Cristian  568.9402482180012 0.064 0.347026752319 1.19155593874 1 1 4 0.31 0
209 3 6 0 1 -9.81 0.5 1.79739904404 0.105843105295 1 Cristian  571.7573327460013 0.064 0.539122658586 1.19155593874 1 1 4 0.31 1
210 3 6 0 1 9.81 0.5 1.73242712021 0.0408711814668 1 Cristian  574.6779448280013 0.064 0.57572610599 1.19155593874 1 1 4 0.31 1
211 3 4.5 0 1 9.81 0.5 1.44137310982 0.0419191472757 1 Cristian  577.5506760480002 0.064 0.40503872976 0.899453962542 1 1 4 0.31 1
212 4 4.5 0 0 -9.81 0.5 1.48410797119 0.0846540086496 1 Cristian  580.073271665 0.064 0.264034192394 0.899453962542 1 1 4 0.31 0
213 4 4.5 0 1 9.81 0.5 1.44931602478 0.0498620622385 1 Cristian  582.6798629520017 0.064 0.429641140019 0.899453962542 1 1 4 0.31 1
214 3 6 0 0 -9.81 0.5 1.79097509384 0.0994191550996 1 Cristian  585.2442548620002 0.064 0.298969858752 1.19155593874 1 1 4 0.31 0
215 4 6 0 1 -9.81 0.5 1.67262601852 -0.0189299202178 1 Cristian  588.1566994780005 0.064 0.581862426389 1.19155593874 1 1 4 0.31 1
216 4 4.5 0 0 9.81 0.5 1.44190502167 0.0424510591257 1 Cristian  590.9488963809999 0.064 0.264475269653 0.899453962542 1 1 4 0.31 0
217 3 6 0 0 9.81 0.5 1.75726890564 0.0657129668977 1 Cristian  593.5224139600014 0.064 0.329589181162 1.19155593874 1 1 4 0.31 0
218 3 4.5 0 0 -9.81 0.5 1.57713890076 0.177684938215 1 Cristian  596.393119204 0.064 0.259494120881 0.899453962542 1 1 4 0.31 0
219 4 6 0 1 9.81 0.5 1.72739911079 0.0358431720521 1 Cristian  599.0596777520004 0.064 0.569447888506 1.19155593874 1 1 4 0.31 1
220 4 6 0 0 -9.81 0.5 1.77711796761 0.0855620288636 1 Cristian  601.9076021690016 0.064 0.334590681369 1.19155593874 1 1 4 0.31 0
221 3 4.5 0 1 -9.81 0.5 1.50706195831 0.107607995771 1 Cristian  604.7836155280002 0.064 0.407299421373 0.899453962542 1 1 4 0.31 1
222 3 4.5 0 0 9.81 0.5 1.45660495758 0.0571509950388 1 Cristian  607.4103155460016 0.064 0.263931617214 0.899453962542 1 1 4 0.31 0
223 4 4.5 0 1 -9.81 0.5 1.41136693954 0.0119129770029 1 Cristian  609.99362879 0.064 0.417750254475 0.899453962542 1 1 4 0.31 1
224 3 6 0 0 -9.81 0.5 1.68214893341 -0.00940700533132 1 Cristian  612.5368193370014 0.064 0.33019610934 1.19155593874 1 1 4 0.31 0
225 3 6 0 1 9.81 0.5 1.6590731144 -0.0324828243468 1 Cristian  615.3252195170007 0.064 0.568817713002 1.19155593874 1 1 4 0.31 1
226 4 4.5 0 1 -9.81 0.5 1.3491859436 -0.0502680189383 1 Cristian  618.1052895170014 0.064 0.415324644085 0.899453962542 1 1 4 0.31 1
227 4 4.5 0 0 9.81 0.5 1.46394491196 0.064490949415 1 Cristian  620.5733068890004 0.064 0.230186974768 0.899453962542 1 1 4 0.31 0
228 4 4.5 0 0 -9.81 0.5 1.4218351841 0.0223812215555 1 Cristian  623.1494641420013 0.064 0.237806298053 0.899453962542 1 1 4 0.31 0
229 3 4.5 0 1 9.81 0.5 1.41637015343 0.0169161908853 1 Cristian  625.6959121290001 0.064 0.434575728962 0.899453962542 1 1 4 0.31 1
230 3 6 0 1 -9.81 0.5 1.67427611351 -0.0172798252318 1 Cristian  628.2334269900002 0.064 0.595146086076 1.19155593874 1 1 4 0.31 1
231 4 4.5 0 1 9.81 0.5 1.40894699097 0.009493028425 1 Cristian  631.0225855050012 0.064 0.442006985474 0.899453962542 1 1 4 0.31 1
232 4 6 0 1 9.81 0.5 1.65263485909 -0.0389210796569 1 Cristian  633.544169103001 0.064 0.572822799784 1.19155593874 1 1 4 0.31 1
233 3 6 0 0 9.81 0.5 1.87306690216 0.181510963419 1 Cristian  636.3059042520017 0.064 0.350940378816 1.19155593874 1 1 4 0.31 0
234 4 6 0 0 -9.81 0.5 1.76322102547 0.071665086725 1 Cristian  639.297750400001 0.064 0.357089180832 1.19155593874 1 1 4 0.31 0
235 4 6 0 0 9.81 0.5 1.7405462265 0.0489902877595 1 Cristian  642.1850769790017 0.064 0.323235382194 1.19155593874 1 1 4 0.31 0
236 3 4.5 0 0 -9.81 0.5 1.48470592499 0.085251962446 1 Cristian  645.0451709890003 0.064 0.232607176919 0.899453962542 1 1 4 0.31 0
237 3 4.5 0 1 -9.81 0.5 1.47603487968 0.0765809171427 1 Cristian  647.6448961370006 0.064 0.448691677678 0.899453962542 1 1 4 0.31 1
238 3 4.5 0 0 9.81 0.5 1.48750901222 0.0880550496805 1 Cristian  650.2488045650007 0.064 0.225890843999 0.899453962542 1 1 4 0.31 0
239 4 6 0 1 -9.81 0.5 1.76146197319 0.0699060344483 1 Cristian  652.8505942770007 0.064 0.547513496255 1.19155593874 1 1 4 0.31 1
240 4 4.5 0 1 -9.81 0.5 1.50753116608 0.108077203535 1 Cristian  655.734823611001 0.064 0.40805477796 0.899453962542 1 1 4 0.31 1
241 3 6 0 0 -9.81 0.5 1.54695510864 -0.144600830099 1 Cristian  658.3330381930009 0.064 0.336367269254 1.19155593874 1 1 4 0.31 0
242 3 6 0 1 9.81 0.5 1.77242493629 0.0808689975526 1 Cristian  661.0091824280007 0.064 0.586614030613 1.19155593874 1 1 4 0.31 1
243 4 6 0 1 -9.81 0.5 1.81123590469 0.119679965952 1 Cristian  663.8697700490011 0.064 0.564480346639 1.19155593874 1 1 4 0.31 1
244 3 4.5 0 1 -9.81 0.5 1.55172491074 0.152270948194 1 Cristian  666.8036522400016 0.064 0.407965046264 0.899453962542 1 1 4 0.31 1
245 4 6 0 0 -9.81 0.5 1.79883909225 0.107283153513 1 Cristian  669.4794555440003 0.064 0.321835842682 1.19155593874 1 1 4 0.31 0
246 3 4.5 0 1 9.81 0.5 1.46765398979 0.0682000272501 1 Cristian  672.378951318 0.064 0.409274061938 0.899453962542 1 1 4 0.31 1
247 3 4.5 0 0 9.81 0.5 1.55170202255 0.152248060011 1 Cristian  674.970936922 0.064 0.235261411327 0.899453962542 1 1 4 0.31 0
248 4 4.5 0 1 9.81 0.5 1.53943800926 0.13998404672 1 Cristian  677.636624232 0.064 0.428009580864 0.899453962542 1 1 4 0.31 1
249 3 4.5 0 0 -9.81 0.5 1.49882507324 0.0993711107004 1 Cristian  680.3078500130014 0.064 0.230982752402 0.899453962542 1 1 4 0.31 0
250 3 6 0 1 -9.81 0.5 1.70775079727 0.0161948585298 1 Cristian  682.8986556490017 0.064 0.547900757986 1.19155593874 1 1 4 0.31 1
251 4 6 0 0 9.81 0.5 1.63729310036 -0.0542628383849 1 Cristian  685.7332305990003 0.064 0.329856250114 1.19155593874 1 1 4 0.31 0
252 3 6 0 0 9.81 0.5 1.70803523064 0.0164792918946 1 Cristian  688.4871553050016 0.064 0.313345249512 1.19155593874 1 1 4 0.31 0
253 4 4.5 0 0 9.81 0.5 1.51554894447 0.116094981931 1 Cristian  691.3128941450013 0.064 0.245941572611 0.899453962542 1 1 4 0.31 0
254 4 6 0 1 9.81 0.5 1.76963615417 0.0780802154328 1 Cristian  693.9396748700001 0.064 0.555570683931 1.19155593874 1 1 4 0.31 1
255 4 4.5 0 0 -9.81 0.5 1.48293709755 0.0834831350076 1 Cristian  696.8324375760003 0.064 0.230319531984 0.899453962542 1 1 4 0.31 0
256 3 6 0 1 9.81 0.5 1.73183703423 0.0402810954835 1 Cristian  699.443631428001 0.064 0.578770178883 1.19155593874 1 1 4 0.31 1
257 4 4.5 0 0 -9.81 0.5 1.50297498703 0.103521024488 1 Cristian  702.2729861150001 0.064 0.264665257673 0.899453962542 1 1 4 0.31 0
258 3 4.5 0 1 -9.81 0.5 1.44875693321 0.0493029706705 1 Cristian  704.8907888040012 0.064 0.444530962158 0.899453962542 1 1 4 0.31 1
259 3 4.5 0 0 9.81 0.5 1.4765651226 0.0771111600626 1 Cristian  707.4609513300002 0.064 0.263427075855 0.899453962542 1 1 4 0.31 0
260 3 6 0 0 -9.81 0.5 1.78873896599 0.0971830272462 1 Cristian  710.0502029240015 0.064 0.353519361032 1.19155593874 1 1 4 0.31 0
261 4 4.5 0 1 9.81 0.5 1.51013302803 0.110679065489 1 Cristian  712.9587104490001 0.064 0.44453426578 0.899453962542 1 1 4 0.31 1
262 4 6 0 0 -9.81 0.5 1.74906611443 0.0575101756837 1 Cristian  715.6072362070008 0.064 0.350111075549 1.19155593874 1 1 4 0.31 0
263 3 4.5 0 0 -9.81 0.5 3.23987793922 1.84042397668 1 Cristian  719.5717130020003 0.064 0.229635014651 0.899453962542 1 1 4 0.31 0
264 3 4.5 0 1 9.81 0.5 1.542937994 0.143484031461 1 Cristian  722.8472747120013 0.064 0.441707106219 0.899453962542 1 1 4 0.31 1
265 3 6 0 1 -9.81 0.5 1.76521992683 0.0736639880921 1 Cristian  725.5104493700001 0.064 0.563447276739 1.19155593874 1 1 4 0.31 1
266 4 6 0 1 9.81 0.5 1.73974919319 0.0481932544496 1 Cristian  728.4113849080004 0.064 0.574121561629 1.19155593874 1 1 4 0.31 1
267 4 6 0 0 9.81 0.5 1.80326294899 0.111707010248 1 Cristian  731.2721228550017 0.064 0.300229501999 1.19155593874 1 1 4 0.31 0
268 4 4.5 0 0 9.81 0.5 1.59142994881 0.191975986265 1 Cristian  734.1709262580007 0.064 0.261409509102 0.899453962542 1 1 4 0.31 0
269 3 6 0 0 9.81 0.5 1.78845095634 0.0968950176026 1 Cristian  736.8739806440008 0.064 0.306652400574 1.19155593874 1 1 4 0.31 0
270 4 4.5 0 1 -9.81 0.5 1.45753002167 0.0580760591257 1 Cristian  739.7682436750001 0.064 0.428783650975 0.899453962542 1 1 4 0.31 1
271 4 6 0 1 -9.81 0.5 1.68263888359 -0.00891705515127 1 Cristian  742.3331112740016 0.064 0.587523887576 1.19155593874 1 1 4 0.31 1
272 3 6 0 1 9.81 0.5 1.73794293404 0.0463869952943 1 Cristian  745.1301980540011 0.064 0.57312034195 1.19155593874 1 1 4 0.31 1
273 3 4.5 0 0 -9.81 0.5 1.50979709625 0.110343133711 1 Cristian  747.9921522160002 0.064 0.226333645264 0.899453962542 1 1 4 0.31 0
274 3 4.5 0 1 -9.81 0.5 1.50354385376 0.104089891218 1 Cristian  750.609245779 0.064 0.423133595959 0.899453962542 1 1 4 0.31 1
275 4 4.5 0 0 -9.81 0.5 1.44179415703 0.0423401944864 1 Cristian  753.2285746940015 0.064 0.246691502552 0.899453962542 1 1 4 0.31 0
276 4 6 0 1 9.81 0.5 1.7401330471 0.0485771083619 1 Cristian  755.7896429450011 0.064 0.546792992844 1.19155593874 1 1 4 0.31 1
277 4 4.5 0 1 9.81 0.5 1.4769449234 0.0774909608591 1 Cristian  758.6318679010001 0.064 0.427124131343 0.899453962542 1 1 4 0.31 1
278 3 6 0 1 -9.81 0.5 1.76322889328 0.0716729545381 1 Cristian  761.2319923660016 0.064 0.541437925102 1.19155593874 1 1 4 0.31 1
279 4 4.5 0 1 -9.81 0.5 1.48799800873 0.0885440461862 1 Cristian  764.1203428510016 0.064 0.423000083372 0.899453962542 1 1 4 0.31 1
280 4 4.5 0 0 9.81 0.5 1.4474298954 0.0479759328592 1 Cristian  766.7183817960013 0.064 0.225669644696 0.899453962542 1 1 4 0.31 0
281 4 6 0 0 -9.81 0.5 1.81866717339 0.127111234644 1 Cristian  769.2811878200009 0.064 0.30137738929 1.19155593874 1 1 4 0.31 0
282 3 4.5 0 0 9.81 0.5 1.47844409943 0.0789901368845 1 Cristian  772.2053795340016 0.064 0.267462592174 0.899453962542 1 1 4 0.31 0
283 4 6 0 1 -9.81 0.5 1.65138411522 -0.0401718235228 1 Cristian  774.8029750360001 0.064 0.54102283328 1.19155593874 1 1 4 0.31 1
284 3 6 0 0 -9.81 0.5 1.86725401878 0.175698080042 1 Cristian  777.570247171001 0.064 0.331707844468 1.19155593874 1 1 4 0.31 0
285 3 4.5 0 1 9.81 0.5 1.48076510429 0.081311141752 1 Cristian  780.5561972190008 0.064 0.435739472916 0.899453962542 1 1 4 0.31 1
286 4 6 0 0 9.81 0.5 1.7694170475 0.0778611087586 1 Cristian  783.1618331080008 0.064 0.356572883446 1.19155593874 1 1 4 0.31 0
287 3 6 0 0 9.81 0.5 1.77671384811 0.085157909372 1 Cristian  786.0580554200005 0.064 0.30751089991 1.19155593874 1 1 4 0.31 0
288 4 4.5 0 0 -9.81 0.5 1.50703215599 0.107578193449 1 Cristian  788.9494729340004 0.064 0.234283839632 0.899453962542 1 1 4 0.31 0
289 3 6 0 0 9.81 0.5 1.75211310387 0.0605571651246 1 Cristian  791.5747321080016 0.064 0.315011441701 1.19155593874 1 1 4 0.31 0
290 3 4.5 0 0 -9.81 0.5 1.48055410385 0.0811001413095 1 Cristian  794.4325331960008 0.064 0.226014610395 0.899453962542 1 1 4 0.31 0
291 3 6 0 1 9.81 0.5 1.72670602798 0.0351500892427 1 Cristian  797.0239345530008 0.064 0.557240927722 1.19155593874 1 1 4 0.31 1
292 3 6 0 0 -9.81 0.5 1.7339990139 0.0424430751588 1 Cristian  799.876623092001 0.064 0.329194799674 1.19155593874 1 1 4 0.31 0
293 4 6 0 1 9.81 0.5 1.70683789253 0.0152819537904 1 Cristian  802.732132606001 0.064 0.576583150363 1.19155593874 1 1 4 0.31 1
294 3 4.5 0 0 9.81 0.5 1.37495398521 -0.0244999773276 1 Cristian  805.5522506260004 0.064 0.226297778145 0.899453962542 1 1 4 0.31 0
295 4 6 0 1 -9.81 0.5 1.60654592514 -0.0850100136016 1 Cristian  808.053403236001 0.064 0.542237686102 1.19155593874 1 1 4 0.31 1
296 4 6 0 0 9.81 0.5 1.69412899017 0.00257305143138 1 Cristian  810.7621828800002 0.064 0.348341314862 1.19155593874 1 1 4 0.31 0
297 3 4.5 0 1 9.81 0.5 1.50978684425 0.110332881712 1 Cristian  813.5528617190012 0.064 0.433077416743 0.899453962542 1 1 4 0.31 1
298 3 4.5 0 1 -9.81 0.5 1.43339204788 0.0339380853403 1 Cristian  816.183885759001 0.064 0.435288925546 0.899453962542 1 1 4 0.31 1
299 4 6 0 0 -9.81 0.5 1.77353405952 0.0819781207826 1 Cristian  818.725539807001 0.064 0.349973112731 1.19155593874 1 1 4 0.31 0
300 4 4.5 0 1 9.81 0.5 1.47858786583 0.0791339032877 1 Cristian  821.5999088440003 0.064 0.436396761287 0.899453962542 1 1 4 0.31 1
301 4 4.5 0 1 -9.81 0.5 1.41764497757 0.0181910150278 1 Cristian  824.1943816130006 0.064 0.416188031972 0.899453962542 1 1 4 0.31 1
302 4 4.5 0 0 9.81 0.5 1.37399697304 -0.0254569895041 1 Cristian  826.7123081900008 0.064 0.269804332312 0.899453962542 1 1 4 0.31 0
303 3 6 0 1 -9.81 0.5 1.7614159584 0.0698600196626 1 Cristian  829.2057493540015 0.064 0.562725806457 1.19155593874 1 1 4 0.31 1
304 4 6 0 0 -9.81 0.5 1.7634370327 0.0718810939576 1 Cristian  832.0878881820008 0.064 0.356753031125 1.19155593874 1 1 4 0.31 0
305 3 6 0 0 9.81 0.5 1.71343803406 0.0218820953157 1 Cristian  834.9684936370013 0.064 0.301540800015 1.19155593874 1 1 4 0.31 0
306 3 6 0 0 -9.81 0.5 1.79092693329 0.0993709945466 1 Cristian  837.7909491200007 0.064 0.349000633285 1.19155593874 1 1 4 0.31 0
307 3 4.5 0 1 -9.81 0.5 1.40807199478 0.0086180322397 1 Cristian  840.6909333880012 0.064 0.409802364878 0.899453962542 1 1 4 0.31 1
308 3 4.5 0 1 9.81 0.5 1.35117793083 -0.0482760317099 1 Cristian  843.2009253590004 0.064 0.446317906012 0.899453962542 1 1 4 0.31 1
309 4 6 0 1 -9.81 0.5 1.63890385628 -0.0526520824645 1 Cristian  845.6575784400011 0.064 0.581366431883 1.19155593874 1 1 4 0.31 1
310 4 6 0 0 9.81 0.5 1.70331501961 0.0117590808656 1 Cristian  848.3952892350007 0.064 0.30358701166 1.19155593874 1 1 4 0.31 0
311 3 4.5 0 0 -9.81 0.5 1.38927006721 -0.0101838953268 1 Cristian  851.2187495970011 0.064 0.254961661449 0.899453962542 1 1 4 0.31 0
312 3 4.5 0 0 9.81 0.5 1.42141985893 0.0219658963907 1 Cristian  853.7125121470017 0.064 0.256282229279 0.899453962542 1 1 4 0.31 0
313 4 4.5 0 1 -9.81 0.5 1.41359400749 0.0141400449503 1 Cristian  856.2611512810017 0.064 0.410629958958 0.899453962542 1 1 4 0.31 1
314 4 4.5 0 0 9.81 0.5 1.48310613632 0.0836521737802 1 Cristian  858.7966068690002 0.064 0.250725136483 0.899453962542 1 1 4 0.31 0
315 3 6 0 1 9.81 0.5 1.77095103264 0.0793950938966 1 Cristian  861.4093990070014 0.064 0.579611326968 1.19155593874 1 1 4 0.31 1
316 4 6 0 1 9.81 0.5 1.7131729126 0.0216169738557 1 Cristian  864.2928466380017 0.064 0.581316275173 1.19155593874 1 1 4 0.31 1
317 4 4.5 0 0 -9.81 0.5 1.55503702164 0.155583059095 1 Cristian  867.1220155250012 0.064 0.239610115497 0.899453962542 1 1 4 0.31 0
318 4 4.5 0 1 9.81 0.5 1.44913697243 0.0496830098856 1 Cristian  869.7985501700005 0.064 0.421962775134 0.899453962542 1 1 4 0.31 1
319 3 6 0 1 -9.81 0.5 1.59908604622 -0.0924698925231 1 Cristian  872.3817897960016 0.064 0.59245853001 1.19155593874 1 1 4 0.31 1
320 3 6 0 1 -9.81 0.5 1.71699404716 0.025438108423 1 Cristian  875.0743153560015 0.064 0.549727363238 1.19155593874 1 1 4 0.31 1
321 3 4.5 0 0 9.81 0.5 1.47855591774 0.0791019551981 1 Cristian  877.9119205800016 0.064 0.263024270623 0.899453962542 1 1 4 0.31 0
322 4 6 0 0 9.81 0.5 1.70228409767 0.0107281589295 1 Cristian  880.5045494290007 0.064 0.31883870789 1.19155593874 1 1 4 0.31 0
323 4 4.5 0 0 9.81 0.5 1.55062484741 0.15117088487 1 Cristian  883.3214413770002 0.064 0.254983662097 0.899453962542 1 1 4 0.31 0
324 4 4.5 0 1 -9.81 0.5 1.4150788784 0.0156249158609 1 Cristian  886.0005961650004 0.064 0.421746800106 0.899453962542 1 1 4 0.31 1
325 3 6 0 0 -9.81 0.5 1.77129602432 0.0797400855805 1 Cristian  888.543441187001 0.064 0.324445434862 1.19155593874 1 1 4 0.31 0
326 4 6 0 1 -9.81 0.5 1.61493420601 -0.0766217327331 1 Cristian  891.4239383650001 0.064 0.559233695805 1.19155593874 1 1 4 0.31 1
327 4 6 0 1 9.81 0.5 1.5740301609 -0.117525777838 1 Cristian  894.15722628 0.064 0.547191343298 1.19155593874 1 1 4 0.31 1
328 3 6 0 1 9.81 0.5 1.67406105995 -0.0174948787902 1 Cristian  896.8485750920008 0.064 0.543192848925 1.19155593874 1 1 4 0.31 1
329 4 4.5 0 0 -9.81 0.5 1.31984496117 -0.0796090013754 1 Cristian  899.6408362780003 0.064 0.246508917912 0.899453962542 1 1 4 0.31 0
330 3 4.5 0 1 -9.81 0.5 1.45008301735 0.0506290548074 1 Cristian  902.056968967001 0.064 0.429508165431 0.899453962542 1 1 4 0.31 1
331 3 4.5 0 1 9.81 0.5 1.4300429821 0.0305890195596 1 Cristian  904.6358454100009 0.064 0.443734474803 0.899453962542 1 1 4 0.31 1
332 3 4.5 0 0 -9.81 0.5 1.36250400543 -0.0369499571097 1 Cristian  907.1918049260003 0.064 0.228511658509 0.899453962542 1 1 4 0.31 0
333 3 6 0 0 9.81 0.5 1.76295113564 0.0713951968934 1 Cristian  909.6633121530012 0.064 0.320325285911 1.19155593874 1 1 4 0.31 0
334 4 6 0 0 -9.81 0.5 1.83038306236 0.138827123621 1 Cristian  912.5421004390009 0.064 0.297984076101 1.19155593874 1 1 4 0.31 0
335 4 4.5 0 1 9.81 0.5 1.45719313622 0.0577391736734 1 Cristian  915.4945662630016 0.064 0.412658648803 0.899453962542 1 1 4 0.31 1
336 4 4.5 0 0 9.81 0.5 1.62155294418 0.222098981642 1 Cristian  918.0742144280011 0.064 0.251846153828 0.899453962542 1 1 4 0.31 0
337 4 4.5 0 1 -9.81 0.5 1.40882921219 0.00937524964692 1 Cristian  920.7992010530015 0.064 0.414426027681 0.899453962542 1 1 4 0.31 1
338 4 6 0 1 -9.81 0.5 1.6483361721 -0.0432197666381 1 Cristian  923.3330767940006 0.064 0.53747131854 1.19155593874 1 1 4 0.31 1
339 3 6 0 0 -9.81 0.5 1.90376710892 0.212211170175 1 Cristian  926.0968913320012 0.064 0.337435867721 1.19155593874 1 1 4 0.31 0
340 3 6 0 1 9.81 0.5 1.83699703217 0.145441093424 1 Cristian  929.0902932600002 0.064 0.568986196342 1.19155593874 1 1 4 0.31 1
341 3 6 0 0 9.81 0.5 1.90539598465 0.213840045908 1 Cristian  932.0449181000004 0.064 0.322324498064 1.19155593874 1 1 4 0.31 0
342 4 6 0 0 -9.81 0.5 1.82145810127 0.129902162531 1 Cristian  935.0669554980013 0.064 0.330268949859 1.19155593874 1 1 4 0.31 0
343 3 4.5 0 1 -9.81 0.5 1.48554205894 0.0860880964029 1 Cristian  938.0158906980014 0.064 0.426087271971 0.899453962542 1 1 4 0.31 1
344 3 4.5 0 0 9.81 0.5 1.54271101952 0.143257056974 1 Cristian  940.619288285001 0.064 0.242882593426 0.899453962542 1 1 4 0.31 0
345 3 4.5 0 0 -9.81 0.5 1.56504011154 0.165586149 1 Cristian  943.2792403310013 0.064 0.264635347585 0.899453962542 1 1 4 0.31 0
346 4 4.5 0 0 -9.81 0.5 1.56874990463 0.169295942091 1 Cristian  945.9568648240001 0.064 0.233558024515 0.899453962542 1 1 4 0.31 0
347 3 4.5 0 1 9.81 0.5 1.47119092941 0.071736966871 1 Cristian  948.6494853120003 0.064 0.408430782602 0.899453962542 1 1 4 0.31 1
348 4 4.5 0 1 9.81 0.5 1.60273694992 0.203282987379 1 Cristian  951.2180349250011 0.064 0.426592959535 0.899453962542 1 1 4 0.31 1
349 4 6 0 1 9.81 0.5 1.73435807228 0.0428021335389 1 Cristian  953.9535090160007 0.064 0.574588194361 1.19155593874 1 1 4 0.31 1
350 4 6 0 0 9.81 0.5 1.83605384827 0.144497909525 1 Cristian  956.7930046490001 0.064 0.305747074208 1.19155593874 1 1 4 0.31 0
351 3 6 0 1 -9.81 0.5 1.83097696304 0.139421024301 1 Cristian  959.7457321340007 0.064 0.556852890966 1.19155593874 1 1 4 0.31 1
352 4 4.5 0 1 9.81 0.5 1.44611406326 0.0466601007211 1 Cristian  962.7023129440004 0.064 0.416699943757 0.899453962542 1 1 4 0.31 1
353 4 6 0 0 9.81 0.5 1.7623860836 0.0708301448609 1 Cristian  965.2558755070004 0.064 0.339553827071 1.19155593874 1 1 4 0.31 0
354 3 4.5 0 0 -9.81 0.5 1.5040500164 0.104596053861 1 Cristian  968.1385597590015 0.064 0.25455628936 0.899453962542 1 1 4 0.31 0
355 4 4.5 0 0 9.81 0.5 1.46537089348 0.0659169309366 1 Cristian  970.7647916600017 0.064 0.235598465926 0.899453962542 1 1 4 0.31 0
356 4 6 0 1 9.81 0.5 1.69639587402 0.00483993528147 1 Cristian  973.3388429160004 0.064 0.572330011377 1.19155593874 1 1 4 0.31 1
357 4 6 0 1 -9.81 0.5 1.64276099205 -0.0487949466918 1 Cristian  976.1603621360009 0.064 0.558225205685 1.19155593874 1 1 4 0.31 1
358 3 6 0 0 9.81 0.5 1.64195990562 -0.0495960331176 1 Cristian  978.9183511590018 0.064 0.342737169681 1.19155593874 1 1 4 0.31 0
359 4 4.5 0 1 -9.81 0.5 1.41781187057 0.0183579080332 1 Cristian  981.6913185230005 0.064 0.407218393632 0.899453962542 1 1 4 0.31 1
360 4 6 0 0 -9.81 0.5 1.67410111427 -0.0174548244689 1 Cristian  984.212896645 0.064 0.298928257968 1.19155593874 1 1 4 0.31 0
361 3 4.5 0 0 9.81 0.5 1.51960206032 0.120148097776 1 Cristian  987.0163379220012 0.064 0.260169334863 0.899453962542 1 1 4 0.31 0
362 3 6 0 1 9.81 0.5 1.71304702759 0.0214910888459 1 Cristian  989.6544544120006 0.064 0.565474059631 1.19155593874 1 1 4 0.31 1
363 3 6 0 0 -9.81 0.5 1.8064661026 0.114910163858 1 Cristian  992.4825918450006 0.064 0.303212885469 1.19155593874 1 1 4 0.31 0
364 4 4.5 0 0 -9.81 0.5 1.48453092575 0.0850769632089 1 Cristian  995.4044142030016 0.064 0.253079138866 0.899453962542 1 1 4 0.31 0
365 3 4.5 0 1 9.81 0.5 1.38895606995 -0.0104978925955 1 Cristian  998.009925974 0.064 0.444860054747 0.899453962542 1 1 4 0.31 1
366 3 4.5 0 1 -9.81 0.5 1.41779208183 0.0183381192911 1 Cristian  1000.5092061540017 0.064 0.40551579295 0.899453962542 1 1 4 0.31 1
367 3 6 0 1 -9.81 0.5 1.66214489937 -0.0294110393737 1 Cristian  1003.0523482710014 0.064 0.56450312515 1.19155593874 1 1 4 0.31 1
368 3 4.5 0 0 -9.81 0.5 1.45487499237 0.0554210298288 1 Cristian  1005.8332965120007 0.064 0.253212489689 0.899453962542 1 1 4 0.31 0
369 3 6 0 0 9.81 0.5 1.76290297508 0.0713470363404 1 Cristian  1008.3988174790011 0.064 0.299839479043 1.19155593874 1 1 4 0.31 0
370 3 4.5 0 1 9.81 0.5 1.44449305534 0.0450390928018 1 Cristian  1011.2526969050014 0.064 0.422668368673 0.899453962542 1 1 4 0.31 1
371 4 6 0 0 9.81 0.5 1.79480695724 0.103251018503 1 Cristian  1013.826482036 0.064 0.330558387251 1.19155593874 1 1 4 0.31 0
372 4 6 0 1 -9.81 0.5 1.70859408379 0.017038145044 1 Cristian  1016.7475149290003 0.064 0.552561592473 1.19155593874 1 1 4 0.31 1
373 3 6 0 1 -9.81 0.5 1.63035607338 -0.0611998653624 1 Cristian  1019.5642102260008 0.064 0.549657083053 1.19155593874 1 1 4 0.31 1
374 4 4.5 0 0 9.81 0.5 1.56750679016 0.168052827619 1 Cristian  1022.3131519990002 0.064 0.247604433372 0.899453962542 1 1 4 0.31 0
375 4 6 0 1 9.81 0.5 1.8322520256 0.140696086862 1 Cristian  1024.9921209470012 0.064 0.544884588619 1.19155593874 1 1 4 0.31 1
376 4 4.5 0 1 9.81 0.5 1.54843592644 0.148981963896 1 Cristian  1027.922197146001 0.064 0.406362807294 0.899453962542 1 1 4 0.31 1
377 3 4.5 0 0 9.81 0.5 1.58076620102 0.181312238477 1 Cristian  1030.5895594550002 0.064 0.261561323243 0.899453962542 1 1 4 0.31 0
378 4 4.5 0 1 -9.81 0.5 1.53725099564 0.137797033094 1 Cristian  1033.272706879001 0.064 0.422358899843 0.899453962542 1 1 4 0.31 1
379 4 4.5 0 0 -9.81 0.5 1.42049694061 0.021042978071 1 Cristian  1035.934682680001 0.064 0.240865829379 0.899453962542 1 1 4 0.31 0
380 3 4.5 0 1 -9.81 0.5 1.48838305473 0.0889290921915 1 Cristian  1038.455053384001 0.064 0.408243358892 0.899453962542 1 1 4 0.31 1
381 3 6 0 1 9.81 0.5 1.77233290672 0.0807769679811 1 Cristian  1041.0647157720014 0.064 0.577430991085 1.19155593874 1 1 4 0.31 1
382 4 6 0 0 -9.81 0.5 1.80846214294 0.116906204202 1 Cristian  1043.9538831930004 0.064 0.356259504895 1.19155593874 1 1 4 0.31 0
383 3 6 0 0 -9.81 0.5 1.60092997551 -0.0906259632323 1 Cristian  1046.8519271120003 0.064 0.318372611977 1.19155593874 1 1 4 0.31 0
