trial vx vy vz LongOcclusion g timeStill rTime TemporalError environment id pupiltime IOD OccludedTimeOfTrajectory FlightDuration Drag DragFirst block accuracy LongOcclusion
0 3 6 0 0 8.3385 0.5 2.72297501564 0.827459617644 1 Marco  3.0810767769999075 0.064 0.378096377285 1.395515398 1 1 2 0.3 0
1 3 4.5 0 1 9.81 0.5 2.72297501564 0.827459617644 1 Marco  3.0810767769999075 0.064 0.378096377285 1.395515398 1 1 2 0.3 0
2 3 4.5 0 1 11.2815 0.5 1.36985898018 0.0857322932171 1 Marco  6.9099289400001 0.064 0.372141520418 0.784126686962 1 1 2 0.3 1
3 4 4.5 0 0 9.81 0.5 1.97197699547 0.572523032926 1 Marco  9.381083624999974 0.064 0.225976294068 0.899453962542 1 1 2 0.3 0
4 4 6 0 0 9.81 0.5 2.33899116516 0.647435226419 1 Marco  12.46335404499996 0.064 0.346885739716 1.19155593874 1 1 2 0.3 0
5 4 4.5 0 0 8.3385 0.5 1.81218099594 0.257618766886 1 Marco  15.896817827999712 0.064 0.275863333683 1.05456222905 1 1 2 0.3 0
6 4 4.5 0 1 8.3385 0.5 1.72956299782 0.175000768763 1 Marco  18.810836737000045 0.064 0.520086167925 1.05456222905 1 1 2 0.3 1
7 4 6 0 1 9.81 0.5 2.21562099457 0.524065055826 1 Marco  21.637009217000013 0.064 0.572425262809 1.19155593874 1 1 2 0.3 1
8 4 6 0 0 6.867 0.5 2.65792393684 0.474166949268 1 Marco  24.952077275999727 0.064 0.423538189403 1.68375698758 1 1 2 0.3 0
9 4 4.5 0 0 6.867 0.5 2.08794212341 0.313611248594 1 Marco  28.707013826000093 0.064 0.366191113183 1.27433087482 1 1 2 0.3 0
10 3 6 0 1 12.753 0.5 1.77214407921 0.350087391386 1 Marco  31.88576573199998 0.064 0.45668857468 0.922056687823 1 1 2 0.3 1
11 4 6 0 1 11.2815 0.5 2.1363799572 0.596758067581 1 Marco  34.74833962699995 0.064 0.495988175889 1.03962188962 1 1 2 0.3 1
12 3 6 0 0 12.753 0.5 1.8055138588 0.383457170972 1 Marco  37.992338476999976 0.064 0.246752130059 0.922056687823 1 1 2 0.3 0
13 4 6 0 1 8.3385 0.5 2.64190983772 0.746394439727 1 Marco  40.898428046999925 0.064 0.636037928803 1.395515398 1 1 2 0.3 1
14 3 4.5 0 1 12.753 0.5 1.46203899384 0.267024256708 1 Marco  44.63721956900008 0.064 0.335238671613 0.695014737127 1 1 2 0.3 1
15 3 4.5 0 0 8.3385 0.5 1.83508896828 0.280526739222 1 Marco  47.20233891199996 0.064 0.272441900222 1.05456222905 1 1 2 0.3 0
16 3 4.5 0 0 11.2815 0.5 1.55875778198 0.274631095021 1 Marco  50.145042976999775 0.064 0.205491007289 0.784126686962 1 1 2 0.3 0
17 3 4.5 0 1 8.3385 0.5 1.97929000854 0.42472777949 1 Marco  52.78884985500008 0.064 0.517579366642 1.05456222905 1 1 2 0.3 1
18 3 4.5 0 0 9.81 0.5 1.65822505951 0.258771096967 1 Marco  55.8800919979999 0.064 0.263857945425 0.899453962542 1 1 2 0.3 0
19 3 6 0 1 9.81 0.5 2.28020000458 0.588644065836 1 Marco  58.62300350799978 0.064 0.583238441756 1.19155593874 1 1 2 0.3 1
20 3 6 0 0 9.81 0.5 2.19872903824 0.507173099497 1 Marco  62.01035040999977 0.064 0.308729409148 1.19155593874 1 1 2 0.3 0
21 4 4.5 0 0 12.753 0.5 1.32980799675 0.134793259622 1 Marco  65.29775944599987 0.064 0.178068111625 0.695014737127 1 1 2 0.3 0
22 4 4.5 0 1 6.867 0.5 2.45350193977 0.679171064954 1 Marco  67.72853073999977 0.064 0.63277048265 1.27433087482 1 1 2 0.3 1
23 4 6 0 1 12.753 0.5 2.04145717621 0.619400488386 1 Marco  71.27875782799993 0.064 0.415127497189 0.922056687823 1 1 2 0.3 1
24 3 6 0 0 11.2815 0.5 1.94001793861 0.400396048996 1 Marco  74.4366277969998 0.064 0.286750903539 1.03962188962 1 1 2 0.3 0
25 4 6 0 0 8.3385 0.5 2.4194381237 0.523922725707 1 Marco  77.46986512900003 0.064 0.404983718844 1.395515398 1 1 2 0.3 0
26 3 6 0 1 11.2815 0.5 2.43743014336 0.897808253738 1 Marco  80.98670094499994 0.064 0.506483519809 1.03962188962 1 1 2 0.3 1
27 4 4.5 0 1 12.753 0.5 1.4773349762 0.282320239069 1 Marco  84.51811888700013 0.064 0.341893056742 0.695014737127 1 1 2 0.3 1
28 3 4.5 0 0 6.867 0.5 2.57665300369 0.802322128873 1 Marco  87.08247103299982 0.064 0.379723008975 1.27433087482 1 1 2 0.3 0
29 3 6 0 1 8.3385 0.5 3.01168107986 1.11616568187 1 Marco  90.75125635599989 0.064 0.693849810606 1.395515398 1 1 2 0.3 1
30 4 6 0 0 12.753 0.5 1.76583003998 0.343773352155 1 Marco  94.85566110899981 0.064 0.274499280216 0.922056687823 1 1 2 0.3 0
31 3 6 0 0 6.867 0.5 2.30036401749 0.116607029911 1 Marco  97.70873626100001 0.064 0.451382021943 1.68375698758 1 1 2 0.3 0
32 3 4.5 0 1 6.867 0.5 1.96931791306 0.194987038236 1 Marco  101.1205823639998 0.064 0.612763051677 1.27433087482 1 1 2 0.3 1
33 3 4.5 0 0 12.753 0.5 1.33805990219 0.143045165064 1 Marco  104.18798546200014 0.064 0.192570402375 0.695014737127 1 1 2 0.3 0
34 3 6 0 1 6.867 0.5 3.23864388466 1.05488689708 1 Marco  106.61399359699999 0.064 0.780091157924 1.68375698758 1 1 2 0.3 1
35 4 4.5 0 1 11.2815 0.5 1.71752905846 0.433402371495 1 Marco  110.96545078200006 0.064 0.369171041307 0.784126686962 1 1 2 0.3 1
36 4 6 0 0 11.2815 0.5 1.87785387039 0.338231980774 1 Marco  113.79059808700003 0.064 0.309475280328 1.03962188962 1 1 2 0.3 0
37 4 6 0 1 6.867 0.5 3.29458880424 1.11083181667 1 Marco  116.76588594099985 0.064 0.766780541143 1.68375698758 1 1 2 0.3 1
38 4 4.5 0 1 9.81 0.5 1.68359088898 0.284136926435 1 Marco  121.16295510700002 0.064 0.43771473604 0.899453962542 1 1 2 0.3 1
39 4 4.5 0 0 11.2815 0.5 1.61792707443 0.333800387471 1 Marco  123.93760412399979 0.064 0.216942559708 0.784126686962 1 1 2 0.3 0
40 3 6 0 0 9.81 0.5 2.46595907211 0.774403133371 1 Marco  126.646524925 0.064 0.307735776779 1.19155593874 1 1 2 0.3 0
41 3 6 0 0 12.753 0.5 1.85286211967 0.430805431852 1 Marco  130.21783356100013 0.064 0.233066381396 0.922056687823 1 1 2 0.3 0
42 3 4.5 0 0 9.81 0.5 1.61421489716 0.214760934614 1 Marco  133.17581472699976 0.064 0.2589242004 0.899453962542 1 1 2 0.3 0
43 3 4.5 0 1 12.753 0.5 1.49238610268 0.297371365549 1 Marco  135.87628954399997 0.064 0.339874451324 0.695014737127 1 1 2 0.3 1
44 4 4.5 0 1 8.3385 0.5 2.14729905128 0.59273682223 1 Marco  138.46067747300003 0.064 0.510390844037 1.05456222905 1 1 2 0.3 1
45 3 6 0 1 6.867 0.5 2.9205198288 0.736762841221 1 Marco  141.71005379200005 0.064 0.805134095295 1.68375698758 1 1 2 0.3 1
46 3 4.5 0 0 8.3385 0.5 1.95060491562 0.396042686564 1 Marco  145.73693600299976 0.064 0.314706246589 1.05456222905 1 1 2 0.3 0
47 4 4.5 0 0 6.867 0.5 2.02386212349 0.24953124867 1 Marco  148.80268867199993 0.064 0.378252479872 1.27433087482 1 1 2 0.3 0
48 4 6 0 0 8.3385 0.5 2.5126748085 0.617159410506 1 Marco  151.92314674399995 0.064 0.409075245266 1.395515398 1 1 2 0.3 0
49 4 4.5 0 1 12.753 0.5 1.55561208725 0.360597350122 1 Marco  155.53227606500013 0.064 0.317976331329 0.695014737127 1 1 2 0.3 1
50 4 4.5 0 1 6.867 0.5 2.50407600403 0.729745129209 1 Marco  158.18572233399982 0.064 0.624603831395 1.27433087482 1 1 2 0.3 1
51 3 6 0 0 11.2815 0.5 2.06244897842 0.522827088806 1 Marco  161.79060747199992 0.064 0.309499614123 1.03962188962 1 1 2 0.3 0
52 3 4.5 0 0 11.2815 0.5 1.8104019165 0.526275229542 1 Marco  164.96583911300013 0.064 0.206127235173 0.784126686962 1 1 2 0.3 0
53 4 4.5 0 1 11.2815 0.5 1.51810216904 0.233975482075 1 Marco  167.86662951200015 0.064 0.353335942414 0.784126686962 1 1 2 0.3 1
54 4 4.5 0 0 8.3385 0.5 2.01105904579 0.456496816737 1 Marco  170.48169953399974 0.064 0.29454989641 1.05456222905 1 1 2 0.3 0
55 4 6 0 0 6.867 0.5 2.90594911575 0.722192128178 1 Marco  173.5772644849999 0.064 0.440024279173 1.68375698758 1 1 2 0.3 0
56 4 4.5 0 1 9.81 0.5 2.16428303719 0.764829074644 1 Marco  177.57891025599974 0.064 0.444309424344 0.899453962542 1 1 2 0.3 1
57 3 4.5 0 1 11.2815 0.5 1.50480294228 0.220676255314 1 Marco  180.8426167570001 0.064 0.375880894901 0.784126686962 1 1 2 0.3 1
58 4 4.5 0 0 11.2815 0.5 1.51692509651 0.23279840955 1 Marco  183.45150917 0.064 0.221668357551 0.784126686962 1 1 2 0.3 0
59 4 6 0 1 12.753 0.5 2.12705993652 0.705003248701 1 Marco  186.06706525899972 0.064 0.421446171688 0.922056687823 1 1 2 0.3 1
60 4 6 0 0 9.81 0.5 1.9950671196 0.303511180856 1 Marco  189.29698884899972 0.064 0.314931063532 1.19155593874 1 1 2 0.3 0
61 4 4.5 0 0 9.81 0.5 1.91357922554 0.514125262998 1 Marco  192.40235405199974 0.064 0.251388301863 0.899453962542 1 1 2 0.3 0
62 4 6 0 1 6.867 0.5 3.25572299957 1.071966012 1 Marco  195.41080733299987 0.064 0.821751590524 1.68375698758 1 1 2 0.3 1
63 4 6 0 1 8.3385 0.5 2.53665399551 0.641138597518 1 Marco  199.7851107649999 0.064 0.682964725666 1.395515398 1 1 2 0.3 1
64 3 6 0 1 12.753 0.5 2.45619392395 1.03413723613 1 Marco  203.41185825499997 0.064 0.416046759291 0.922056687823 1 1 2 0.3 1
65 3 6 0 1 9.81 0.5 2.59569907188 0.904143133142 1 Marco  206.97209099400015 0.064 0.575625799282 1.19155593874 1 1 2 0.3 1
66 3 6 0 0 6.867 0.5 2.64306688309 0.459309895512 1 Marco  210.66793515500012 0.064 0.427439056776 1.68375698758 1 1 2 0.3 0
67 3 6 0 0 8.3385 0.5 2.51498699188 0.619471593886 1 Marco  214.406699398 0.064 0.415330905467 1.395515398 1 1 2 0.3 0
68 3 4.5 0 1 6.867 0.5 1.99417114258 0.219840267759 1 Marco  218.0162553199998 0.064 0.587376375396 1.27433087482 1 1 2 0.3 1
69 4 6 0 0 12.753 0.5 1.8145210743 0.392464386472 1 Marco  221.11094512599993 0.064 0.276388334714 0.922056687823 1 1 2 0.3 0
70 4 6 0 0 11.2815 0.5 2.17105197906 0.631430089447 1 Marco  224.03569842599973 0.064 0.311550246471 1.03962188962 1 1 2 0.3 0
71 3 6 0 1 8.3385 0.5 1.93632411957 0.0408087215718 1 Marco  227.3227145699998 0.064 0.673116795373 1.395515398 1 1 2 0.3 1
72 4 6 0 1 11.2815 0.5 1.75504302979 0.215421140167 1 Marco  230.35748106999972 0.064 0.505136139431 1.03962188962 1 1 2 0.3 1
73 3 4.5 0 1 9.81 0.5 1.590914011 0.19146004846 1 Marco  233.1950481240001 0.064 0.406798475187 0.899453962542 1 1 2 0.3 1
74 4 4.5 0 0 12.753 0.5 1.33245992661 0.137445189478 1 Marco  235.877983589 0.064 0.203453010647 0.695014737127 1 1 2 0.3 0
75 3 4.5 0 0 6.867 0.5 2.1174659729 0.343135098081 1 Marco  238.32955739 0.064 0.376918979905 1.27433087482 1 1 2 0.3 0
76 3 4.5 0 1 8.3385 0.5 2.08494496346 0.5303827344 1 Marco  241.53682709999975 0.064 0.513591982677 1.05456222905 1 1 2 0.3 1
77 3 4.5 0 0 12.753 0.5 1.50568795204 0.310673214914 1 Marco  244.71806861200002 0.064 0.18486810773 0.695014737127 1 1 2 0.3 0
78 3 6 0 1 11.2815 0.5 1.60408401489 0.0644621252743 1 Marco  247.314478537 0.064 0.512641083481 1.03962188962 1 1 2 0.3 1
79 4 6 0 1 9.81 0.5 2.16571497917 0.47415904043 1 Marco  250.00526185599983 0.064 0.543249122703 1.19155593874 1 1 2 0.3 1
80 4 4.5 0 1 8.3385 0.5 2.15387797356 0.599315744502 1 Marco  253.25618549399996 0.064 0.475114838996 1.05456222905 1 1 2 0.3 1
81 4 6 0 1 9.81 0.5 2.60257387161 0.911017932871 1 Marco  256.50895861399977 0.064 0.576488665131 1.19155593874 1 1 2 0.3 1
82 4 4.5 0 1 6.867 0.5 2.15669989586 0.38236902104 1 Marco  260.2228024860001 0.064 0.621734628919 1.27433087482 1 1 2 0.3 1
83 4 4.5 0 0 9.81 0.5 1.79556703568 0.396113073133 1 Marco  263.4869052099998 0.064 0.228996173151 0.899453962542 1 1 2 0.3 0
84 3 4.5 0 1 11.2815 0.5 1.77121305466 0.487086367695 1 Marco  266.39097932000004 0.064 0.383500208266 0.784126686962 1 1 2 0.3 1
85 4 4.5 0 1 9.81 0.5 2.05406904221 0.654615079664 1 Marco  269.2623385329998 0.064 0.441815984524 0.899453962542 1 1 2 0.3 1
86 3 4.5 0 0 8.3385 0.5 1.92442393303 0.369861703974 1 Marco  272.41696586499984 0.064 0.289174459029 1.05456222905 1 1 2 0.3 0
87 3 6 0 1 12.753 0.5 1.99023318291 0.568176495084 1 Marco  275.43915631699974 0.064 0.460274737533 0.922056687823 1 1 2 0.3 1
88 3 4.5 0 0 9.81 0.5 1.59034085274 0.190886890196 1 Marco  278.5248410270001 0.064 0.242278022451 0.899453962542 1 1 2 0.3 0
89 3 6 0 0 12.753 0.5 1.71143889427 0.289382206449 1 Marco  281.21635075999984 0.064 0.270314909674 0.922056687823 1 1 2 0.3 0
90 3 6 0 0 8.3385 0.5 2.80094194412 0.905426546126 1 Marco  284.03601335899975 0.064 0.355522870176 1.395515398 1 1 2 0.3 0
91 4 6 0 0 8.3385 0.5 2.47112989426 0.575614496261 1 Marco  287.93077419500014 0.064 0.407618218395 1.395515398 1 1 2 0.3 0
92 4 4.5 0 1 12.753 0.5 1.40195703506 0.206942297937 1 Marco  291.523226538 0.064 0.320629020886 0.695014737127 1 1 2 0.3 1
93 4 6 0 1 6.867 0.5 3.71914196014 1.53538497257 1 Marco  294.03437968399976 0.064 0.841649974514 1.68375698758 1 1 2 0.3 1
94 3 4.5 0 0 12.753 0.5 6.63686609268 5.44185135555 1 Marco  302.18641671600017 0.064 0.179688747309 0.695014737127 1 1 2 0.3 0
95 3 4.5 0 1 9.81 0.5 1.7278881073 0.328434144758 1 Marco  306.610631345 0.064 0.428488597896 0.899453962542 1 1 2 0.3 1
96 4 4.5 0 0 11.2815 0.5 1.57361102104 0.28948433408 1 Marco  309.43488786399985 0.064 0.222542158371 0.784126686962 1 1 2 0.3 0
97 4 6 0 0 6.867 0.5 2.86424994469 0.680492957111 1 Marco  312.0984107680001 0.064 0.495970116173 1.68375698758 1 1 2 0.3 0
98 3 6 0 1 9.81 0.5 2.374325037 0.682769098261 1 Marco  316.0547279819998 0.064 0.591847061921 1.19155593874 1 1 2 0.3 1
99 4 6 0 1 11.2815 0.5 2.34758496284 0.807963073227 1 Marco  319.523569641 0.064 0.479533529065 1.03962188962 1 1 2 0.3 1
100 4 6 0 0 11.2815 0.5 2.26261305809 0.722991168472 1 Marco  322.9846653899999 0.064 0.305724159599 1.03962188962 1 1 2 0.3 0
101 3 6 0 0 11.2815 0.5 2.2464928627 0.706870973083 1 Marco  326.3530119010002 0.064 0.261682509438 1.03962188962 1 1 2 0.3 0
102 3 6 0 1 8.3385 0.5 2.99671816826 1.10120277026 1 Marco  329.70217812300007 0.064 0.65016320338 1.395515398 1 1 2 0.3 1
103 3 4.5 0 0 6.867 0.5 2.49587988853 0.721549013715 1 Marco  333.79114454 0.064 0.331761897148 1.27433087482 1 1 2 0.3 0
104 4 6 0 1 12.753 0.5 2.2019970417 0.779940353879 1 Marco  337.39357261899977 0.064 0.423680801343 0.922056687823 1 1 2 0.3 1
105 4 4.5 0 0 12.753 0.5 1.48832702637 0.29331228924 1 Marco  340.69276959399986 0.064 0.192087004488 0.695014737127 1 1 2 0.3 0
106 3 6 0 0 6.867 0.5 3.5349919796 1.35123499202 1 Marco  343.27373485 0.064 0.426360928223 1.68375698758 1 1 2 0.3 0
107 3 4.5 0 0 11.2815 0.5 1.57394695282 0.289820265858 1 Marco  347.902838129 0.064 0.225386908471 0.784126686962 1 1 2 0.3 0
108 3 6 0 1 11.2815 0.5 2.36365103722 0.824029147598 1 Marco  350.5837406390001 0.064 0.498618364174 1.03962188962 1 1 2 0.3 1
109 4 6 0 1 8.3385 0.5 3.06686687469 1.1713514767 1 Marco  354.04513352000004 0.064 0.675001687726 1.395515398 1 1 2 0.3 1
110 4 6 0 0 12.753 0.5 1.67061400414 0.248557316312 1 Marco  358.218943804 0.064 0.258119864742 0.922056687823 1 1 2 0.3 0
111 3 4.5 0 1 6.867 0.5 1.88400888443 0.109678009611 1 Marco  360.9822765660001 0.064 0.627577609702 1.27433087482 1 1 2 0.3 1
112 3 4.5 0 1 8.3385 0.5 2.0906829834 0.536120754344 1 Marco  363.959977 0.064 0.477761548614 1.05456222905 1 1 2 0.3 1
113 3 4.5 0 1 12.753 0.5 1.45974588394 0.264731146814 1 Marco  367.1463086250001 0.064 0.346645785684 0.695014737127 1 1 2 0.3 1
114 3 6 0 0 9.81 0.5 2.56132888794 0.869772949197 1 Marco  369.70264805399984 0.064 0.297964959762 1.19155593874 1 1 2 0.3 0
115 4 6 0 0 9.81 0.5 2.49431800842 0.802762069681 1 Marco  373.36231994599984 0.064 0.329463273466 1.19155593874 1 1 2 0.3 0
116 4 4.5 0 0 8.3385 0.5 1.76490306854 0.210340839488 1 Marco  376.96765669800016 0.064 0.272755915584 1.05456222905 1 1 2 0.3 0
117 3 6 0 1 6.867 0.5 2.95986390114 0.776106913563 1 Marco  379.82688993400006 0.064 0.787642170996 1.68375698758 1 1 2 0.3 1
118 4 4.5 0 0 6.867 0.5 2.26521801949 0.490887144666 1 Marco  383.902360006 0.064 0.349151137154 1.27433087482 1 1 2 0.3 0
119 4 4.5 0 1 11.2815 0.5 1.67914605141 0.395019364445 1 Marco  387.26664119 0.064 0.382202893618 0.784126686962 1 1 2 0.3 1
120 4 6 0 0 8.3385 0.5 2.26218795776 0.366672559768 1 Marco  390.046866488 0.064 0.417685402271 1.395515398 1 1 2 0.3 0
121 4 4.5 0 1 6.867 0.5 3.11922883987 1.34489796506 1 Marco  393.3982706470001 0.064 0.63496422294 1.27433087482 1 1 2 0.3 1
122 3 6 0 0 9.81 0.5 2.45625209808 0.764696159342 1 Marco  397.6060595690001 0.064 0.309064789384 1.19155593874 1 1 2 0.3 0
123 4 6 0 1 11.2815 0.5 2.75175499916 1.21213310954 1 Marco  401.16507686099976 0.064 0.49996208196 1.03962188962 1 1 2 0.3 1
124 4 6 0 0 6.867 0.5 2.97286677361 0.78910978603 1 Marco  405.0295352349999 0.064 0.428071205843 1.68375698758 1 1 2 0.3 0
125 3 4.5 0 0 6.867 0.5 2.31727910042 0.542948225599 1 Marco  409.10667537100016 0.064 0.320681769242 1.27433087482 1 1 2 0.3 0
126 3 4.5 0 1 11.2815 0.5 1.66523385048 0.381107163517 1 Marco  412.52081259099987 0.064 0.368388781615 0.784126686962 1 1 2 0.3 1
127 4 6 0 1 8.3385 0.5 2.95095491409 1.0554395161 1 Marco  415.28705677300013 0.064 0.650790875417 1.395515398 1 1 2 0.3 1
128 4 6 0 1 12.753 0.5 2.06064414978 0.638587461957 1 Marco  419.3533020730001 0.064 0.449038624945 0.922056687823 1 1 2 0.3 1
129 4 4.5 0 0 9.81 0.5 1.72647309303 0.327019130491 1 Marco  422.5107565210001 0.064 0.268314530299 0.899453962542 1 1 2 0.3 0
130 4 4.5 0 0 8.3385 0.5 1.78595304489 0.231390815837 1 Marco  425.34552419600004 0.064 0.29570179204 1.05456222905 1 1 2 0.3 0
131 4 6 0 1 6.867 0.5 3.2523829937 1.06862600612 1 Marco  428.2448260689998 0.064 0.820972568214 1.68375698758 1 1 2 0.3 1
132 3 6 0 1 11.2815 0.5 2.03862786293 0.499005973312 1 Marco  432.5975213060001 0.064 0.516288807636 1.03962188962 1 1 2 0.3 1
133 4 6 0 0 12.753 0.5 1.62526798248 0.20321129466 1 Marco  435.7423209069998 0.064 0.26175254279 0.922056687823 1 1 2 0.3 0
134 3 4.5 0 1 8.3385 0.5 1.62146782875 0.0669055996958 1 Marco  438.4693508569999 0.064 0.508609031553 1.05456222905 1 1 2 0.3 1
135 3 6 0 0 12.753 0.5 2.09250712395 0.670450436124 1 Marco  441.18285811199985 0.064 0.236531886437 0.922056687823 1 1 2 0.3 0
136 3 6 0 1 9.81 0.5 3.3038790226 1.61232308386 1 Marco  444.3883511029999 0.064 0.575014944832 1.19155593874 1 1 2 0.3 1
137 4 4.5 0 1 11.2815 0.5 1.82216095924 0.538034272282 1 Marco  448.78285842900004 0.064 0.386193118613 0.784126686962 1 1 2 0.3 1
138 3 6 0 1 12.753 0.5 2.10468792915 0.682631241331 1 Marco  451.709687435 0.064 0.428203598686 0.922056687823 1 1 2 0.3 1
139 4 6 0 0 9.81 0.5 1.80598711967 0.114431180933 1 Marco  454.9246582320002 0.064 0.307870524763 1.19155593874 1 1 2 0.3 0
140 3 4.5 0 1 12.753 0.5 1.34541606903 0.150401331903 1 Marco  457.8254904280002 0.064 0.318740574532 0.695014737127 1 1 2 0.3 1
141 3 4.5 0 1 6.867 0.5 2.46239185333 0.688060978513 1 Marco  460.26525798999955 0.064 0.604961711672 1.27433087482 1 1 2 0.3 1
142 3 6 0 0 8.3385 0.5 2.54169297218 0.646177574187 1 Marco  463.8277090900001 0.064 0.418374915014 1.395515398 1 1 2 0.3 0
143 3 6 0 0 6.867 0.5 2.72693514824 0.543178160664 1 Marco  467.4773916659997 0.064 0.443043162294 1.68375698758 1 1 2 0.3 0
144 3 4.5 0 0 9.81 0.5 1.53614401817 0.136690055631 1 Marco  471.29570719000003 0.064 0.23951935876 0.899453962542 1 1 2 0.3 0
145 4 4.5 0 1 8.3385 0.5 1.65224409103 0.0976818619792 1 Marco  473.9407109249996 0.064 0.502263356099 1.05456222905 1 1 2 0.3 1
146 4 4.5 0 0 11.2815 0.5 1.62577414513 0.341647458165 1 Marco  476.6860859669996 0.064 0.220641698659 0.784126686962 1 1 2 0.3 0
147 4 6 0 1 9.81 0.5 2.60428118706 0.912725248316 1 Marco  479.4143022340004 0.064 0.558012810604 1.19155593874 1 1 2 0.3 1
148 3 4.5 0 1 9.81 0.5 2.07519006729 0.675736104749 1 Marco  483.11973882300026 0.064 0.427627262057 0.899453962542 1 1 2 0.3 1
149 4 4.5 0 1 9.81 0.5 1.52709007263 0.12763611009 1 Marco  486.28764639200017 0.064 0.422675199407 0.899453962542 1 1 2 0.3 1
150 3 6 0 0 11.2815 0.5 1.52854299545 -0.0110788941653 1 Marco  488.91838760599967 0.064 0.306432580779 1.03962188962 1 1 2 0.3 0
151 3 6 0 1 6.867 0.5 3.20466995239 1.02091296482 1 Marco  491.550553047 0.064 0.825451542711 1.68375698758 1 1 2 0.3 1
152 3 4.5 0 0 8.3385 0.5 1.91748690605 0.362924676997 1 Marco  495.8586687859997 0.064 0.268699558877 1.05456222905 1 1 2 0.3 0
153 4 4.5 0 1 12.753 0.5 1.34092497826 0.145910241129 1 Marco  498.87663063000036 0.064 0.317544969681 0.695014737127 1 1 2 0.3 1
154 3 6 0 1 8.3385 0.5 3.31499814987 1.41948275188 1 Marco  501.3098734659998 0.064 0.660742808564 1.395515398 1 1 2 0.3 1
155 4 4.5 0 0 12.753 0.5 1.67748785019 0.482473113062 1 Marco  505.7253910999998 0.064 0.20488526455 0.695014737127 1 1 2 0.3 0
156 3 4.5 0 0 12.753 0.5 1.33901190758 0.14399717045 1 Marco  508.4934087769998 0.064 0.208063902342 0.695014737127 1 1 2 0.3 0
157 4 4.5 0 0 6.867 0.5 2.39829111099 0.623960236173 1 Marco  510.92609344500033 0.064 0.375732214564 1.27433087482 1 1 2 0.3 0
158 4 6 0 0 11.2815 0.5 2.07568883896 0.536066949341 1 Marco  514.4236746870001 0.064 0.270843865969 1.03962188962 1 1 2 0.3 0
159 3 4.5 0 0 11.2815 0.5 1.50626778603 0.222141099064 1 Marco  517.591603891 0.064 0.20130518435 0.784126686962 1 1 2 0.3 0
160 4 4.5 0 1 9.81 0.5 1.35230302811 -0.0471509344351 1 Marco  520.2088355389997 0.064 0.416029542122 0.899453962542 1 1 2 0.3 1
161 3 4.5 0 1 11.2815 0.5 1.31968688965 0.0355602026867 1 Marco  522.6536738619998 0.064 0.369873001952 0.784126686962 1 1 2 0.3 1
162 4 6 0 1 9.81 0.5 3.30234885216 1.61079291342 1 Marco  525.0946818040002 0.064 0.543676476847 1.19155593874 1 1 2 0.3 1
163 3 4.5 0 0 8.3385 0.5 1.87196993828 0.317407709223 1 Marco  529.4912138890004 0.064 0.267435617042 1.05456222905 1 1 2 0.3 0
164 3 6 0 0 12.753 0.5 1.8262450695 0.404188381681 1 Marco  532.4577251310002 0.064 0.259796420223 0.922056687823 1 1 2 0.3 0
165 4 4.5 0 0 8.3385 0.5 1.6456990242 0.0911367951457 1 Marco  535.383248651 0.064 0.288169054319 1.05456222905 1 1 2 0.3 0
166 4 4.5 0 1 11.2815 0.5 1.85955405235 0.575427365391 1 Marco  538.130734978 0.064 0.381971804235 0.784126686962 1 1 2 0.3 1
167 4 4.5 0 0 6.867 0.5 2.6396548748 0.865323999982 1 Marco  541.0816187959999 0.064 0.345005003222 1.27433087482 1 1 2 0.3 0
168 4 6 0 0 9.81 0.5 2.53817081451 0.846614875772 1 Marco  544.8346591509999 0.064 0.341792222176 1.19155593874 1 1 2 0.3 0
169 3 6 0 0 9.81 0.5 2.73026609421 1.03871015547 1 Marco  548.4712516319996 0.064 0.325382615686 1.19155593874 1 1 2 0.3 0
170 3 6 0 1 8.3385 0.5 3.16689991951 1.27138452151 1 Marco  552.3059820319995 0.064 0.684332225983 1.395515398 1 1 2 0.3 1
171 4 6 0 0 12.753 0.5 1.91356897354 0.491512285718 1 Marco  556.5746978509997 0.064 0.274688155779 0.922056687823 1 1 2 0.3 0
172 3 6 0 1 6.867 0.5 3.30198788643 1.11823089885 1 Marco  559.6076903559997 0.064 0.802366458351 1.68375698758 1 1 2 0.3 1
173 4 4.5 0 0 11.2815 0.5 1.57599902153 0.291872334568 1 Marco  564.0320436840002 0.064 0.202902969642 0.784126686962 1 1 2 0.3 0
174 3 4.5 0 0 11.2815 0.5 1.59750699997 0.313380313008 1 Marco  566.700648391 0.064 0.203237585685 0.784126686962 1 1 2 0.3 0
175 4 4.5 0 0 9.81 0.5 2.0964050293 0.696951066755 1 Marco  569.4052542560003 0.064 0.262489723836 0.899453962542 1 1 2 0.3 0
176 4 6 0 1 8.3385 0.5 2.61334395409 0.71782855609 1 Marco  572.5988246389998 0.064 0.674165584202 1.395515398 1 1 2 0.3 1
177 3 4.5 0 1 8.3385 0.5 2.24393105507 0.689368826014 1 Marco  576.3189522530001 0.064 0.506798502796 1.05456222905 1 1 2 0.3 1
178 3 4.5 0 1 12.753 0.5 1.4360408783 0.241026141168 1 Marco  579.6693433520004 0.064 0.317395611251 0.695014737127 1 1 2 0.3 1
179 4 4.5 0 1 12.753 0.5 1.44044995308 0.245435215952 1 Marco  582.2027365900003 0.064 0.337385996362 0.695014737127 1 1 2 0.3 1
180 3 6 0 1 9.81 0.5 2.38026404381 0.688708105066 1 Marco  584.7450654960003 0.064 0.561485189873 1.19155593874 1 1 2 0.3 1
181 4 4.5 0 1 6.867 0.5 2.27801990509 0.503689030271 1 Marco  588.2211432220001 0.064 0.620910484379 1.27433087482 1 1 2 0.3 1
182 3 6 0 0 11.2815 0.5 1.98123407364 0.441612184021 1 Marco  591.5996821529998 0.064 0.296625794716 1.03962188962 1 1 2 0.3 0
183 3 4.5 0 0 6.867 0.5 2.02318811417 0.248857239347 1 Marco  594.672506424 0.064 0.377664807732 1.27433087482 1 1 2 0.3 0
184 4 6 0 1 11.2815 0.5 2.21292495728 0.673303067657 1 Marco  597.8027444910003 0.064 0.489156895267 1.03962188962 1 1 2 0.3 1
185 4 6 0 0 11.2815 0.5 2.17145204544 0.631830155822 1 Marco  601.1180743949999 0.064 0.275482266022 1.03962188962 1 1 2 0.3 0
186 3 6 0 0 8.3385 0.5 2.71311616898 0.81760077098 1 Marco  604.3990383439996 0.064 0.417054366551 1.395515398 1 1 2 0.3 0
187 3 6 0 1 11.2815 0.5 2.32727098465 0.787649095031 1 Marco  608.2041423629998 0.064 0.515054203997 1.03962188962 1 1 2 0.3 1
188 3 4.5 0 0 12.753 0.5 1.40958309174 0.214568354608 1 Marco  611.6265924740001 0.064 0.181881869796 0.695014737127 1 1 2 0.3 0
189 4 4.5 0 0 12.753 0.5 1.77168893814 0.576674201013 1 Marco  614.1327361069998 0.064 0.180930232797 0.695014737127 1 1 2 0.3 0
190 3 6 0 0 6.867 0.5 2.8696269989 0.685870011326 1 Marco  617.0198851770001 0.064 0.498225456859 1.68375698758 1 1 2 0.3 0
191 3 6 0 1 12.753 0.5 1.99536299706 0.573306309232 1 Marco  621.0062732289998 0.064 0.425026538197 0.922056687823 1 1 2 0.3 1
192 3 4.5 0 0 9.81 0.5 1.66539096832 0.265937005781 1 Marco  624.1053670190004 0.064 0.229842979219 0.899453962542 1 1 2 0.3 0
193 4 6 0 1 6.867 0.5 2.65523695946 0.471479971882 1 Marco  626.8772131409996 0.064 0.76691087503 1.68375698758 1 1 2 0.3 1
194 4 6 0 0 8.3385 0.5 2.32698011398 0.431464715987 1 Marco  630.642732194 0.064 0.392006971901 1.395515398 1 1 2 0.3 0
195 4 4.5 0 1 8.3385 0.5 1.73388004303 0.179317813975 1 Marco  634.0763131419999 0.064 0.525714469178 1.05456222905 1 1 2 0.3 1
196 4 6 0 1 12.753 0.5 1.74343299866 0.321376310834 1 Marco  636.9089848100002 0.064 0.455429289301 0.922056687823 1 1 2 0.3 1
197 3 4.5 0 1 6.867 0.5 2.14883899689 0.374508122068 1 Marco  639.7535366250004 0.064 0.599444194685 1.27433087482 1 1 2 0.3 1
198 3 4.5 0 1 9.81 0.5 1.75347304344 0.3540190809 1 Marco  643.0094525920003 0.064 0.425985140165 0.899453962542 1 1 2 0.3 1
199 4 6 0 0 6.867 0.5 2.99581885338 0.812061865803 1 Marco  645.8801771079998 0.064 0.481319732894 1.68375698758 1 1 2 0.3 0
200 4 6 0 0 8.3385 0.5 1.9038939476 0.00837854960525 1 Marco  649.9779212989997 0.064 0.366097957944 1.395515398 1 1 2 0.3 0
201 3 6 0 0 8.3385 0.5 2.55925393105 0.663738533049 1 Marco  652.9876972330003 0.064 0.405028304741 1.395515398 1 1 2 0.3 0
202 4 6 0 1 12.753 0.5 2.04107093811 0.619014250288 1 Marco  656.6544203869998 0.064 0.458923343559 0.922056687823 1 1 2 0.3 1
203 4 4.5 0 0 8.3385 0.5 1.78078603745 0.22622380839 1 Marco  659.8007272710001 0.064 0.279469044284 1.05456222905 1 1 2 0.3 0
204 3 4.5 0 1 8.3385 0.5 2.6182281971 1.06366596804 1 Marco  662.6788633790002 0.064 0.504969718121 1.05456222905 1 1 2 0.3 1
205 3 4.5 0 1 11.2815 0.5 1.67147803307 0.387351346104 1 Marco  666.384838338 0.064 0.378138248197 0.784126686962 1 1 2 0.3 1
206 4 4.5 0 0 11.2815 0.5 1.51472616196 0.230599474995 1 Marco  669.1681158040001 0.064 0.214372605887 0.784126686962 1 1 2 0.3 0
207 3 4.5 0 1 12.753 0.5 1.51785802841 0.322843291284 1 Marco  671.7773155859995 0.064 0.314705670032 0.695014737127 1 1 2 0.3 1
208 4 4.5 0 0 9.81 0.5 1.42668604851 0.0272320859659 1 Marco  674.4047620219999 0.064 0.269730989977 0.899453962542 1 1 2 0.3 0
209 3 4.5 0 0 12.753 0.5 1.39307379723 0.198059060099 1 Marco  676.9214958579996 0.064 0.20819391292 0.695014737127 1 1 2 0.3 0
210 3 6 0 1 6.867 0.5 3.06120204926 0.87744506168 1 Marco  679.4194307649996 0.064 0.780167089035 1.68375698758 1 1 2 0.3 1
211 4 6 0 0 12.753 0.5 1.92035698891 0.498300301084 1 Marco  683.5825265610001 0.064 0.237190125967 0.922056687823 1 1 2 0.3 0
212 3 4.5 0 0 8.3385 0.5 1.99619817734 0.441635948283 1 Marco  686.608968986 0.064 0.283374795003 1.05456222905 1 1 2 0.3 0
213 4 6 0 1 8.3385 0.5 2.70311784744 0.807602449447 1 Marco  689.7147142140002 0.064 0.638567333162 1.395515398 1 1 2 0.3 1
214 4 4.5 0 1 8.3385 0.5 1.73499298096 0.180430751902 1 Marco  693.5307322070003 0.064 0.486978962773 1.05456222905 1 1 2 0.3 1
215 3 4.5 0 0 11.2815 0.5 1.49170684814 0.207580161183 1 Marco  696.3776210919996 0.064 0.222167877189 0.784126686962 1 1 2 0.3 0
216 4 6 0 0 9.81 0.5 10.0936369896 8.40208105085 1 Marco  708.7706728499998 0.064 0.299853031248 1.19155593874 1 1 2 0.3 0
217 4 4.5 0 0 12.753 0.5 10.0936369896 8.40208105085 1 Marco  710.0200021439996 0.064 0.186934497146 0.695014737127 1 1 2 0.3 0
218 3 4.5 0 1 9.81 0.5 1.8262591362 0.426805173658 1 Marco  710.1702606210001 0.064 0.407532470129 0.899453962542 1 1 2 0.3 1
219 4 6 0 1 9.81 0.5 2.56461787224 0.873061933496 1 Marco  713.1070101590003 0.064 0.557574769809 1.19155593874 1 1 2 0.3 1
220 3 6 0 0 9.81 0.5 2.58155584335 0.889999904611 1 Marco  716.7742170559995 0.064 0.320927539212 1.19155593874 1 1 2 0.3 0
221 4 4.5 0 0 6.867 0.5 2.19643616676 0.422105291944 1 Marco  720.4599328510003 0.064 0.357455184168 1.27433087482 1 1 2 0.3 0
222 3 6 0 1 12.753 0.5 1.56884288788 0.146786200056 1 Marco  723.759140485 0.064 0.449387509192 0.922056687823 1 1 2 0.3 1
223 4 6 0 0 6.867 0.5 3.17906904221 0.99531205463 1 Marco  726.4396707719998 0.064 0.477925861959 1.68375698758 1 1 2 0.3 0
224 3 4.5 0 0 6.867 0.5 2.25788593292 0.483555058103 1 Marco  730.711188661 0.064 0.365119195843 1.27433087482 1 1 2 0.3 0
225 4 4.5 0 1 11.2815 0.5 1.65347003937 0.369343352406 1 Marco  734.0609244269999 0.064 0.379319015184 0.784126686962 1 1 2 0.3 1
226 4 6 0 1 6.867 0.5 3.13398599625 0.950229008671 1 Marco  736.8137074280003 0.064 0.795337602463 1.68375698758 1 1 2 0.3 1
227 3 4.5 0 1 6.867 0.5 2.07603788376 0.301707008939 1 Marco  741.0698389580002 0.064 0.614206601236 1.27433087482 1 1 2 0.3 1
228 4 6 0 0 11.2815 0.5 1.9348449707 0.395223081085 1 Marco  744.2406730100001 0.064 0.26828790267 1.03962188962 1 1 2 0.3 0
229 3 6 0 0 12.753 0.5 1.602175951 0.180119263181 1 Marco  747.2710212989996 0.064 0.246949552504 0.922056687823 1 1 2 0.3 0
230 3 6 0 0 6.867 0.5 2.37831711769 0.194560130116 1 Marco  749.9632893429998 0.064 0.425327710884 1.68375698758 1 1 2 0.3 0
231 3 6 0 1 9.81 0.5 2.61040091515 0.918844976404 1 Marco  753.4307960019996 0.064 0.591700611835 1.19155593874 1 1 2 0.3 1
232 4 6 0 1 11.2815 0.5 1.81522202492 0.275600135299 1 Marco  757.141983214 0.064 0.509757317885 1.03962188962 1 1 2 0.3 1
233 3 6 0 0 11.2815 0.5 1.79770612717 0.258084237549 1 Marco  760.0473432279996 0.064 0.262841729765 1.03962188962 1 1 2 0.3 0
234 4 4.5 0 1 6.867 0.5 1.96908903122 0.1947581564 1 Marco  762.9334807209998 0.064 0.628033516807 1.27433087482 1 1 2 0.3 1
235 3 4.5 0 0 9.81 0.5 1.43729519844 0.0378412358988 1 Marco  766.0087295169997 0.064 0.238106615487 0.899453962542 1 1 2 0.3 0
236 3 6 0 1 11.2815 0.5 2.50002193451 0.960400044891 1 Marco  768.538594058 0.064 0.509305447261 1.03962188962 1 1 2 0.3 1
237 4 4.5 0 1 9.81 0.5 1.64775109291 0.248297130369 1 Marco  772.1268563610001 0.064 0.408757809647 0.899453962542 1 1 2 0.3 1
238 3 6 0 1 8.3385 0.5 2.95804309845 1.06252770045 1 Marco  774.8764109000003 0.064 0.634283760066 1.395515398 1 1 2 0.3 1
239 4 4.5 0 1 12.753 0.5 1.45994782448 0.264933087351 1 Marco  778.9366238920002 0.064 0.33475602557 0.695014737127 1 1 2 0.3 1
240 4 4.5 0 1 6.867 0.5 2.12270116806 0.348370293241 1 Marco  781.4875132719999 0.064 0.587371694529 1.27433087482 1 1 2 0.3 1
241 4 6 0 1 8.3385 0.5 7.4914560318 5.5959406338 1 Marco  784.7206530479998 0.064 0.647659980522 1.395515398 1 1 2 0.3 1
242 3 6 0 1 9.81 0.5 2.37223386765 0.680677928903 1 Marco  793.3139675399998 0.064 0.551648411331 1.19155593874 1 1 2 0.3 1
243 3 6 0 1 6.867 0.5 3.60460090637 1.4208439188 1 Marco  796.7974359700002 0.064 0.784383568674 1.68375698758 1 1 2 0.3 1
244 3 6 0 1 11.2815 0.5 2.484842062 0.945220172378 1 Marco  801.5035943590001 0.064 0.468782968758 1.03962188962 1 1 2 0.3 1
245 3 6 0 0 11.2815 0.5 2.38913989067 0.849518001053 1 Marco  805.0759439029998 0.064 0.31024919784 1.03962188962 1 1 2 0.3 0
246 3 6 0 1 8.3385 0.5 2.48780083656 0.592285438567 1 Marco  808.5642194239999 0.064 0.695025747871 1.395515398 1 1 2 0.3 1
247 3 4.5 0 0 11.2815 0.5 1.37961196899 0.0954852820324 1 Marco  812.1455819820003 0.064 0.198999888522 0.784126686962 1 1 2 0.3 0
248 4 6 0 1 12.753 0.5 2.94830799103 1.52625130321 1 Marco  814.6337437619995 0.064 0.442991680278 0.922056687823 1 1 2 0.3 1
249 3 4.5 0 0 12.753 0.5 1.41445612907 0.219441391947 1 Marco  818.6761572080004 0.064 0.204031209105 0.695014737127 1 1 2 0.3 0
250 3 6 0 0 12.753 0.5 1.56115007401 0.139093386182 1 Marco  821.2015758910002 0.064 0.271096947372 0.922056687823 1 1 2 0.3 0
251 4 6 0 0 12.753 0.5 1.68033099174 0.258274303922 1 Marco  823.8776996790002 0.064 0.242695068262 0.922056687823 1 1 2 0.3 0
252 3 6 0 0 8.3385 0.5 2.7203810215 0.824865623504 1 Marco  826.6670199990003 0.064 0.367472567321 1.395515398 1 1 2 0.3 0
253 4 4.5 0 0 8.3385 0.5 1.92433595657 0.369773727519 1 Marco  830.4775048840002 0.064 0.295444412547 1.05456222905 1 1 2 0.3 0
254 4 4.5 0 1 11.2815 0.5 1.63746881485 0.353342127888 1 Marco  833.5160576059998 0.064 0.377838932476 0.784126686962 1 1 2 0.3 1
255 3 4.5 0 0 9.81 0.5 1.54039406776 0.140940105222 1 Marco  836.2489826849996 0.064 0.262362046991 0.899453962542 1 1 2 0.3 0
256 4 6 0 0 6.867 0.5 2.72665596008 0.542898972507 1 Marco  838.8925097009997 0.064 0.444147729202 1.68375698758 1 1 2 0.3 0
257 3 4.5 0 1 6.867 0.5 1.68561697006 -0.0887139047569 1 Marco  842.721340733 0.064 0.581823428595 1.27433087482 1 1 2 0.3 1
258 3 4.5 0 1 12.753 0.5 1.31623601913 0.121221282007 1 Marco  845.489485133 0.064 0.341144355457 0.695014737127 1 1 2 0.3 1
259 4 4.5 0 0 9.81 0.5 1.50179409981 0.102340137266 1 Marco  847.9280763090001 0.064 0.253368529853 0.899453962542 1 1 2 0.3 0
260 4 6 0 1 11.2815 0.5 2.20460605621 0.664984166595 1 Marco  850.5467778020002 0.064 0.517597863169 1.03962188962 1 1 2 0.3 1
261 4 6 0 1 9.81 0.5 2.18412494659 0.492569007852 1 Marco  853.8599252739996 0.064 0.539122038859 1.19155593874 1 1 2 0.3 1
262 4 6 0 0 11.2815 0.5 1.7158908844 0.176268994781 1 Marco  857.1328280360003 0.064 0.292205065994 1.03962188962 1 1 2 0.3 0
263 4 6 0 0 9.81 0.5 2.26735901833 0.575803079584 1 Marco  859.935656396 0.064 0.335513679462 1.19155593874 1 1 2 0.3 0
264 3 4.5 0 1 11.2815 0.5 1.52903413773 0.244907450764 1 Marco  863.3173375289998 0.064 0.355842498205 0.784126686962 1 1 2 0.3 1
265 4 4.5 0 1 9.81 0.5 1.52596282959 0.126508867048 1 Marco  865.9490032029998 0.064 0.431351216517 0.899453962542 1 1 2 0.3 1
266 4 4.5 0 1 12.753 0.5 1.28853702545 0.0935222883243 1 Marco  868.5695871059997 0.064 0.330791388302 0.695014737127 1 1 2 0.3 1
267 4 6 0 1 6.867 0.5 3.53775501251 1.35399802494 1 Marco  870.9435104109998 0.064 0.783367348008 1.68375698758 1 1 2 0.3 1
268 4 4.5 0 1 8.3385 0.5 2.04175782204 0.487195592982 1 Marco  875.5905153690001 0.064 0.481397522271 1.05456222905 1 1 2 0.3 1
269 3 6 0 0 6.867 0.5 2.84145498276 0.657697995182 1 Marco  878.7261020010001 0.064 0.442620936672 1.68375698758 1 1 2 0.3 0
270 3 4.5 0 1 9.81 0.5 2.43325519562 1.03380123308 1 Marco  882.670641961 0.064 0.431969530465 0.899453962542 1 1 2 0.3 1
271 4 4.5 0 0 11.2815 0.5 1.57631516457 0.292188477604 1 Marco  886.2047765890002 0.064 0.205508572981 0.784126686962 1 1 2 0.3 0
272 4 6 0 0 8.3385 0.5 2.5805439949 0.685028596907 1 Marco  888.8970982279998 0.064 0.354400997561 1.395515398 1 1 2 0.3 0
273 4 4.5 0 0 6.867 0.5 2.0010008812 0.226670006376 1 Marco  892.5762089330001 0.064 0.374584331152 1.27433087482 1 1 2 0.3 0
274 4 4.5 0 0 12.753 0.5 1.3433611393 0.14834640217 1 Marco  895.6791066100004 0.064 0.199121549552 0.695014737127 1 1 2 0.3 0
275 3 4.5 0 0 8.3385 0.5 2.07430195808 0.519739729029 1 Marco  898.1296589229996 0.064 0.315837334337 1.05456222905 1 1 2 0.3 0
276 3 6 0 0 9.81 0.5 2.07671022415 0.38515428541 1 Marco  901.312700599 0.064 0.317000601347 1.19155593874 1 1 2 0.3 0
277 3 4.5 0 1 8.3385 0.5 2.43352293968 0.878960710627 1 Marco  904.4915478180001 0.064 0.517182371213 1.05456222905 1 1 2 0.3 1
278 3 6 0 1 12.753 0.5 1.55436897278 0.132312284956 1 Marco  908.026918607 0.064 0.426509224975 0.922056687823 1 1 2 0.3 1
279 3 4.5 0 0 6.867 0.5 2.82235407829 1.04802320347 1 Marco  910.6966271219999 0.064 0.325803207827 1.27433087482 1 1 2 0.3 0
280 3 4.5 0 1 12.753 0.5 1.20985889435 0.0148441572207 1 Marco  914.6110304570002 0.064 0.313718614933 0.695014737127 1 1 2 0.3 1
281 3 6 0 1 6.867 0.5 2.8186750412 0.634918053623 1 Marco  916.9197296519997 0.064 0.793802918573 1.68375698758 1 1 2 0.3 1
282 3 4.5 0 0 9.81 0.5 1.88785004616 0.488396083616 1 Marco  920.8428566109997 0.064 0.262572148233 0.899453962542 1 1 2 0.3 0
283 4 6 0 0 8.3385 0.5 2.87429404259 0.978778644591 1 Marco  923.8236593840002 0.064 0.382954064277 1.395515398 1 1 2 0.3 0
284 4 4.5 0 1 12.753 0.5 1.41736507416 0.22235033703 1 Marco  927.7803246780004 0.064 0.318084018355 0.695014737127 1 1 2 0.3 1
285 4 4.5 0 0 6.867 0.5 2.1220729351 0.347742060285 1 Marco  930.2972538949998 0.064 0.369540243837 1.27433087482 1 1 2 0.3 0
286 4 6 0 0 9.81 0.5 2.45635819435 0.764802255609 1 Marco  933.5360659219996 0.064 0.314219904182 1.19155593874 1 1 2 0.3 0
287 3 4.5 0 0 8.3385 0.5 1.3202009201 -0.23436130895 1 Marco  937.1062335830002 0.064 0.308373305154 1.05456222905 1 1 2 0.3 0
288 3 4.5 0 0 6.867 0.5 2.15213394165 0.377803066831 1 Marco  939.535173667 0.064 0.361279879446 1.27433087482 1 1 2 0.3 0
289 4 6 0 1 9.81 0.5 2.59534692764 0.903790988901 1 Marco  942.8004467170003 0.064 0.593503096392 1.19155593874 1 1 2 0.3 1
290 4 6 0 0 6.867 0.5 3.73378300667 1.55002601909 1 Marco  946.4914724350001 0.064 0.461765626895 1.68375698758 1 1 2 0.3 0
291 4 6 0 0 11.2815 0.5 2.4677259922 0.928104102585 1 Marco  951.3357640470003 0.064 0.300581778859 1.03962188962 1 1 2 0.3 0
292 4 6 0 1 11.2815 0.5 2.64826393127 1.10864204166 1 Marco  954.8960632039998 0.064 0.48369833709 1.03962188962 1 1 2 0.3 1
293 3 6 0 0 6.867 0.5 3.36179900169 1.17804201412 1 Marco  958.6484947939998 0.064 0.472336924574 1.68375698758 1 1 2 0.3 0
294 3 4.5 0 0 12.753 0.5 1.37144804001 0.176433302881 1 Marco  963.1114332269999 0.064 0.199139362383 0.695014737127 1 1 2 0.3 0
295 4 4.5 0 0 11.2815 0.5 1.82968688011 0.54556019315 1 Marco  965.5803805940004 0.064 0.212631535836 0.784126686962 1 1 2 0.3 0
296 4 4.5 0 1 6.867 0.5 3.11067199707 1.33634112225 1 Marco  968.5205373079998 0.064 0.634597445145 1.27433087482 1 1 2 0.3 1
297 3 4.5 0 0 11.2815 0.5 1.53563308716 0.251506400196 1 Marco  972.735332839 0.064 0.231036321427 0.784126686962 1 1 2 0.3 0
298 3 4.5 0 1 6.867 0.5 2.77623796463 1.00190708981 1 Marco  975.3739674299995 0.064 0.594928548462 1.27433087482 1 1 2 0.3 1
299 3 4.5 0 1 8.3385 0.5 2.50270795822 0.948145729167 1 Marco  979.2539749019998 0.064 0.517402628261 1.05456222905 1 1 2 0.3 1
300 3 4.5 0 1 9.81 0.5 2.04843711853 0.648983155988 1 Marco  982.8378710460001 0.064 0.440976363575 0.899453962542 1 1 2 0.3 1
301 3 6 0 0 11.2815 0.5 2.57278513908 1.03316324947 1 Marco  985.9799249429998 0.064 0.282140940177 1.03962188962 1 1 2 0.3 0
302 3 6 0 1 11.2815 0.5 2.58249402046 1.04287213084 1 Marco  989.6483133129996 0.064 0.518745498581 1.03962188962 1 1 2 0.3 1
303 3 4.5 0 1 11.2815 0.5 1.79744291306 0.513316226094 1 Marco  993.3363280619997 0.064 0.37404501218 0.784126686962 1 1 2 0.3 1
304 4 4.5 0 0 12.753 0.5 1.45638895035 0.261374213221 1 Marco  996.2215825929998 0.064 0.185325208989 0.695014737127 1 1 2 0.3 0
305 4 6 0 1 6.867 0.5 2.93491506577 0.75115807819 1 Marco  998.7755177170002 0.064 0.804595212998 1.68375698758 1 1 2 0.3 1
306 4 4.5 0 0 8.3385 0.5 2.26228904724 0.707726818186 1 Marco  1002.8087631629996 0.064 0.311965931028 1.05456222905 1 1 2 0.3 0
307 4 4.5 0 1 11.2815 0.5 1.44642186165 0.162295174687 1 Marco  1006.1754404109997 0.064 0.354120978799 0.784126686962 1 1 2 0.3 1
308 4 4.5 0 0 9.81 0.5 1.94334292412 0.543888961576 1 Marco  1008.7094957310001 0.064 0.265232502009 0.899453962542 1 1 2 0.3 0
309 4 6 0 0 12.753 0.5 2.00498890877 0.582932220945 1 Marco  1011.7758527599999 0.064 0.257427251407 0.922056687823 1 1 2 0.3 0
310 3 6 0 1 12.753 0.5 2.4522049427 1.03014825488 1 Marco  1014.8742460789999 0.064 0.441871788719 0.922056687823 1 1 2 0.3 1
311 3 6 0 0 9.81 0.5 2.92453694344 1.23298100469 1 Marco  1018.4302941400001 0.064 0.342585872807 1.19155593874 1 1 2 0.3 0
312 4 6 0 1 12.753 0.5 1.7558889389 0.333832251081 1 Marco  1022.4792838499998 0.064 0.44778945578 0.922056687823 1 1 2 0.3 1
313 4 6 0 1 8.3385 0.5 3.83752202988 1.94200663188 1 Marco  1025.3434281279997 0.064 0.686075814469 1.395515398 1 1 2 0.3 1
314 4 4.5 0 1 9.81 0.5 1.5426299572 0.143175994657 1 Marco  1030.2767142129997 0.064 0.428413026483 0.899453962542 1 1 2 0.3 1
315 3 6 0 0 8.3385 0.5 2.4758040905 0.580288692504 1 Marco  1032.921379501 0.064 0.353041314193 1.395515398 1 1 2 0.3 0
316 4 4.5 0 1 8.3385 0.5 1.54623007774 -0.00833215131123 1 Marco  1036.5047192599995 0.064 0.492819611829 1.05456222905 1 1 2 0.3 1
317 3 6 0 1 9.81 0.5 2.38567686081 0.694120922067 1 Marco  1039.155993034 0.064 0.53902756011 1.19155593874 1 1 2 0.3 1
318 3 6 0 0 12.753 0.5 1.67230892181 0.250252233991 1 Marco  1042.6405872300002 0.064 0.275238323469 0.922056687823 1 1 2 0.3 0
319 3 6 0 1 8.3385 0.5 3.7732899189 1.8777745209 1 Marco  1045.402610231 0.064 0.68458033557 1.395515398 1 1 2 0.3 1
