trial vx vy vz LongOcclusion g timeStill rTime TemporalError environment id pupiltime IOD OccludedTimeOfTrajectory FlightDuration Drag DragFirst block accuracy LongOcclusion
0 4 4.5 0 0 11.2815 0.5 6.97687411308 5.69274742612 1 Cristian  2.779143303001547 0.064 0.197633348579 0.784126686962 1 1 1 0.37 0
1 4 4.5 0 0 8.3385 0.5 1.60309886932 0.048536640269 1 Cristian  10.824080375001358 0.064 0.293005854047 1.05456222905 1 1 1 0.37 0
2 4 4.5 0 1 8.3385 0.5 1.55128288269 -0.00327934636433 1 Cristian  13.592453989000205 0.064 0.504504072777 1.05456222905 1 1 1 0.37 1
3 4 6 0 1 6.867 0.5 2.27232885361 0.0885718660316 1 Cristian  16.21985463800047 0.064 0.774918948044 1.68375698758 1 1 1 0.37 1
4 3 4.5 0 0 11.2815 0.5 1.31705498695 0.032928299992 1 Cristian  19.601113542999883 0.064 0.228325199285 0.784126686962 1 1 1 0.37 0
5 3 6 0 1 8.3385 0.5 1.99443006516 0.098914667159 1 Cristian  22.036249390001103 0.064 0.695200351466 1.395515398 1 1 1 0.37 1
6 4 4.5 0 0 6.867 0.5 1.79299879074 0.0186679159218 1 Cristian  25.137556875000882 0.064 0.368313890349 1.27433087482 1 1 1 0.37 0
7 4 4.5 0 0 9.81 0.5 1.4134349823 0.013981019758 1 Cristian  28.055171467000037 0.064 0.269819016988 0.899453962542 1 1 1 0.37 0
8 4 6 0 1 9.81 0.5 1.73918318748 0.0476272487428 1 Cristian  30.587091723000412 0.064 0.585846129985 1.19155593874 1 1 1 0.37 1
9 4 6 0 1 11.2815 0.5 1.46953606606 -0.0700858235629 1 Cristian  33.42026590500063 0.064 0.477552646862 1.03962188962 1 1 1 0.37 1
10 3 6 0 1 11.2815 0.5 1.59669399261 0.0570721029965 1 Cristian  35.980754019001324 0.064 0.50470710332 1.03962188962 1 1 1 0.37 1
11 3 6 0 1 9.81 0.5 1.92096209526 0.229406156519 1 Cristian  38.685332365999784 0.064 0.541928610804 1.19155593874 1 1 1 0.37 1
12 4 6 0 1 12.753 0.5 1.60875415802 0.186697470197 1 Cristian  41.722741855001004 0.064 0.451925278165 0.922056687823 1 1 1 0.37 1
13 3 4.5 0 1 12.753 0.5 1.19451212883 -0.000502608297444 1 Cristian  44.44144316799975 0.064 0.342680679638 0.695014737127 1 1 1 0.37 1
14 3 6 0 0 11.2815 0.5 1.64341497421 0.103793084594 1 Cristian  46.750525860999915 0.064 0.299982018304 1.03962188962 1 1 1 0.37 0
15 3 4.5 0 1 8.3385 0.5 1.70613789558 0.151575666529 1 Cristian  49.464874783001505 0.064 0.478762750738 1.05456222905 1 1 1 0.37 1
16 4 6 0 0 8.3385 0.5 1.93122696877 0.0357115707692 1 Cristian  52.284096873001545 0.064 0.391350181332 1.395515398 1 1 1 0.37 0
17 3 6 0 1 12.753 0.5 1.5902838707 0.168227182874 1 Cristian  55.32495117700091 0.064 0.436654122263 0.922056687823 1 1 1 0.37 1
18 3 4.5 0 0 8.3385 0.5 1.71345186234 0.15888963328 1 Cristian  58.028899191000164 0.064 0.291749320251 1.05456222905 1 1 1 0.37 0
19 4 4.5 0 1 9.81 0.5 1.50265598297 0.103202020429 1 Cristian  60.84154821000084 0.064 0.423576318649 0.899453962542 1 1 1 0.37 1
20 3 4.5 0 1 9.81 0.5 1.50995707512 0.110503112577 1 Cristian  63.443582162000894 0.064 0.435780720686 0.899453962542 1 1 1 0.37 1
21 4 6 0 0 9.81 0.5 1.82487297058 0.133317031839 1 Cristian  66.06846924500132 0.064 0.318623087173 1.19155593874 1 1 1 0.37 0
22 3 6 0 0 8.3385 0.5 1.91108608246 0.0155706844624 1 Cristian  69.00187046600149 0.064 0.380851017564 1.395515398 1 1 1 0.37 0
23 4 4.5 0 1 6.867 0.5 1.77160811424 -0.00272276057661 1 Cristian  72.02053914000135 0.064 0.596499668889 1.27433087482 1 1 1 0.37 1
24 3 6 0 0 6.867 0.5 2.2348549366 0.0510979490242 1 Cristian  74.90207032800026 0.064 0.436123298914 1.68375698758 1 1 1 0.37 0
25 4 6 0 0 6.867 0.5 2.23360395432 0.0498469667396 1 Cristian  78.24499533600101 0.064 0.497705210906 1.68375698758 1 1 1 0.37 0
26 4 4.5 0 1 12.753 0.5 1.33051991463 0.1355051775 1 Cristian  81.57551679100106 0.064 0.329392733281 0.695014737127 1 1 1 0.37 1
27 3 4.5 0 1 11.2815 0.5 1.34061479568 0.0564881087231 1 Cristian  83.99763489100042 0.064 0.380925884739 0.784126686962 1 1 1 0.37 1
28 4 6 0 1 8.3385 0.5 1.90330410004 0.00778870204056 1 Cristian  86.45781196100143 0.064 0.656748366864 1.395515398 1 1 1 0.37 1
29 3 4.5 0 0 12.753 0.5 1.28066706657 0.0856523294467 1 Cristian  89.47883943600027 0.064 0.200175713606 0.695014737127 1 1 1 0.37 0
30 3 4.5 0 0 9.81 0.5 1.45159888268 0.0521449201334 1 Cristian  91.86220318699998 0.064 0.247207525602 0.899453962542 1 1 1 0.37 0
31 3 6 0 0 9.81 0.5 1.68528485298 -0.0062710857604 1 Cristian  94.43997089700133 0.064 0.301923247851 1.19155593874 1 1 1 0.37 0
32 3 6 0 0 12.753 0.5 1.54416394234 0.122107254514 1 Cristian  97.23004090900031 0.064 0.235336603158 0.922056687823 1 1 1 0.37 0
33 3 4.5 0 0 6.867 0.5 1.86301112175 0.0886802469307 1 Cristian  99.88472715900025 0.064 0.33056154849 1.27433087482 1 1 1 0.37 0
34 3 6 0 1 6.867 0.5 2.29012084007 0.106363852497 1 Cristian  102.84999763300038 0.064 0.767017083444 1.68375698758 1 1 1 0.37 1
35 4 6 0 0 11.2815 0.5 1.67474603653 0.135124146911 1 Cristian  106.24863294700117 0.064 0.306477870909 1.03962188962 1 1 1 0.37 0
36 4 6 0 0 12.753 0.5 1.4820458889 0.0599892010779 1 Cristian  109.02810328600026 0.064 0.268128937519 0.922056687823 1 1 1 0.37 0
37 4 4.5 0 1 11.2815 0.5 1.23560714722 -0.0485195397449 1 Cristian  111.61127112100075 0.064 0.370089342659 0.784126686962 1 1 1 0.37 1
38 3 4.5 0 1 6.867 0.5 1.84171104431 0.0673801694924 1 Cristian  113.94919341200148 0.064 0.585292272766 1.27433087482 1 1 1 0.37 1
39 4 4.5 0 0 12.753 0.5 1.21400403976 0.018989302637 1 Cristian  116.9061925140013 0.064 0.194391685736 0.695014737127 1 1 1 0.37 0
40 4 6 0 1 11.2815 0.5 1.70199418068 0.162372291061 1 Cristian  119.22140079400015 0.064 0.499523924882 1.03962188962 1 1 1 0.37 1
41 3 4.5 0 1 12.753 0.5 1.21146202087 0.0164472837466 1 Cristian  122.05531630400037 0.064 0.31759348582 0.695014737127 1 1 1 0.37 1
42 4 4.5 0 1 6.867 0.5 1.67243790627 -0.101892968554 1 Cristian  124.38161063600091 0.064 0.585373011452 1.27433087482 1 1 1 0.37 1
43 4 6 0 1 9.81 0.5 1.77373194695 0.0821760082032 1 Cristian  127.16051419700125 0.064 0.594045652094 1.19155593874 1 1 1 0.37 1
44 3 6 0 0 11.2815 0.5 1.52869009972 -0.010931789902 1 Cristian  130.035061984001 0.064 0.302745136494 1.03962188962 1 1 1 0.37 0
45 4 6 0 1 6.867 0.5 2.11755394936 -0.0662030382195 1 Cristian  132.67445289900024 0.064 0.790397943834 1.68375698758 1 1 1 0.37 1
46 4 4.5 0 0 11.2815 0.5 1.35836911201 0.0742424250531 1 Cristian  135.89311052199992 0.064 0.216320012663 0.784126686962 1 1 1 0.37 0
47 4 6 0 1 12.753 0.5 1.39588999748 -0.0261666903405 1 Cristian  138.3677894299999 0.064 0.454337584652 0.922056687823 1 1 1 0.37 1
48 4 4.5 0 0 9.81 0.5 1.35679292679 -0.0426610357535 1 Cristian  140.85298018700087 0.064 0.229234696267 0.899453962542 1 1 1 0.37 0
49 3 6 0 1 8.3385 0.5 1.94904899597 0.0535335979756 1 Cristian  143.31935783300105 0.064 0.692570748948 1.395515398 1 1 1 0.37 1
50 4 4.5 0 1 9.81 0.5 1.34228110313 -0.0571728594076 1 Cristian  146.37027592600134 0.064 0.425817560672 0.899453962542 1 1 1 0.37 1
51 3 4.5 0 1 9.81 0.5 1.53997707367 0.140523111128 1 Cristian  148.8113768510011 0.064 0.439353774221 0.899453962542 1 1 1 0.37 1
52 4 6 0 0 9.81 0.5 1.84819293022 0.15663699148 1 Cristian  151.46032056600052 0.064 0.35454456176 1.19155593874 1 1 1 0.37 0
53 4 4.5 0 0 12.753 0.5 1.26444387436 0.0694291372317 1 Cristian  154.40746860699983 0.064 0.182919579571 0.695014737127 1 1 1 0.37 0
54 3 6 0 0 9.81 0.5 1.89324402809 0.201688089349 1 Cristian  156.76620479700068 0.064 0.33776517736 1.19155593874 1 1 1 0.37 0
55 4 6 0 0 8.3385 0.5 1.98768997192 0.0921745739278 1 Cristian  159.76255150100042 0.064 0.39134901773 1.395515398 1 1 1 0.37 0
56 3 4.5 0 1 11.2815 0.5 1.3407189846 0.0565922976422 1 Cristian  162.84906594899985 0.064 0.389507486053 0.784126686962 1 1 1 0.37 1
57 4 4.5 0 0 8.3385 0.5 1.71085190773 0.156289678675 1 Cristian  165.2972829700011 0.064 0.281266770005 1.05456222905 1 1 1 0.37 0
58 3 6 0 1 6.867 0.5 2.39639616013 0.21263917255 1 Cristian  168.10969945000033 0.064 0.808264344762 1.68375698758 1 1 1 0.37 1
59 3 6 0 1 9.81 0.5 1.83581399918 0.144258060434 1 Cristian  171.6116223099998 0.064 0.587105397739 1.19155593874 1 1 1 0.37 1
60 3 4.5 0 0 6.867 0.5 1.83762788773 0.0632970129067 1 Cristian  174.54785766200075 0.064 0.3624923952 1.27433087482 1 1 1 0.37 0
61 3 4.5 0 0 8.3385 0.5 1.66996908188 0.115406852824 1 Cristian  177.4895557079999 0.064 0.283219051263 1.05456222905 1 1 1 0.37 0
62 3 4.5 0 0 11.2815 0.5 1.4001250267 0.115998339741 1 Cristian  180.27606330300114 0.064 0.206092783702 0.784126686962 1 1 1 0.37 0
63 3 4.5 0 0 12.753 0.5 1.37244105339 0.177426316263 1 Cristian  182.78742586600129 0.064 0.196727645957 0.695014737127 1 1 1 0.37 0
64 3 6 0 0 12.753 0.5 1.48542308807 0.0633664002509 1 Cristian  185.26084216399977 0.064 0.234026497044 0.922056687823 1 1 1 0.37 0
65 3 6 0 1 11.2815 0.5 1.7398378849 0.200215995285 1 Cristian  187.85411949599984 0.064 0.487855670035 1.03962188962 1 1 1 0.37 1
66 4 6 0 0 12.753 0.5 1.49825310707 0.0761964192481 1 Cristian  190.7333735230004 0.064 0.265789932095 0.922056687823 1 1 1 0.37 0
67 4 4.5 0 1 12.753 0.5 1.22974491119 0.0347301740664 1 Cristian  193.32678382000086 0.064 0.332879914605 0.695014737127 1 1 1 0.37 1
68 4 4.5 0 0 6.867 0.5 1.85299491882 0.0786640440041 1 Cristian  195.65760374599995 0.064 0.341662232923 1.27433087482 1 1 1 0.37 0
69 3 6 0 1 12.753 0.5 1.57995295525 0.157896267423 1 Cristian  198.64061311300065 0.064 0.458371820431 0.922056687823 1 1 1 0.37 1
70 4 6 0 0 6.867 0.5 2.35315299034 0.169396002766 1 Cristian  201.30411015000027 0.064 0.440049264732 1.68375698758 1 1 1 0.37 0
71 3 4.5 0 1 8.3385 0.5 1.74292111397 0.188358884913 1 Cristian  204.77578564600117 0.064 0.524227142816 1.05456222905 1 1 1 0.37 1
72 4 4.5 0 1 11.2815 0.5 1.3650970459 0.0809703589367 1 Cristian  207.60828757300078 0.064 0.386678162731 0.784126686962 1 1 1 0.37 1
73 3 4.5 0 1 6.867 0.5 1.84714102745 0.0728101526314 1 Cristian  210.07044103800035 0.064 0.628485822837 1.27433087482 1 1 1 0.37 1
74 4 6 0 1 8.3385 0.5 1.95831799507 0.0628025970753 1 Cristian  213.0242160480011 0.064 0.694735623227 1.395515398 1 1 1 0.37 1
75 4 6 0 0 11.2815 0.5 1.72022104263 0.180599153015 1 Cristian  216.10105241400015 0.064 0.277204844943 1.03962188962 1 1 1 0.37 0
76 4 4.5 0 1 8.3385 0.5 1.6969640255 0.142401796443 1 Cristian  218.92517650800073 0.064 0.481290944927 1.05456222905 1 1 1 0.37 1
77 3 6 0 0 8.3385 0.5 1.90966081619 0.0141454181966 1 Cristian  221.7223423760006 0.064 0.377432501196 1.395515398 1 1 1 0.37 0
78 3 4.5 0 0 9.81 0.5 1.4569439888 0.0574900262583 1 Cristian  224.74867033900045 0.064 0.252232741265 0.899453962542 1 1 1 0.37 0
79 3 6 0 0 6.867 0.5 2.1774699688 -0.00628701877976 1 Cristian  227.29721251699993 0.064 0.48996754994 1.68375698758 1 1 1 0.37 0
80 4 4.5 0 1 9.81 0.5 1.48113107681 0.0816771142709 1 Cristian  230.56881874200008 0.064 0.433785252633 0.899453962542 1 1 1 0.37 1
81 3 4.5 0 1 8.3385 0.5 1.73487496376 0.180312734706 1 Cristian  233.15055454899993 0.064 0.51661218103 1.05456222905 1 1 1 0.37 1
82 3 4.5 0 0 8.3385 0.5 1.63470292091 0.0801406918589 1 Cristian  236.0125056880006 0.064 0.314589877556 1.05456222905 1 1 1 0.37 0
83 4 4.5 0 1 11.2815 0.5 1.35509490967 0.0709682227063 1 Cristian  238.7466141069999 0.064 0.369332874417 0.784126686962 1 1 1 0.37 1
84 3 4.5 0 1 9.81 0.5 1.482391119 0.0829371564615 1 Cristian  241.195001125001 0.064 0.41587186655 0.899453962542 1 1 1 0.37 1
85 3 4.5 0 1 11.2815 0.5 1.48085808754 0.196731400578 1 Cristian  243.77569446800044 0.064 0.376958826683 0.784126686962 1 1 1 0.37 1
86 4 6 0 1 6.867 0.5 2.29451203346 0.110755045887 1 Cristian  246.36916965800083 0.064 0.841197494152 1.68375698758 1 1 1 0.37 1
87 4 6 0 0 8.3385 0.5 2.09220290184 0.196687503844 1 Cristian  249.75653682600023 0.064 0.403713572705 1.395515398 1 1 1 0.37 0
88 4 6 0 0 12.753 0.5 1.55389785767 0.131841169843 1 Cristian  252.95779637300075 0.064 0.250855599906 0.922056687823 1 1 1 0.37 0
89 4 6 0 1 12.753 0.5 1.55295705795 0.13090037013 1 Cristian  255.60587296300037 0.064 0.43005296094 0.922056687823 1 1 1 0.37 1
90 3 6 0 0 8.3385 0.5 2.03143405914 0.135918661147 1 Cristian  258.2613252610008 0.064 0.368878251649 1.395515398 1 1 1 0.37 0
91 3 4.5 0 0 9.81 0.5 1.44736003876 0.0479060762155 1 Cristian  261.3983234460011 0.064 0.269444396008 0.899453962542 1 1 1 0.37 0
92 3 6 0 1 6.867 0.5 2.27049779892 0.0867408113441 1 Cristian  263.9505095929999 0.064 0.805002910792 1.68375698758 1 1 1 0.37 1
93 4 4.5 0 1 12.753 0.5 1.27899312973 0.0839783926028 1 Cristian  267.3486147340009 0.064 0.337691169159 0.695014737127 1 1 1 0.37 1
94 4 4.5 0 0 12.753 0.5 1.26967000961 0.0746552724856 1 Cristian  269.7491612060003 0.064 0.197616122162 0.695014737127 1 1 1 0.37 0
95 3 6 0 1 8.3385 0.5 1.7823009491 -0.113214448899 1 Cristian  272.1172504490005 0.064 0.694645093854 1.395515398 1 1 1 0.37 1
96 3 4.5 0 1 6.867 0.5 1.77410793304 -0.000222941774733 1 Cristian  274.99128464000023 0.064 0.57754396945 1.27433087482 1 1 1 0.37 1
97 3 4.5 0 1 12.753 0.5 1.26868700981 0.073672272684 1 Cristian  277.86776061599994 0.064 0.315578831701 0.695014737127 1 1 1 0.37 1
98 4 4.5 0 0 9.81 0.5 1.50728201866 0.10782805612 1 Cristian  280.2257158090015 0.064 0.250269813308 0.899453962542 1 1 1 0.37 0
99 3 6 0 0 12.753 0.5 1.52539300919 0.103336321363 1 Cristian  282.84014047600067 0.064 0.26637449323 0.922056687823 1 1 1 0.37 0
100 4 6 0 1 8.3385 0.5 2.05062413216 0.15510873416 1 Cristian  285.47044924400143 0.064 0.637363999962 1.395515398 1 1 1 0.37 1
101 3 4.5 0 0 11.2815 0.5 1.3537569046 0.0696302176403 1 Cristian  288.657986137001 0.064 0.225788929221 0.784126686962 1 1 1 0.37 0
102 4 4.5 0 1 6.867 0.5 1.87880802155 0.104477146726 1 Cristian  291.1008317220003 0.064 0.635151673495 1.27433087482 1 1 1 0.37 1
103 4 4.5 0 0 11.2815 0.5 1.40157198906 0.117445302098 1 Cristian  294.084761266 0.064 0.196618987727 0.784126686962 1 1 1 0.37 0
104 3 6 0 0 6.867 0.5 2.27370691299 0.0899499254188 1 Cristian  296.6124092450009 0.064 0.496225913331 1.68375698758 1 1 1 0.37 0
105 4 6 0 1 9.81 0.5 1.75949811935 0.0679421806123 1 Cristian  299.99269896999976 0.064 0.568875247358 1.19155593874 1 1 1 0.37 1
106 4 6 0 0 6.867 0.5 2.30819606781 0.124439080235 1 Cristian  302.8623990600008 0.064 0.469092376545 1.68375698758 1 1 1 0.37 0
107 3 4.5 0 0 12.753 0.5 1.32965683937 0.134642102243 1 Cristian  306.2627039710005 0.064 0.202858914528 0.695014737127 1 1 1 0.37 0
108 4 6 0 0 9.81 0.5 1.7782728672 0.0867169284608 1 Cristian  308.7226520000004 0.064 0.320894101701 1.19155593874 1 1 1 0.37 0
109 3 6 0 1 9.81 0.5 1.92720103264 0.235645093897 1 Cristian  311.59459564200006 0.064 0.572045041786 1.19155593874 1 1 1 0.37 1
110 3 6 0 1 12.753 0.5 1.4662270546 0.0441703667731 1 Cristian  314.63407840500076 0.064 0.421601355606 0.922056687823 1 1 1 0.37 1
111 3 4.5 0 0 6.867 0.5 1.98635697365 0.212026098829 1 Cristian  317.21260495700153 0.064 0.355194678717 1.27433087482 1 1 1 0.37 0
112 3 6 0 0 11.2815 0.5 1.73992609978 0.200304210159 1 Cristian  320.291158901 0.064 0.272519636146 1.03962188962 1 1 1 0.37 0
113 4 4.5 0 1 8.3385 0.5 1.63108682632 0.0765245972697 1 Cristian  323.1446883130011 0.064 0.482539368597 1.05456222905 1 1 1 0.37 1
114 4 6 0 1 11.2815 0.5 1.61641597748 0.0767940878598 1 Cristian  325.87234539900055 0.064 0.512142432557 1.03962188962 1 1 1 0.37 1
115 4 4.5 0 0 6.867 0.5 1.93154406548 0.157213190656 1 Cristian  328.5922327770004 0.064 0.325803366782 1.27433087482 1 1 1 0.37 0
116 4 4.5 0 0 8.3385 0.5 1.72757387161 0.173011642558 1 Cristian  331.640540153001 0.064 0.309736031996 1.05456222905 1 1 1 0.37 0
117 3 6 0 0 9.81 0.5 1.81910085678 0.127544918039 1 Cristian  334.4818897559999 0.064 0.327627495943 1.19155593874 1 1 1 0.37 0
118 3 6 0 1 11.2815 0.5 1.80948019028 0.269858300659 1 Cristian  337.4189388450013 0.064 0.501021648396 1.03962188962 1 1 1 0.37 1
119 4 6 0 0 11.2815 0.5 1.77466797829 0.235046088669 1 Cristian  340.34002977100135 0.064 0.268395195594 1.03962188962 1 1 1 0.37 0
120 4 6 0 0 6.867 0.5 2.23068094254 0.0469239549599 1 Cristian  343.2167471410012 0.064 0.461004161791 1.68375698758 1 1 1 0.37 0
121 3 4.5 0 0 11.2815 0.5 1.3965280056 0.112401318638 1 Cristian  346.57501032000073 0.064 0.23352819518 0.784126686962 1 1 1 0.37 0
122 4 4.5 0 0 6.867 0.5 1.81245493889 0.0381240640694 1 Cristian  349.07601009300015 0.064 0.365539233733 1.27433087482 1 1 1 0.37 0
123 4 6 0 0 12.753 0.5 1.56617903709 0.144122349271 1 Cristian  352.0240221290005 0.064 0.269879617591 0.922056687823 1 1 1 0.37 0
124 4 4.5 0 0 9.81 0.5 1.44002509117 0.0405711286295 1 Cristian  354.6872055160002 0.064 0.26862901679 0.899453962542 1 1 1 0.37 0
125 3 4.5 0 0 8.3385 0.5 1.68145513535 0.126892906291 1 Cristian  357.2294529840001 0.064 0.268397709836 1.05456222905 1 1 1 0.37 0
126 3 6 0 0 6.867 0.5 2.29314899445 0.10939200687 1 Cristian  360.0174713490014 0.064 0.481539836765 1.68375698758 1 1 1 0.37 0
127 4 6 0 0 9.81 0.5 1.84401106834 0.152455129602 1 Cristian  363.41582727700006 0.064 0.326732438067 1.19155593874 1 1 1 0.37 0
128 3 4.5 0 1 11.2815 0.5 1.36845684052 0.0843301535534 1 Cristian  366.3584086610008 0.064 0.384066439308 0.784126686962 1 1 1 0.37 1
129 4 4.5 0 1 12.753 0.5 1.33306694031 0.13805220318 1 Cristian  368.82423918600034 0.064 0.340958101871 0.695014737127 1 1 1 0.37 1
130 4 4.5 0 1 9.81 0.5 1.44812202454 0.0486680619943 1 Cristian  371.25889731999996 0.064 0.423741030633 0.899453962542 1 1 1 0.37 1
131 4 4.5 0 1 11.2815 0.5 1.40528798103 0.121161294072 1 Cristian  373.8145360790004 0.064 0.36546109001 0.784126686962 1 1 1 0.37 1
132 3 6 0 1 8.3385 0.5 2.01633000374 0.120814605742 1 Cristian  376.34451486200123 0.064 0.640478170932 1.395515398 1 1 1 0.37 1
133 4 4.5 0 0 8.3385 0.5 1.70151996613 0.146957737071 1 Cristian  379.4634483500013 0.064 0.26420365435 1.05456222905 1 1 1 0.37 0
134 3 4.5 0 0 9.81 0.5 1.50150203705 0.102048074507 1 Cristian  382.27174940900113 0.064 0.264386187402 0.899453962542 1 1 1 0.37 0
135 4 6 0 1 9.81 0.5 1.59521698952 -0.0963389492248 1 Cristian  384.88743967200026 0.064 0.58572354573 1.19155593874 1 1 1 0.37 1
136 3 4.5 0 1 8.3385 0.5 1.63011288643 0.0755506573741 1 Cristian  387.5838382150014 0.064 0.477008280279 1.05456222905 1 1 1 0.37 1
137 3 6 0 1 11.2815 0.5 1.71327590942 0.173654019806 1 Cristian  390.31670957700044 0.064 0.515876887767 1.03962188962 1 1 1 0.37 1
138 4 6 0 1 6.867 0.5 2.20299506187 0.0192380742989 1 Cristian  393.15689759999987 0.064 0.837691618162 1.68375698758 1 1 1 0.37 1
139 4 6 0 0 8.3385 0.5 1.95741510391 0.0618997059163 1 Cristian  396.4795400330004 0.064 0.389841920577 1.395515398 1 1 1 0.37 0
140 3 4.5 0 1 9.81 0.5 1.44728899002 0.047835027479 1 Cristian  399.54890421600066 0.064 0.405615650792 0.899453962542 1 1 1 0.37 1
141 3 6 0 1 12.753 0.5 1.61772203445 0.195665346632 1 Cristian  402.0850795100014 0.064 0.45754840799 0.922056687823 1 1 1 0.37 1
142 3 6 0 1 6.867 0.5 2.2529630661 0.0692060785255 1 Cristian  404.8160863740013 0.064 0.80050103913 1.68375698758 1 1 1 0.37 1
143 4 4.5 0 0 12.753 0.5 1.3406329155 0.145618178369 1 Cristian  408.17495858800066 0.064 0.205739997645 0.695014737127 1 1 1 0.37 0
144 4 4.5 0 1 8.3385 0.5 1.49535799026 -0.0592042387899 1 Cristian  410.6319273230001 0.064 0.491481787389 1.05456222905 1 1 1 0.37 1
145 3 6 0 0 8.3385 0.5 2.03534913063 0.139833732634 1 Cristian  413.22447391700007 0.064 0.401652771776 1.395515398 1 1 1 0.37 0
146 3 6 0 0 9.81 0.5 1.92934298515 0.237787046411 1 Cristian  416.35616880199996 0.064 0.357252814554 1.19155593874 1 1 1 0.37 0
147 3 4.5 0 0 12.753 0.5 1.33767604828 0.142661311151 1 Cristian  419.39925963600035 0.064 0.176499516564 0.695014737127 1 1 1 0.37 0
148 4 6 0 1 12.753 0.5 1.61856412888 0.196507441053 1 Cristian  421.8530135279998 0.064 0.418201786497 0.922056687823 1 1 1 0.37 1
149 4 6 0 1 8.3385 0.5 1.98658084869 0.0910654506978 1 Cristian  424.5724477200001 0.064 0.674764206814 1.395515398 1 1 1 0.37 1
150 3 6 0 1 9.81 0.5 1.7179980278 0.0264420890595 1 Cristian  427.6819789780002 0.064 0.578930880283 1.19155593874 1 1 1 0.37 1
151 3 4.5 0 1 12.753 0.5 1.26301002502 0.067995287897 1 Cristian  430.4985910080013 0.064 0.326867435847 0.695014737127 1 1 1 0.37 1
152 3 4.5 0 0 6.867 0.5 1.94428396225 0.169953087431 1 Cristian  432.8565954000005 0.064 0.381670526331 1.27433087482 1 1 1 0.37 0
153 3 4.5 0 1 6.867 0.5 1.76374983788 -0.0105810369438 1 Cristian  435.928202993 0.064 0.596639003611 1.27433087482 1 1 1 0.37 1
154 4 6 0 0 11.2815 0.5 1.69724798203 0.157626092407 1 Cristian  438.790020239001 0.064 0.296299147488 1.03962188962 1 1 1 0.37 0
155 3 6 0 0 11.2815 0.5 1.67228794098 0.132666051361 1 Cristian  441.6169262990006 0.064 0.28675126826 1.03962188962 1 1 1 0.37 0
156 4 4.5 0 1 6.867 0.5 1.78065490723 0.0063240324074 1 Cristian  444.39636457800043 0.064 0.637143258935 1.27433087482 1 1 1 0.37 1
157 3 6 0 0 12.753 0.5 1.5372030735 0.115146385679 1 Cristian  447.290569959001 0.064 0.270122642055 0.922056687823 1 1 1 0.37 0
158 4 6 0 1 11.2815 0.5 1.68690609932 0.147284209701 1 Cristian  449.9287574589998 0.064 0.487505398146 1.03962188962 1 1 1 0.37 1
159 4 4.5 0 0 11.2815 0.5 1.43899798393 0.154871296971 1 Cristian  452.71993300600116 0.064 0.203531008491 0.784126686962 1 1 1 0.37 0
160 3 4.5 0 1 6.867 0.5 1.91970896721 0.14537809239 1 Cristian  455.2700921180003 0.064 0.589098832404 1.27433087482 1 1 1 0.37 1
161 3 6 0 1 11.2815 0.5 1.65503907204 0.115417182419 1 Cristian  458.29860710200046 0.064 0.472091654316 1.03962188962 1 1 1 0.37 1
162 4 6 0 1 11.2815 0.5 1.69059300423 0.150971114608 1 Cristian  461.0636079579999 0.064 0.516138501516 1.03962188962 1 1 1 0.37 1
163 4 6 0 0 6.867 0.5 2.24406003952 0.0603030519447 1 Cristian  463.848160132 0.064 0.443575932903 1.68375698758 1 1 1 0.37 0
164 4 4.5 0 0 11.2815 0.5 1.43874502182 0.154618334858 1 Cristian  467.199600979 0.064 0.2007649359 0.784126686962 1 1 1 0.37 0
165 4 4.5 0 1 6.867 0.5 1.89013195038 0.115801075559 1 Cristian  469.7408425250014 0.064 0.601320342631 1.27433087482 1 1 1 0.37 1
166 4 6 0 1 9.81 0.5 1.94754004478 0.255984106043 1 Cristian  472.74211003100027 0.064 0.595751049246 1.19155593874 1 1 1 0.37 1
167 3 6 0 0 9.81 0.5 1.94989895821 0.258343019464 1 Cristian  475.7980704220008 0.064 0.307254016555 1.19155593874 1 1 1 0.37 0
168 3 4.5 0 1 9.81 0.5 1.51849603653 0.119042073988 1 Cristian  478.8452517140013 0.064 0.408862309572 0.899453962542 1 1 1 0.37 1
169 3 6 0 0 11.2815 0.5 1.65370297432 0.114081084701 1 Cristian  481.4665833320014 0.064 0.28790418182 1.03962188962 1 1 1 0.37 0
170 3 4.5 0 0 6.867 0.5 1.65898108482 -0.115349789996 1 Cristian  484.2365045630013 0.064 0.371936445896 1.27433087482 1 1 1 0.37 0
171 4 4.5 0 0 12.753 0.5 1.38164901733 0.186634280207 1 Cristian  487.0177583580007 0.064 0.208042245546 0.695014737127 1 1 1 0.37 0
172 4 6 0 1 6.867 0.5 2.55072593689 0.366968949314 1 Cristian  489.49408733400014 0.064 0.816789121674 1.68375698758 1 1 1 0.37 1
173 4 4.5 0 1 11.2815 0.5 1.52573800087 0.241611313908 1 Cristian  493.1654845009998 0.064 0.35705419603 0.784126686962 1 1 1 0.37 1
174 3 6 0 0 8.3385 0.5 2.20334100723 0.307825609237 1 Cristian  495.8115129460002 0.064 0.380672981821 1.395515398 1 1 1 0.37 0
175 4 4.5 0 0 9.81 0.5 1.63186693192 0.232412969373 1 Cristian  499.12347192200104 0.064 0.240249331043 0.899453962542 1 1 1 0.37 0
176 3 4.5 0 1 8.3385 0.5 1.80321788788 0.248655658824 1 Cristian  501.87419883300026 0.064 0.507828412426 1.05456222905 1 1 1 0.37 1
177 4 4.5 0 0 8.3385 0.5 1.74826717377 0.193704944712 1 Cristian  504.80858846000046 0.064 0.274541756995 1.05456222905 1 1 1 0.37 0
178 4 6 0 0 8.3385 0.5 2.21757388115 0.322058483153 1 Cristian  507.671663956 0.064 0.358763283413 1.395515398 1 1 1 0.37 0
179 4 6 0 1 12.753 0.5 1.70927095413 0.287214266309 1 Cristian  510.97493719200065 0.064 0.440877736601 0.922056687823 1 1 1 0.37 1
180 4 4.5 0 1 12.753 0.5 1.41954112053 0.224526383402 1 Cristian  513.8020087880013 0.064 0.341846618665 0.695014737127 1 1 1 0.37 1
181 4 4.5 0 0 6.867 0.5 2.00400114059 0.229670265775 1 Cristian  516.3144076040007 0.064 0.340591800478 1.27433087482 1 1 1 0.37 0
182 3 6 0 1 9.81 0.5 2.19974303246 0.508187093713 1 Cristian  519.445029982 0.064 0.577794453227 1.19155593874 1 1 1 0.37 1
183 3 6 0 1 12.753 0.5 1.73529100418 0.313234316358 1 Cristian  522.7465355620006 0.064 0.415770777394 0.922056687823 1 1 1 0.37 1
184 3 4.5 0 1 11.2815 0.5 1.50226998329 0.21814329633 1 Cristian  525.5865879020002 0.064 0.358892827783 0.784126686962 1 1 1 0.37 1
185 4 4.5 0 1 8.3385 0.5 119.06605196 117.511489731 1 Cristian  640.7260495690007 0.064 0.488376526343 1.05456222905 1 1 1 0.37 1
186 3 6 0 0 6.867 0.5 119.06605196 117.511489731 1 Cristian  647.7956428510006 0.064 0.424698696234 1.68375698758 1 1 1 0.37 0
187 3 4.5 0 0 8.3385 0.5 1.73149609566 0.176933866603 1 Cristian  648.3493842309999 0.064 0.281625812398 1.05456222905 1 1 1 0.37 0
188 3 4.5 0 0 12.753 0.5 1.37303900719 0.178024270059 1 Cristian  651.2153105050002 0.064 0.197069730801 0.695014737127 1 1 1 0.37 0
189 3 4.5 0 1 12.753 0.5 1.3736448288 0.178630091669 1 Cristian  653.721727651 0.064 0.321528322535 0.695014737127 1 1 1 0.37 1
190 4 6 0 0 9.81 0.5 1.83143496513 0.139879026392 1 Cristian  656.2040662630006 0.064 0.305239214056 1.19155593874 1 1 1 0.37 0
191 3 4.5 0 0 11.2815 0.5 1.42927193642 0.145145249455 1 Cristian  659.1726924250015 0.064 0.200783332074 0.784126686962 1 1 1 0.37 0
192 3 6 0 1 6.867 0.5 2.27515983582 0.0914028482399 1 Cristian  661.6949909930008 0.064 0.761759307537 1.68375698758 1 1 1 0.37 1
193 3 6 0 0 12.753 0.5 1.55044603348 0.128389345655 1 Cristian  665.0854306649999 0.064 0.236504502989 0.922056687823 1 1 1 0.37 0
194 4 4.5 0 1 9.81 0.5 1.53524494171 0.13579097917 1 Cristian  667.7337443380002 0.064 0.442923025344 0.899453962542 1 1 1 0.37 1
195 3 6 0 1 8.3385 0.5 2.0107049942 0.115189596206 1 Cristian  670.3691821440007 0.064 0.691366733288 1.395515398 1 1 1 0.37 1
196 3 4.5 0 0 9.81 0.5 1.7043299675 0.304876004957 1 Cristian  673.4943984780002 0.064 0.259517935805 0.899453962542 1 1 1 0.37 0
197 4 6 0 1 8.3385 0.5 1.98169898987 0.0861835918721 1 Cristian  676.3230826110012 0.064 0.642449288589 1.395515398 1 1 1 0.37 1
198 4 6 0 0 12.753 0.5 1.52794003487 0.105883347044 1 Cristian  679.4028262390002 0.064 0.259638433598 0.922056687823 1 1 1 0.37 0
199 4 6 0 0 11.2815 0.5 1.65530204773 0.115680158111 1 Cristian  682.0352549070012 0.064 0.291510136903 1.03962188962 1 1 1 0.37 0
200 3 4.5 0 1 9.81 0.5 1.55750203133 0.158048068784 1 Cristian  684.8110204910008 0.064 0.43569971076 0.899453962542 1 1 1 0.37 1
201 3 6 0 1 11.2815 0.5 1.72172689438 0.18210500476 1 Cristian  687.4878974080002 0.064 0.479215326817 1.03962188962 1 1 1 0.37 1
202 4 4.5 0 1 11.2815 0.5 1.31881403923 0.0346873522686 1 Cristian  690.3071945110005 0.064 0.39151968992 0.784126686962 1 1 1 0.37 1
203 4 6 0 0 6.867 0.5 2.27808094025 0.094323952671 1 Cristian  692.7411126710012 0.064 0.496640872306 1.68375698758 1 1 1 0.37 0
204 4 4.5 0 0 12.753 0.5 1.30311608315 0.108101346018 1 Cristian  696.1257245180004 0.064 0.189092110693 0.695014737127 1 1 1 0.37 0
205 4 4.5 0 1 9.81 0.5 1.52030706406 0.120853101515 1 Cristian  698.5443193240008 0.064 0.414618609404 0.899453962542 1 1 1 0.37 1
206 3 4.5 0 1 12.753 0.5 1.37159800529 0.176583268167 1 Cristian  701.1796348500011 0.064 0.315012307724 0.695014737127 1 1 1 0.37 1
207 4 6 0 1 8.3385 0.5 1.90987491608 0.0143595180806 1 Cristian  703.6678364520012 0.064 0.682880336964 1.395515398 1 1 1 0.37 1
208 3 6 0 0 11.2815 0.5 1.59590506554 0.0562831759183 1 Cristian  706.6953197720013 0.064 0.294582561305 1.03962188962 1 1 1 0.37 0
209 4 4.5 0 1 6.867 0.5 1.79997110367 0.025640228849 1 Cristian  709.3971854629999 0.064 0.610911072886 1.27433087482 1 1 1 0.37 1
210 4 6 0 0 8.3385 0.5 2.04773902893 0.152223630935 1 Cristian  712.3351844600002 0.064 0.409829544803 1.395515398 1 1 1 0.37 0
211 4 6 0 1 11.2815 0.5 1.68260002136 0.142978131744 1 Cristian  715.4808609050015 0.064 0.488683307754 1.03962188962 1 1 1 0.37 1
212 4 6 0 1 9.81 0.5 1.80293297768 0.111377038934 1 Cristian  718.2775249940005 0.064 0.580783738022 1.19155593874 1 1 1 0.37 1
213 4 4.5 0 0 11.2815 0.5 1.45038795471 0.16626126775 1 Cristian  721.1772991890011 0.064 0.227536109537 0.784126686962 1 1 1 0.37 0
214 3 6 0 0 9.81 0.5 1.80358195305 0.112026014307 1 Cristian  723.7343060960011 0.064 0.310687957229 1.19155593874 1 1 1 0.37 0
215 4 4.5 0 0 9.81 0.5 1.50540804863 0.105954086088 1 Cristian  726.643749627001 0.064 0.257934349621 0.899453962542 1 1 1 0.37 0
216 3 4.5 0 1 8.3385 0.5 1.6998398304 0.145277601344 1 Cristian  729.2596071480002 0.064 0.498575139049 1.05456222905 1 1 1 0.37 1
217 3 4.5 0 0 9.81 0.5 1.50315093994 0.1036969774 1 Cristian  732.0562469410015 0.064 0.268799262579 0.899453962542 1 1 1 0.37 0
218 3 4.5 0 0 8.3385 0.5 1.77881002426 0.224247795207 1 Cristian  734.6863693430005 0.064 0.313759707304 1.05456222905 1 1 1 0.37 0
219 3 6 0 0 8.3385 0.5 1.96071219444 0.0651967964467 1 Cristian  737.5837633760002 0.064 0.354083923791 1.395515398 1 1 1 0.37 0
220 4 4.5 0 1 12.753 0.5 1.30355501175 0.108540274622 1 Cristian  740.6516301190004 0.064 0.330323503077 0.695014737127 1 1 1 0.37 1
221 4 4.5 0 0 6.867 0.5 1.78523302078 0.0109021459633 1 Cristian  743.0848124760014 0.064 0.367859136424 1.27433087482 1 1 1 0.37 0
222 3 6 0 1 6.867 0.5 2.25920200348 0.0754450159035 1 Cristian  745.9712693830006 0.064 0.782974375078 1.68375698758 1 1 1 0.37 1
223 3 6 0 0 6.867 0.5 2.29803204536 0.114275057789 1 Cristian  749.3346217850012 0.064 0.492178281413 1.68375698758 1 1 1 0.37 0
224 4 6 0 1 6.867 0.5 2.25465488434 0.0708978967628 1 Cristian  752.729757946001 0.064 0.794852120289 1.68375698758 1 1 1 0.37 1
225 3 6 0 1 12.753 0.5 1.60491085052 0.182854162702 1 Cristian  756.1072055590012 0.064 0.454908101969 0.922056687823 1 1 1 0.37 1
226 4 6 0 0 9.81 0.5 1.83677506447 0.145219125726 1 Cristian  758.8029015250013 0.064 0.299817533125 1.19155593874 1 1 1 0.37 0
227 4 6 0 0 12.753 0.5 1.53636312485 0.114306437025 1 Cristian  761.7455278090001 0.064 0.232443851336 0.922056687823 1 1 1 0.37 0
228 3 4.5 0 0 12.753 0.5 1.31304621696 0.118031479837 1 Cristian  764.3941126640002 0.064 0.179699558299 0.695014737127 1 1 1 0.37 0
229 3 4.5 0 0 6.867 0.5 1.88119482994 0.106863955122 1 Cristian  766.8138365169998 0.064 0.327937461687 1.27433087482 1 1 1 0.37 0
230 3 6 0 1 8.3385 0.5 1.97288513184 0.0773697338399 1 Cristian  769.8015533310008 0.064 0.637344370309 1.395515398 1 1 1 0.37 1
231 4 4.5 0 0 8.3385 0.5 1.68125677109 0.126694542033 1 Cristian  772.8857988710006 0.064 0.302414758261 1.05456222905 1 1 1 0.37 0
232 4 6 0 0 11.2815 0.5 1.59820485115 0.0585829615323 1 Cristian  775.66506347 0.064 0.290908797483 1.03962188962 1 1 1 0.37 0
233 4 4.5 0 1 8.3385 0.5 1.61476898193 0.0602067528788 1 Cristian  778.382315928 0.064 0.485523812206 1.05456222905 1 1 1 0.37 1
234 4 6 0 1 12.753 0.5 1.76579618454 0.343739496717 1 Cristian  781.0817688780007 0.064 0.456809103675 0.922056687823 1 1 1 0.37 1
235 3 4.5 0 1 6.867 0.5 1.96102905273 0.186698177915 1 Cristian  783.9502855710016 0.064 0.59280039988 1.27433087482 1 1 1 0.37 1
236 3 4.5 0 1 11.2815 0.5 1.36642408371 0.082297396748 1 Cristian  787.0152084300007 0.064 0.373458912069 0.784126686962 1 1 1 0.37 1
237 3 6 0 1 9.81 0.5 1.76809000969 0.0765340709474 1 Cristian  789.4792283390016 0.064 0.544484006647 1.19155593874 1 1 1 0.37 1
238 3 6 0 0 12.753 0.5 1.53258681297 0.11053012515 1 Cristian  792.3794833420015 0.064 0.245290803147 0.922056687823 1 1 1 0.37 0
239 3 4.5 0 0 11.2815 0.5 1.40655398369 0.122427296727 1 Cristian  795.0062485160015 0.064 0.213131515982 0.784126686962 1 1 1 0.37 0
240 4 6 0 1 6.867 0.5 2.26066207886 0.0769050912819 1 Cristian  797.5174632570015 0.064 0.75915813989 1.68375698758 1 1 1 0.37 1
241 4 4.5 0 0 6.867 0.5 1.79389190674 0.0195610319191 1 Cristian  800.9601930130011 0.064 0.364001956593 1.27433087482 1 1 1 0.37 0
242 4 4.5 0 0 12.753 0.5 1.24104595184 0.0460312147159 1 Cristian  803.7780246729999 0.064 0.189348075403 0.695014737127 1 1 1 0.37 0
243 3 4.5 0 1 11.2815 0.5 1.34866905212 0.0645423651623 1 Cristian  806.139151374 0.064 0.38926496404 0.784126686962 1 1 1 0.37 1
244 4 6 0 1 9.81 0.5 1.83413314819 0.142577209451 1 Cristian  808.5842152240002 0.064 0.59240838233 1.19155593874 1 1 1 0.37 1
245 3 6 0 0 11.2815 0.5 1.7136220932 0.174000203582 1 Cristian  811.5177343760006 0.064 0.271632589111 1.03962188962 1 1 1 0.37 0
246 3 4.5 0 1 8.3385 0.5 1.81498789787 0.260425668818 1 Cristian  814.3432579939999 0.064 0.487080019687 1.05456222905 1 1 1 0.37 1
247 3 6 0 0 6.867 0.5 2.2469420433 0.0631850557289 1 Cristian  817.2488188550014 0.064 0.447710867725 1.68375698758 1 1 1 0.37 0
248 4 4.5 0 0 9.81 0.5 1.54211401939 0.142660056852 1 Cristian  820.6257056150007 0.064 0.255250544748 0.899453962542 1 1 1 0.37 0
249 3 4.5 0 0 12.753 0.5 1.30092096329 0.10590622616 1 Cristian  823.2728176670007 0.064 0.179699905443 0.695014737127 1 1 1 0.37 0
250 4 4.5 0 0 8.3385 0.5 1.69195890427 0.137396675212 1 Cristian  825.6779429830003 0.064 0.299893927202 1.05456222905 1 1 1 0.37 0
251 4 6 0 1 11.2815 0.5 1.74611997604 0.206498086425 1 Cristian  828.4937945010006 0.064 0.473927996757 1.03962188962 1 1 1 0.37 1
252 4 6 0 0 9.81 0.5 1.78923392296 0.0976779842164 1 Cristian  831.3632913199999 0.064 0.320864779957 1.19155593874 1 1 1 0.37 0
253 3 4.5 0 0 9.81 0.5 1.48958897591 0.0901350133646 1 Cristian  834.2756580230016 0.064 0.256815939777 0.899453962542 1 1 1 0.37 0
254 3 4.5 0 1 9.81 0.5 1.39552116394 -0.00393279860137 1 Cristian  836.847633935 0.064 0.420728821572 0.899453962542 1 1 1 0.37 1
255 4 4.5 0 1 9.81 0.5 1.52592301369 0.126469051145 1 Cristian  839.3485518300004 0.064 0.41720262381 0.899453962542 1 1 1 0.37 1
256 4 4.5 0 1 11.2815 0.5 1.40663719177 0.122510504811 1 Cristian  841.975224445001 0.064 0.368667951974 0.784126686962 1 1 1 0.37 1
257 3 4.5 0 1 12.753 0.5 1.36009597778 0.165081240656 1 Cristian  844.4851615030002 0.064 0.33508244134 0.695014737127 1 1 1 0.37 1
258 4 4.5 0 1 8.3385 0.5 1.62990999222 0.0753477631633 1 Cristian  846.9580915630013 0.064 0.478978054991 1.05456222905 1 1 1 0.37 1
259 3 4.5 0 0 8.3385 0.5 1.63055491447 0.0759926854197 1 Cristian  849.6769306330007 0.064 0.286978464914 1.05456222905 1 1 1 0.37 0
260 4 6 0 1 8.3385 0.5 1.96735191345 0.0718365154561 1 Cristian  852.4334545930014 0.064 0.66598544068 1.395515398 1 1 1 0.37 1
261 3 4.5 0 0 6.867 0.5 1.91228914261 0.137958267789 1 Cristian  855.50446276 0.064 0.35095078549 1.27433087482 1 1 1 0.37 0
262 4 6 0 1 12.753 0.5 1.5516140461 0.129557358274 1 Cristian  858.5150556400004 0.064 0.459553713867 0.922056687823 1 1 1 0.37 1
263 3 6 0 1 9.81 0.5 1.67521905899 -0.0163368797515 1 Cristian  861.1720172630012 0.064 0.549011828904 1.19155593874 1 1 1 0.37 1
264 4 6 0 0 8.3385 0.5 1.967045784 0.0715303860005 1 Cristian  863.9562850570001 0.064 0.367682311691 1.395515398 1 1 1 0.37 0
265 3 4.5 0 0 11.2815 0.5 1.43883299828 0.154706311314 1 Cristian  867.0347825960016 0.064 0.208891611369 0.784126686962 1 1 1 0.37 0
266 4 6 0 0 6.867 0.5 2.32199811935 0.138241131779 1 Cristian  869.5928293920006 0.064 0.441585255116 1.68375698758 1 1 1 0.37 0
267 4 6 0 0 11.2815 0.5 1.61065602303 0.0710341334073 1 Cristian  873.0272250960006 0.064 0.283204826046 1.03962188962 1 1 1 0.37 0
268 3 6 0 0 12.753 0.5 1.62352991104 0.201473223218 1 Cristian  875.7612749079999 0.064 0.233936279493 0.922056687823 1 1 1 0.37 0
269 4 4.5 0 1 12.753 0.5 1.34844112396 0.153426386835 1 Cristian  878.4957960110005 0.064 0.337546476148 0.695014737127 1 1 1 0.37 1
270 3 6 0 1 11.2815 0.5 1.67898797989 0.139366090271 1 Cristian  880.9370326349999 0.064 0.497141569074 1.03962188962 1 1 1 0.37 1
271 3 4.5 0 1 6.867 0.5 1.83484101295 0.0605101381355 1 Cristian  883.7246492370014 0.064 0.581288091406 1.27433087482 1 1 1 0.37 1
272 3 6 0 1 8.3385 0.5 1.96424007416 0.0687246761616 1 Cristian  886.6725829440002 0.064 0.638236079059 1.395515398 1 1 1 0.37 1
273 4 4.5 0 1 6.867 0.5 1.74394011497 -0.0303907598442 1 Cristian  889.7425928470002 0.064 0.633059274564 1.27433087482 1 1 1 0.37 1
274 4 6 0 0 12.753 0.5 1.53137397766 0.109317289838 1 Cristian  892.6040457640011 0.064 0.260616264181 0.922056687823 1 1 1 0.37 0
275 3 6 0 0 9.81 0.5 1.71743702888 0.0258810901429 1 Cristian  895.243378049001 0.064 0.35099043851 1.19155593874 1 1 1 0.37 0
276 3 6 0 1 12.753 0.5 1.4800760746 0.0580193867774 1 Cristian  898.0686761350007 0.064 0.44211443362 0.922056687823 1 1 1 0.37 1
277 4 4.5 0 0 11.2815 0.5 1.32798910141 0.0438624144482 1 Cristian  900.676640605001 0.064 0.211737009894 0.784126686962 1 1 1 0.37 0
278 3 6 0 1 6.867 0.5 2.15106606483 -0.0326909227409 1 Cristian  903.0908209320005 0.064 0.838330804943 1.68375698758 1 1 1 0.37 1
279 3 6 0 0 8.3385 0.5 2.0425620079 0.147046609908 1 Cristian  906.3601678980012 0.064 0.354791983157 1.395515398 1 1 1 0.37 0
280 4 4.5 0 0 11.2815 0.5 1.38264608383 0.0985193968701 1 Cristian  909.5033820200006 0.064 0.210671975566 0.784126686962 1 1 1 0.37 0
281 3 4.5 0 1 12.753 0.5 1.28345513344 0.0884403963107 1 Cristian  911.9813264029999 0.064 0.33099557044 0.695014737127 1 1 1 0.37 1
282 3 4.5 0 0 12.753 0.5 1.31387996674 0.118865229608 1 Cristian  914.3752927250007 0.064 0.17564471004 0.695014737127 1 1 1 0.37 0
283 4 4.5 0 0 8.3385 0.5 1.66927814484 0.114715915782 1 Cristian  916.779200807001 0.064 0.299086456701 1.05456222905 1 1 1 0.37 0
284 4 4.5 0 1 6.867 0.5 1.85008502007 0.0757541452461 1 Cristian  919.5510859390015 0.064 0.590742371488 1.27433087482 1 1 1 0.37 1
285 4 4.5 0 1 8.3385 0.5 1.59954094887 0.044978719813 1 Cristian  922.5288306790007 0.064 0.504594211184 1.05456222905 1 1 1 0.37 1
286 3 4.5 0 1 6.867 0.5 1.90006709099 0.125736216169 1 Cristian  925.2086022849999 0.064 0.574125589936 1.27433087482 1 1 1 0.37 1
287 4 6 0 0 8.3385 0.5 2.01170992851 0.116194530517 1 Cristian  928.2165044140002 0.064 0.358604106179 1.395515398 1 1 1 0.37 0
288 4 6 0 1 12.753 0.5 1.43282794952 0.0107712617011 1 Cristian  931.3466065950015 0.064 0.444258793272 0.922056687823 1 1 1 0.37 1
289 4 6 0 1 9.81 0.5 1.78325295448 0.0916970157411 1 Cristian  933.8814469070003 0.064 0.571390502834 1.19155593874 1 1 1 0.37 1
290 4 4.5 0 0 6.867 0.5 1.85139608383 0.0770652090126 1 Cristian  936.7813621180012 0.064 0.355967087728 1.27433087482 1 1 1 0.37 0
291 4 4.5 0 0 12.753 0.5 1.3024020195 0.107387282373 1 Cristian  939.7371699670002 0.064 0.200645395976 0.695014737127 1 1 1 0.37 0
292 4 4.5 0 1 12.753 0.5 1.34078407288 0.145769335749 1 Cristian  942.151061433 0.064 0.314885062998 0.695014737127 1 1 1 0.37 1
293 4 6 0 1 8.3385 0.5 1.91348218918 0.0179667911824 1 Cristian  944.5983709310003 0.064 0.655260247387 1.395515398 1 1 1 0.37 1
294 3 6 0 1 12.753 0.5 1.56270909309 0.140652405271 1 Cristian  947.604023631 0.064 0.442188149022 0.922056687823 1 1 1 0.37 1
295 3 6 0 1 9.81 0.5 1.78279685974 0.0912409209992 1 Cristian  950.2798119140007 0.064 0.551560413673 1.19155593874 1 1 1 0.37 1
296 3 4.5 0 0 9.81 0.5 1.52610015869 0.12664619615 1 Cristian  953.1599971690011 0.064 0.240587199686 0.899453962542 1 1 1 0.37 0
297 3 6 0 0 9.81 0.5 1.90065097809 0.209095039346 1 Cristian  955.7981027540009 0.064 0.30009390051 1.19155593874 1 1 1 0.37 0
298 4 4.5 0 0 9.81 0.5 1.55814003944 0.158686076902 1 Cristian  958.7949728140011 0.064 0.231680045897 0.899453962542 1 1 1 0.37 0
299 3 6 0 1 6.867 0.5 2.28944182396 0.105684836384 1 Cristian  961.4585989160005 0.064 0.81301440413 1.68375698758 1 1 1 0.37 1
300 4 6 0 0 11.2815 0.5 1.70761108398 0.167989194366 1 Cristian  964.8549524300015 0.064 0.301623375531 1.03962188962 1 1 1 0.37 0
301 4 4.5 0 1 11.2815 0.5 1.41724896431 0.133122277348 1 Cristian  967.6563042960006 0.064 0.373543832621 0.784126686962 1 1 1 0.37 1
302 4 6 0 0 6.867 0.5 2.26112604141 0.0773690538368 1 Cristian  970.1735333840006 0.064 0.50367300467 1.68375698758 1 1 1 0.37 0
303 3 4.5 0 1 9.81 0.5 1.50683999062 0.107386028074 1 Cristian  973.5605367349999 0.064 0.414698220416 0.899453962542 1 1 1 0.37 1
304 3 4.5 0 0 6.867 0.5 1.90421295166 0.129882076841 1 Cristian  976.1763007090012 0.064 0.319399899408 1.27433087482 1 1 1 0.37 0
305 4 6 0 1 6.867 0.5 2.24866580963 0.0649088220558 1 Cristian  979.1923937010015 0.064 0.775856177394 1.68375698758 1 1 1 0.37 1
306 4 6 0 1 11.2815 0.5 1.65506005287 0.115438163253 1 Cristian  982.5499795740016 0.064 0.479862825795 1.03962188962 1 1 1 0.37 1
307 3 4.5 0 0 11.2815 0.5 1.39787793159 0.113751244633 1 Cristian  985.305121243 0.064 0.212202982962 0.784126686962 1 1 1 0.37 0
308 4 6 0 0 9.81 0.5 1.71656489372 0.0250089549806 1 Cristian  987.8045752850012 0.064 0.341416583624 1.19155593874 1 1 1 0.37 0
309 3 4.5 0 1 11.2815 0.5 1.52639293671 0.242266249745 1 Cristian  990.6107807510016 0.064 0.382807651335 0.784126686962 1 1 1 0.37 1
310 3 6 0 0 11.2815 0.5 1.69760203362 0.157980143997 1 Cristian  993.2646306660008 0.064 0.268276421669 1.03962188962 1 1 1 0.37 0
311 4 6 0 0 12.753 0.5 1.5688700676 0.146813379774 1 Cristian  996.0476624160001 0.064 0.247037678883 0.922056687823 1 1 1 0.37 0
312 4 4.5 0 1 9.81 0.5 1.58106708527 0.181613122724 1 Cristian  998.7250475030014 0.064 0.434900886925 0.899453962542 1 1 1 0.37 1
313 3 6 0 0 6.867 0.5 2.35498905182 0.171232064243 1 Cristian  1001.4037104870004 0.064 0.475907772374 1.68375698758 1 1 1 0.37 0
314 3 6 0 1 8.3385 0.5 2.12068891525 0.225173517257 1 Cristian  1004.8966527900011 0.064 0.680230580707 1.395515398 1 1 1 0.37 1
315 3 4.5 0 0 8.3385 0.5 1.75487589836 0.200313669306 1 Cristian  1008.1005120770005 0.064 0.272840049439 1.05456222905 1 1 1 0.37 0
316 3 6 0 0 8.3385 0.5 2.15802502632 0.262509628325 1 Cristian  1010.9438912430014 0.064 0.395461300855 1.395515398 1 1 1 0.37 0
317 3 6 0 0 12.753 0.5 1.59827208519 0.176215397367 1 Cristian  1014.2276592010003 0.064 0.239321633057 0.922056687823 1 1 1 0.37 0
318 3 4.5 0 1 8.3385 0.5 1.69056510925 0.136002880198 1 Cristian  1016.925903487001 0.064 0.481589419758 1.05456222905 1 1 1 0.37 1
319 3 6 0 1 11.2815 0.5 1.72132515907 0.181703269455 1 Cristian  1019.7132209890005 0.064 0.499260330621 1.03962188962 1 1 1 0.37 1
