trial vx vy vz LongOcclusion g timeStill rTime TemporalError environment id pupiltime IOD OccludedTimeOfTrajectory FlightDuration Drag DragFirst block accuracy LongOcclusion
0 3 6 0 1 -9.81 0.5 1.5099709034 -0.181585035345 1 Juan  2.3185144239998863 0.066 0.578142411573 1.19155593874 1 1 1 0.3 1
1 4 6 0 0 9.81 0.5 6.48468017578 4.79312423704 1 Juan  4.94696940599988 0.066 0.307765399544 1.19155593874 1 1 1 0.3 0
2 4 6 0 1 -9.81 0.5 1.54650592804 -0.145050010702 1 Juan  12.549329761000081 0.066 0.567747859747 1.19155593874 1 1 1 0.3 1
3 3 4.5 0 1 9.81 0.5 1.33561182022 -0.0638421423208 1 Juan  15.211316317999945 0.066 0.407802954573 0.899453962542 1 1 1 0.3 1
4 3 4.5 0 0 -9.81 0.5 1.4497859478 0.0503319852579 1 Juan  17.665713723999943 0.066 0.245111215875 0.899453962542 1 1 1 0.3 0
5 3 4.5 0 1 -9.81 0.5 1.3343398571 -0.0651141054404 1 Juan  20.208167125000045 0.066 0.44464361638 0.899453962542 1 1 1 0.3 1
6 4 4.5 0 0 -9.81 0.5 1.07042789459 -0.32902606795 1 Juan  22.665708231000053 0.066 0.253048532456 0.899453962542 1 1 1 0.3 0
7 4 4.5 0 1 9.81 0.5 1.27921295166 -0.120241010882 1 Juan  24.864313021000044 0.066 0.412591420011 0.899453962542 1 1 1 0.3 1
8 4 4.5 0 1 -9.81 0.5 1.3751180172 -0.0243359453451 1 Juan  27.247767811999893 0.066 0.436236965651 0.899453962542 1 1 1 0.3 1
9 4 6 0 0 -9.81 0.5 1.68565011024 -0.00590582849721 1 Juan  29.692712574000097 0.066 0.354779665919 1.19155593874 1 1 1 0.3 0
10 3 6 0 0 -9.81 0.5 1.77104187012 0.0794859313752 1 Juan  32.482819771000095 0.066 0.337320661525 1.19155593874 1 1 1 0.3 0
11 4 4.5 0 0 9.81 0.5 1.52605485916 0.12660089662 1 Juan  35.37468035899997 0.066 0.231552059369 0.899453962542 1 1 1 0.3 0
12 3 4.5 0 0 9.81 0.5 1.37675285339 -0.0227011091482 1 Juan  38.0038731090001 0.066 0.256335298504 0.899453962542 1 1 1 0.3 0
13 3 6 0 1 9.81 0.5 1.58191394806 -0.109641990683 1 Juan  40.50942281099992 0.066 0.571417155519 1.19155593874 1 1 1 0.3 1
14 3 6 0 0 9.81 0.5 1.68236398697 -0.00919195177297 1 Juan  43.205146861 0.066 0.339863348878 1.19155593874 1 1 1 0.3 0
15 4 6 0 1 9.81 0.5 1.65120816231 -0.0403477764342 1 Juan  45.99425864 0.066 0.559048092013 1.19155593874 1 1 1 0.3 1
16 4 6 0 0 9.81 0.5 1.7315428257 0.0399868869569 1 Juan  48.764838601000065 0.066 0.298809943573 1.19155593874 1 1 1 0.3 0
17 3 4.5 0 0 9.81 0.5 1.39127206802 -0.00818189451811 1 Juan  51.61836213299989 0.066 0.24757819645 0.899453962542 1 1 1 0.3 0
18 3 6 0 1 9.81 0.5 1.65576696396 -0.0357889747832 1 Juan  54.11272240800008 0.066 0.589845988032 1.19155593874 1 1 1 0.3 1
19 4 6 0 1 -9.81 0.5 1.49985694885 -0.191698989889 1 Juan  56.8969075 0.066 0.542054248557 1.19155593874 1 1 1 0.3 1
20 3 6 0 0 9.81 0.5 1.69544506073 0.00388912198802 1 Juan  59.50593354500006 0.066 0.298438230298 1.19155593874 1 1 1 0.3 0
21 3 4.5 0 1 -9.81 0.5 1.40756106377 0.00810710122468 1 Juan  62.32352340300008 0.066 0.40517377259 0.899453962542 1 1 1 0.3 1
22 4 4.5 0 1 -9.81 0.5 1.39014291763 -0.00931104490874 1 Juan  64.82751882999992 0.066 0.418814766257 0.899453962542 1 1 1 0.3 1
23 4 4.5 0 0 9.81 0.5 1.48903393745 0.0895799749124 1 Juan  67.31948894399989 0.066 0.262503206603 0.899453962542 1 1 1 0.3 0
24 4 4.5 0 1 9.81 0.5 1.32511997223 -0.0743339903128 1 Juan  69.93086733099994 0.066 0.409434887552 0.899453962542 1 1 1 0.3 1
25 4 6 0 0 -9.81 0.5 1.72655415535 0.0349982166078 1 Juan  72.35650054799999 0.066 0.334104132233 1.19155593874 1 1 1 0.3 0
26 3 4.5 0 0 -9.81 0.5 1.49893689156 0.099482929014 1 Juan  75.20781491999992 0.066 0.263970353982 0.899453962542 1 1 1 0.3 0
27 3 4.5 0 1 9.81 0.5 1.81098294258 0.411528980039 1 Juan  77.81192229099997 0.066 0.414788913308 0.899453962542 1 1 1 0.3 1
28 3 6 0 0 -9.81 0.5 1.75756406784 0.0660081290986 1 Juan  80.73328897600004 0.066 0.344672883056 1.19155593874 1 1 1 0.3 0
29 4 6 0 1 9.81 0.5 1.59566688538 -0.095889053366 1 Juan  83.59221371400008 0.066 0.562320287977 1.19155593874 1 1 1 0.3 1
30 4 4.5 0 0 -9.81 0.5 1.36537694931 -0.0340770132315 1 Juan  86.30547171700005 0.066 0.23326061264 0.899453962542 1 1 1 0.3 0
31 3 6 0 1 -9.81 0.5 1.58981394768 -0.101741991064 1 Juan  88.78298220900001 0.066 0.556118752324 1.19155593874 1 1 1 0.3 1
32 4 6 0 1 9.81 0.5 1.65731596947 -0.0342399692748 1 Juan  91.472413491 0.066 0.587424624054 1.19155593874 1 1 1 0.3 1
33 3 6 0 1 -9.81 0.5 1.90776991844 0.2162139797 1 Juan  94.25416471900007 0.066 0.565084118712 1.19155593874 1 1 1 0.3 1
34 3 4.5 0 0 -9.81 0.5 1.45650792122 0.0570539586771 1 Juan  97.26803874200004 0.066 0.250336268212 0.899453962542 1 1 1 0.3 0
35 4 4.5 0 0 9.81 0.5 1.46848106384 0.069027101301 1 Juan  99.85488385400004 0.066 0.263346538225 0.899453962542 1 1 1 0.3 0
36 4 6 0 0 9.81 0.5 1.73075819016 0.0392022514131 1 Juan  102.42212282900005 0.066 0.353880049523 1.19155593874 1 1 1 0.3 0
37 4 6 0 0 -9.81 0.5 1.79377198219 0.102216043451 1 Juan  105.25960622799994 0.066 0.305171484044 1.19155593874 1 1 1 0.3 0
38 3 4.5 0 1 9.81 0.5 1.4562330246 0.0567790620554 1 Juan  108.14198131300009 0.066 0.414422668797 0.899453962542 1 1 1 0.3 1
39 4 6 0 1 -9.81 0.5 1.77974486351 0.0881889247682 1 Juan  110.71894230499993 0.066 0.574896603032 1.19155593874 1 1 1 0.3 1
40 4 4.5 0 1 9.81 0.5 1.40711903572 0.00766507317903 1 Juan  113.62298293799995 0.066 0.412846378673 0.899453962542 1 1 1 0.3 1
41 3 6 0 0 9.81 0.5 1.78653597832 0.0949800395753 1 Juan  116.16789587700009 0.066 0.320912513608 1.19155593874 1 1 1 0.3 0
42 4 4.5 0 1 -9.81 0.5 1.4109351635 0.0114812009561 1 Juan  119.04148256500002 0.066 0.428498544275 0.899453962542 1 1 1 0.3 1
43 3 6 0 1 9.81 0.5 1.87984395027 0.18828801153 1 Juan  121.57859120700004 0.066 0.594464772732 1.19155593874 1 1 1 0.3 1
44 4 4.5 0 0 -9.81 0.5 1.45433592796 0.0548819654215 1 Juan  124.58782534200009 0.066 0.255588496126 0.899453962542 1 1 1 0.3 0
45 3 4.5 0 1 -9.81 0.5 1.39723706245 -0.00221690008757 1 Juan  127.17263907400002 0.066 0.419090231973 0.899453962542 1 1 1 0.3 1
46 3 6 0 0 -9.81 0.5 1.67319083214 -0.0183651066039 1 Juan  129.68836183000008 0.066 0.343223501112 1.19155593874 1 1 1 0.3 0
47 3 4.5 0 0 9.81 0.5 1.45774316788 0.0582892053354 1 Juan  132.46186587700004 0.066 0.236422583764 0.899453962542 1 1 1 0.3 0
48 4 6 0 0 -9.81 0.5 1.81715393066 0.125597991922 1 Juan  135.0482652799999 0.066 0.348459306511 1.19155593874 1 1 1 0.3 0
49 3 6 0 0 -9.81 0.5 1.81202697754 0.120471038797 1 Juan  137.96084916299992 0.066 0.328800072412 1.19155593874 1 1 1 0.3 0
50 3 6 0 0 9.81 0.5 1.65316390991 -0.0383920288299 1 Juan  140.86992723100002 0.066 0.349913660977 1.19155593874 1 1 1 0.3 0
51 4 4.5 0 1 -9.81 0.5 1.43720602989 0.0377520673502 1 Juan  143.6393608840001 0.066 0.429894781023 0.899453962542 1 1 1 0.3 1
52 3 6 0 1 9.81 0.5 1.79923391342 0.10767797468 1 Juan  146.16820211000004 0.066 0.549916481529 1.19155593874 1 1 1 0.3 1
53 3 6 0 1 -9.81 0.5 1.52622294426 -0.165332994482 1 Juan  149.0621767309999 0.066 0.568524738059 1.19155593874 1 1 1 0.3 1
54 4 6 0 1 9.81 0.5 1.62484693527 -0.0667090034697 1 Juan  151.70819375099995 0.066 0.550845669818 1.19155593874 1 1 1 0.3 1
55 3 4.5 0 1 9.81 0.5 1.50388002396 0.104426061415 1 Juan  154.45592113399994 0.066 0.435297492466 0.899453962542 1 1 1 0.3 1
56 3 4.5 0 0 9.81 0.5 1.33275508881 -0.0666988737356 1 Juan  157.0598802720001 0.066 0.254958364847 0.899453962542 1 1 1 0.3 0
57 4 6 0 0 9.81 0.5 1.7690281868 0.0774722480561 1 Juan  159.50518904499995 0.066 0.355833177329 1.19155593874 1 1 1 0.3 0
58 4 4.5 0 1 9.81 0.5 1.44609713554 0.046643173002 1 Juan  162.374181764 0.066 0.432199265957 0.899453962542 1 1 1 0.3 1
59 4 4.5 0 0 9.81 0.5 1.55669617653 0.157242213987 1 Juan  164.9482767689999 0.066 0.244524718233 0.899453962542 1 1 1 0.3 0
60 4 6 0 1 -9.81 0.5 1.60869002342 -0.0828659153197 1 Juan  167.62773699900004 0.066 0.536563936932 1.19155593874 1 1 1 0.3 1
61 3 4.5 0 0 -9.81 0.5 1.55420804024 0.154754077696 1 Juan  170.33481181599996 0.066 0.269125166797 0.899453962542 1 1 1 0.3 0
62 3 4.5 0 1 -9.81 0.5 1.43845295906 0.0389989965189 1 Juan  173.01293644299994 0.066 0.416024073144 0.899453962542 1 1 1 0.3 1
63 4 4.5 0 0 -9.81 0.5 1.47564101219 0.07618704965 1 Juan  175.55325410499995 0.066 0.238455127844 0.899453962542 1 1 1 0.3 0
64 3 4.5 0 1 9.81 0.5 1.42899513245 0.0295411699045 1 Juan  178.1333771279999 0.066 0.416002574138 0.899453962542 1 1 1 0.3 1
65 3 6 0 1 -9.81 0.5 1.76524996758 0.0736940288331 1 Juan  180.66526653300002 0.066 0.58023603757 1.19155593874 1 1 1 0.3 1
66 4 6 0 1 -9.81 0.5 1.4512591362 -0.240296802542 1 Juan  183.55452476100004 0.066 0.558979999563 1.19155593874 1 1 1 0.3 1
67 3 6 0 0 9.81 0.5 1.70341205597 0.0118561172273 1 Juan  186.1403791560001 0.066 0.304581803958 1.19155593874 1 1 1 0.3 0
68 4 4.5 0 0 -9.81 0.5 1.4364490509 0.0369950883615 1 Juan  188.9685327530001 0.066 0.25677892609 0.899453962542 1 1 1 0.3 0
69 4 4.5 0 0 9.81 0.5 1.5737259388 0.174271976255 1 Juan  191.50728572999992 0.066 0.267662726553 0.899453962542 1 1 1 0.3 0
70 3 6 0 0 -9.81 0.5 1.84416294098 0.152607002237 1 Juan  194.1945239690001 0.066 0.343103614613 1.19155593874 1 1 1 0.3 0
71 3 4.5 0 0 -9.81 0.5 1.62062191963 0.22116795709 1 Juan  197.15805049799997 0.066 0.236429779422 0.899453962542 1 1 1 0.3 0
72 4 4.5 0 1 9.81 0.5 1.27744197845 -0.122011984087 1 Juan  199.87578617200006 0.066 0.437214854167 0.899453962542 1 1 1 0.3 1
73 4 4.5 0 1 -9.81 0.5 1.07304501534 -0.326408947207 1 Juan  202.26361919300007 0.066 0.408862289402 0.899453962542 1 1 1 0.3 1
74 3 4.5 0 0 9.81 0.5 1.4924390316 0.0929850690592 1 Juan  204.46161346300005 0.066 0.256575771208 0.899453962542 1 1 1 0.3 0
75 3 6 0 1 9.81 0.5 1.67416214943 -0.0173937893126 1 Juan  207.05248953199998 0.066 0.563456987334 1.19155593874 1 1 1 0.3 1
76 4 6 0 0 -9.81 0.5 1.66017985344 -0.0313760853026 1 Juan  209.8306600840001 0.066 0.333069367373 1.19155593874 1 1 1 0.3 0
77 4 6 0 0 9.81 0.5 1.62784385681 -0.0637120819304 1 Juan  212.58500579299994 0.066 0.340965761722 1.19155593874 1 1 1 0.3 0
78 4 6 0 1 9.81 0.5 1.55371499062 -0.137840948126 1 Juan  215.341369922 0.066 0.593183663687 1.19155593874 1 1 1 0.3 1
79 3 4.5 0 1 -9.81 0.5 1.63937282562 0.239918863081 1 Juan  218.00955064999994 0.066 0.410813950802 0.899453962542 1 1 1 0.3 1
80 3 6 0 1 9.81 0.5 1.78420186043 0.0926459216859 1 Juan  220.76505890099997 0.066 0.53638924214 1.19155593874 1 1 1 0.3 1
81 3 4.5 0 1 -9.81 0.5 1.82927012444 0.429816161894 1 Juan  223.67366714600007 0.066 0.436103515669 0.899453962542 1 1 1 0.3 1
82 4 4.5 0 1 -9.81 0.5 1.43482899666 0.0353750341165 1 Juan  226.60353259599992 0.066 0.406141130203 0.899453962542 1 1 1 0.3 1
83 3 4.5 0 1 9.81 0.5 1.47299718857 0.0735432260263 1 Juan  229.144082604 0.066 0.433793017667 0.899453962542 1 1 1 0.3 1
84 4 6 0 1 9.81 0.5 1.67918395996 -0.012371978781 1 Juan  231.71907346600005 0.066 0.586366915575 1.19155593874 1 1 1 0.3 1
85 4 6 0 1 -9.81 0.5 1.65674591064 -0.0348100280974 1 Juan  234.51496210699997 0.066 0.566778152654 1.19155593874 1 1 1 0.3 1
86 3 4.5 0 0 -9.81 0.5 1.47495293617 0.0754989736307 1 Juan  237.30186512399996 0.066 0.229318445174 0.899453962542 1 1 1 0.3 0
87 4 4.5 0 1 9.81 0.5 1.36076903343 -0.0386849291098 1 Juan  239.89384117200007 0.066 0.431657526665 0.899453962542 1 1 1 0.3 1
88 4 6 0 0 9.81 0.5 1.75398802757 0.0624320888307 1 Juan  242.35471342300002 0.066 0.320804488512 1.19155593874 1 1 1 0.3 0
89 4 4.5 0 0 9.81 0.5 1.46620702744 0.0667530648935 1 Juan  245.23207578100005 0.066 0.230946881656 0.899453962542 1 1 1 0.3 0
90 3 4.5 0 0 9.81 0.5 1.48060798645 0.0811540239084 1 Juan  247.78316058399992 0.066 0.233609670771 0.899453962542 1 1 1 0.3 0
91 4 6 0 0 -9.81 0.5 1.79494905472 0.103393115976 1 Juan  250.37424710899995 0.066 0.314441505533 1.19155593874 1 1 1 0.3 0
92 4 4.5 0 0 -9.81 0.5 1.38998913765 -0.00946482489226 1 Juan  253.2916470560001 0.066 0.231388535461 0.899453962542 1 1 1 0.3 0
93 3 6 0 0 9.81 0.5 1.90809202194 0.2165360832 1 Juan  255.81037344700007 0.066 0.328601279284 1.19155593874 1 1 1 0.3 0
94 3 6 0 1 -9.81 0.5 1.7695941925 0.0780382537629 1 Juan  258.92105472000003 0.066 0.573953880971 1.19155593874 1 1 1 0.3 1
95 3 6 0 0 -9.81 0.5 1.78952693939 0.0979710006501 1 Juan  261.70359951699993 0.066 0.351432031855 1.19155593874 1 1 1 0.3 0
96 3 6 0 1 -9.81 0.5 1.77368593216 0.0821299934175 1 Juan  264.58904331400004 0.066 0.566642281681 1.19155593874 1 1 1 0.3 1
97 4 6 0 1 9.81 0.5 1.56745696068 -0.124098978064 1 Juan  267.4752633989999 0.066 0.579498187185 1.19155593874 1 1 1 0.3 1
98 3 6 0 0 9.81 0.5 1.78537797928 0.0938220405366 1 Juan  270.168277535 0.066 0.340687021081 1.19155593874 1 1 1 0.3 0
99 4 4.5 0 1 -9.81 0.5 1.42093205452 0.0214780919779 1 Juan  273.053609691 0.066 0.410769784407 0.899453962542 1 1 1 0.3 1
100 3 4.5 0 0 9.81 0.5 1.41219186783 0.0127379052866 1 Juan  275.576455934 0.066 0.26591869884 0.899453962542 1 1 1 0.3 0
101 4 4.5 0 1 9.81 0.5 1.32965922356 -0.0697947389853 1 Juan  278.1129527349999 0.066 0.423595336319 0.899453962542 1 1 1 0.3 1
102 3 4.5 0 0 -9.81 0.5 1.45810890198 0.0586549394357 1 Juan  280.555416529 0.066 0.241254749768 0.899453962542 1 1 1 0.3 0
103 4 6 0 0 -9.81 0.5 1.81340312958 0.121847190836 1 Juan  283.1412896690001 0.066 0.342350356403 1.19155593874 1 1 1 0.3 0
104 4 6 0 0 9.81 0.5 1.60338807106 -0.0881678676818 1 Juan  286.0502343349999 0.066 0.352101435958 1.19155593874 1 1 1 0.3 0
105 4 4.5 0 0 -9.81 0.5 1.50590896606 0.106455003523 1 Juan  288.75933067200003 0.066 0.240732910752 0.899453962542 1 1 1 0.3 0
106 3 4.5 0 1 9.81 0.5 1.49745583534 0.0980018728006 1 Juan  291.3802125049999 0.066 0.440989796256 0.899453962542 1 1 1 0.3 1
107 3 6 0 0 -9.81 0.5 1.74024701118 0.0486910724427 1 Juan  294.00565243799997 0.066 0.354285365295 1.19155593874 1 1 1 0.3 0
108 3 4.5 0 1 -9.81 0.5 1.5783572197 0.178903257154 1 Juan  296.8486128530001 0.066 0.414145360091 0.899453962542 1 1 1 0.3 1
109 3 6 0 1 9.81 0.5 1.77151107788 0.0799551391389 1 Juan  299.53399641500005 0.066 0.549470486125 1.19155593874 1 1 1 0.3 1
110 4 4.5 0 0 9.81 0.5 1.42583990097 0.0263859384287 1 Juan  302.42843059000006 0.066 0.26955959869 0.899453962542 1 1 1 0.3 0
111 4 6 0 1 -9.81 0.5 1.67537093163 -0.0161850071166 1 Juan  304.964196999 0.066 0.536848705037 1.19155593874 1 1 1 0.3 1
112 3 4.5 0 0 9.81 0.5 1.55696201324 0.157508050703 1 Juan  307.76493253500007 0.066 0.24873175031 0.899453962542 1 1 1 0.3 0
113 3 4.5 0 0 -9.81 0.5 1.67505979538 0.275605832838 1 Juan  310.4364846159999 0.066 0.264565283674 0.899453962542 1 1 1 0.3 0
114 3 4.5 0 1 9.81 0.5 1.53118300438 0.131729041837 1 Juan  313.2548728439999 0.066 0.423680003934 0.899453962542 1 1 1 0.3 1
115 4 4.5 0 0 9.81 0.5 1.5119240284 0.112470065855 1 Juan  315.90391182999997 0.066 0.228012450316 0.899453962542 1 1 1 0.3 0
116 4 4.5 0 0 -9.81 0.5 1.52870583534 0.129251872801 1 Juan  318.53814129400007 0.066 0.266471088659 0.899453962542 1 1 1 0.3 0
117 4 4.5 0 1 -9.81 0.5 1.39773488045 -0.00171908209441 1 Juan  321.1931734940001 0.066 0.43897306999 0.899453962542 1 1 1 0.3 1
118 3 6 0 0 -9.81 0.5 1.9311439991 0.239588060358 1 Juan  323.71177384299995 0.066 0.323239095341 1.19155593874 1 1 1 0.3 0
119 4 6 0 1 9.81 0.5 1.57743883133 -0.114117107413 1 Juan  326.765963434 0.066 0.582351809456 1.19155593874 1 1 1 0.3 1
120 3 6 0 1 -9.81 0.5 1.89691400528 0.205358066538 1 Juan  329.465281474 0.066 0.557884419746 1.19155593874 1 1 1 0.3 1
121 4 6 0 0 9.81 0.5 1.92323303223 0.231677093485 1 Juan  332.4625149400001 0.066 0.320388196432 1.19155593874 1 1 1 0.3 0
122 4 6 0 1 -9.81 0.5 1.73510694504 0.0435510062959 1 Juan  335.489865562 0.066 0.545294979126 1.19155593874 1 1 1 0.3 1
123 4 6 0 0 -9.81 0.5 1.77295207977 0.081396141031 1 Juan  338.3371132499999 0.066 0.355898024332 1.19155593874 1 1 1 0.3 0
124 3 6 0 0 9.81 0.5 1.85281705856 0.161261119821 1 Juan  341.2411683340001 0.066 0.301032711304 1.19155593874 1 1 1 0.3 0
125 4 4.5 0 1 9.81 0.5 1.35618686676 -0.0432670957815 1 Juan  344.194455782 0.066 0.404796371474 0.899453962542 1 1 1 0.3 1
126 3 6 0 1 9.81 0.5 1.64995098114 -0.0416049576018 1 Juan  346.6455283120001 0.066 0.536792165693 1.19155593874 1 1 1 0.3 1
127 3 4.5 0 1 -9.81 0.5 1.46890616417 0.0694522016275 1 Juan  349.38891211400005 0.066 0.425057206622 0.899453962542 1 1 1 0.3 1
128 4 4.5 0 1 9.81 0.5 1.38600111008 -0.0134528524649 1 Juan  351.97169435399996 0.066 0.42205689784 0.899453962542 1 1 1 0.3 1
129 3 6 0 1 9.81 0.5 1.70843291283 0.0168769740846 1 Juan  354.47062759000005 0.066 0.550758612779 1.19155593874 1 1 1 0.3 1
130 4 4.5 0 0 9.81 0.5 1.49314594269 0.0936919801462 1 Juan  357.288463674 0.066 0.259437695726 0.899453962542 1 1 1 0.3 0
131 3 4.5 0 1 -9.81 0.5 1.47587394714 0.0764199846018 1 Juan  359.87507520200006 0.066 0.425689081947 0.899453962542 1 1 1 0.3 1
132 4 4.5 0 1 -9.81 0.5 1.42459797859 0.0251440160501 1 Juan  362.4729567520001 0.066 0.418552757244 0.899453962542 1 1 1 0.3 1
133 3 6 0 0 9.81 0.5 1.86616492271 0.174608983972 1 Juan  364.99725343399996 0.066 0.308093954311 1.19155593874 1 1 1 0.3 0
134 3 4.5 0 1 9.81 0.5 1.61503791809 0.215583955549 1 Juan  367.9908481530001 0.066 0.407093280826 0.899453962542 1 1 1 0.3 1
135 3 6 0 0 -9.81 0.5 1.73262500763 0.0410690688874 1 Juan  370.7356990840001 0.066 0.344420356822 1.19155593874 1 1 1 0.3 0
136 4 6 0 1 9.81 0.5 1.78468990326 0.0931339645173 1 Juan  373.55872642500003 0.066 0.570838655633 1.19155593874 1 1 1 0.3 1
137 4 6 0 0 -9.81 0.5 1.80428290367 0.112726964929 1 Juan  376.4635141630001 0.066 0.353202970294 1.19155593874 1 1 1 0.3 0
138 4 6 0 0 9.81 0.5 1.71113300323 0.0195770644929 1 Juan  379.405743908 0.066 0.357239348205 1.19155593874 1 1 1 0.3 0
139 4 4.5 0 0 -9.81 0.5 1.5397400856 0.14028612306 1 Juan  382.2287890130001 0.066 0.256560956815 0.899453962542 1 1 1 0.3 0
140 3 6 0 1 -9.81 0.5 1.70354509354 0.0119891547944 1 Juan  384.88806899299993 0.066 0.561417091376 1.19155593874 1 1 1 0.3 1
141 3 4.5 0 0 9.81 0.5 1.58355093002 0.184096967481 1 Juan  387.707858345 0.066 0.26733271651 0.899453962542 1 1 1 0.3 0
142 3 4.5 0 0 -9.81 0.5 1.44608783722 0.0466338746774 1 Juan  390.41393002199993 0.066 0.249106208669 0.899453962542 1 1 1 0.3 0
143 4 6 0 1 -9.81 0.5 1.6250269413 -0.0665289974425 1 Juan  392.9722326389999 0.066 0.588092861262 1.19155593874 1 1 1 0.3 1
144 3 4.5 0 1 -9.81 0.5 1.54229593277 0.142841970228 1 Juan  395.717648843 0.066 0.418628284171 0.899453962542 1 1 1 0.3 1
145 3 4.5 0 0 9.81 0.5 1.48767709732 0.0882231347788 1 Juan  398.37340358899996 0.066 0.251844857619 0.899453962542 1 1 1 0.3 0
146 4 6 0 0 9.81 0.5 1.82419300079 0.132637062051 1 Juan  400.980163037 0.066 0.319253321482 1.19155593874 1 1 1 0.3 0
147 3 4.5 0 1 9.81 0.5 1.48074603081 0.0812920682657 1 Juan  403.9044616880001 0.066 0.405984337698 0.899453962542 1 1 1 0.3 1
148 4 4.5 0 1 9.81 0.5 1.45048499107 0.0510310285318 1 Juan  406.51047037700005 0.066 0.410211270344 0.899453962542 1 1 1 0.3 1
149 3 6 0 0 -9.81 0.5 1.8035569191 0.112000980356 1 Juan  409.06528238500005 0.066 0.339784958269 1.19155593874 1 1 1 0.3 0
150 3 6 0 1 9.81 0.5 1.61698102951 -0.0745749092315 1 Juan  411.98188327599996 0.066 0.568057777055 1.19155593874 1 1 1 0.3 1
151 4 4.5 0 0 9.81 0.5 1.5355629921 0.136109029554 1 Juan  414.7019350390001 0.066 0.239724620529 0.899453962542 1 1 1 0.3 0
152 3 4.5 0 0 -9.81 0.5 13.7535932064 12.3541392439 1 Juan  419.2683639090001 0.066 0.268765670442 0.899453962542 1 1 1 0.3 0
153 4 6 0 1 9.81 0.5 1.65968513489 -0.0318708038543 1 Juan  432.1854635919999 0.066 0.561632900917 1.19155593874 1 1 1 0.3 1
154 4 6 0 0 -9.81 0.5 1.80057191849 0.109015979746 1 Juan  434.9548407770001 0.066 0.329483671817 1.19155593874 1 1 1 0.3 0
155 4 6 0 1 -9.81 0.5 1.76677513123 0.0752191924836 1 Juan  437.874515081 0.066 0.570169281216 1.19155593874 1 1 1 0.3 1
156 4 4.5 0 1 -9.81 0.5 1.50043511391 0.100981151365 1 Juan  440.7443906870001 0.066 0.414010111178 0.899453962542 1 1 1 0.3 1
157 3 6 0 1 -9.81 0.5 1.8283200264 0.136764087656 1 Juan  443.353422101 0.066 0.576357179423 1.19155593874 1 1 1 0.3 1
158 4 4.5 0 0 -9.81 0.5 1.51527285576 0.115818893217 1 Juan  446.29555656799994 0.066 0.260878286829 0.899453962542 1 1 1 0.3 0
159 3 6 0 0 9.81 0.5 1.93047881126 0.238922872522 1 Juan  448.9348498470001 0.066 0.300077112161 1.19155593874 1 1 1 0.3 0
160 3 4.5 0 1 9.81 0.5 1.51000905037 0.110555087827 1 Juan  451.9650377199998 0.066 0.442360127284 0.899453962542 1 1 1 0.3 1
161 3 4.5 0 1 -9.81 0.5 1.43909192085 0.0396379583109 1 Juan  454.58220490300005 0.066 0.422318556695 0.899453962542 1 1 1 0.3 1
162 4 4.5 0 1 -9.81 0.5 1.49793410301 0.0984801404703 1 Juan  457.14092184900005 0.066 0.419659640586 0.899453962542 1 1 1 0.3 1
163 4 4.5 0 0 9.81 0.5 1.4981648922 0.0987109296549 1 Juan  459.74679954199996 0.066 0.227667615401 0.899453962542 1 1 1 0.3 0
164 4 6 0 0 9.81 0.5 1.94286417961 0.251308240869 1 Juan  462.36626230000024 0.066 0.346491428415 1.19155593874 1 1 1 0.3 0
165 4 4.5 0 0 -9.81 0.5 1.51208209991 0.112628137373 1 Juan  465.4284849369999 0.066 0.235317674887 0.899453962542 1 1 1 0.3 0
166 3 6 0 1 9.81 0.5 1.79247903824 0.100923099497 1 Juan  468.0508382999999 0.066 0.553135570289 1.19155593874 1 1 1 0.3 1
167 3 6 0 0 9.81 0.5 1.80585503578 0.11429909704 1 Juan  470.95582025199997 0.066 0.317755997581 1.19155593874 1 1 1 0.3 0
168 3 6 0 0 -9.81 0.5 1.7687869072 0.0772309684541 1 Juan  473.8672854949998 0.066 0.310126127815 1.19155593874 1 1 1 0.3 0
169 4 6 0 0 -9.81 0.5 1.88169717789 0.190141239145 1 Juan  476.75596636600017 0.066 0.351242416045 1.19155593874 1 1 1 0.3 0
170 4 4.5 0 1 9.81 0.5 1.55996203423 0.160508071684 1 Juan  479.73619464599983 0.066 0.406103103004 0.899453962542 1 1 1 0.3 1
171 4 6 0 1 -9.81 0.5 1.73226904869 0.0407131099488 1 Juan  482.41584630700004 0.066 0.556630533066 1.19155593874 1 1 1 0.3 1
172 3 4.5 0 0 -9.81 0.5 1.57232713699 0.172873174452 1 Juan  485.2582571790001 0.066 0.259897320022 0.899453962542 1 1 1 0.3 0
173 4 6 0 1 9.81 0.5 1.62548899651 -0.0660669422362 1 Juan  487.93429862900007 0.066 0.542064502162 1.19155593874 1 1 1 0.3 1
174 3 6 0 1 -9.81 0.5 1.82731294632 0.135757007578 1 Juan  490.6851628080001 0.066 0.587704350964 1.19155593874 1 1 1 0.3 1
175 3 4.5 0 0 9.81 0.5 1.80638098717 0.406927024626 1 Juan  493.6146517290001 0.066 0.237646360642 0.899453962542 1 1 1 0.3 0
176 4 6 0 1 -9.81 0.5 1.91306591034 0.221509971597 1 Juan  496.5348142340001 0.066 0.588297282827 1.19155593874 1 1 1 0.3 1
177 4 4.5 0 1 -9.81 0.5 1.44793891907 0.0484849565256 1 Juan  499.5576929010001 0.066 0.423369641231 0.899453962542 1 1 1 0.3 1
178 3 4.5 0 0 9.81 0.5 1.68943190575 0.289977943205 1 Juan  502.1261016589999 0.066 0.263083765167 0.899453962542 1 1 1 0.3 0
179 3 4.5 0 0 -9.81 0.5 1.72846913338 0.329015170835 1 Juan  504.9324814009999 0.066 0.232178514847 0.899453962542 1 1 1 0.3 0
180 4 4.5 0 0 -9.81 0.5 1.59287691116 0.193422948622 1 Juan  507.76755620200015 0.066 0.248506146495 0.899453962542 1 1 1 0.3 0
181 3 6 0 0 -9.81 0.5 1.87442708015 0.182871141412 1 Juan  510.492487104 0.066 0.340282653511 1.19155593874 1 1 1 0.3 0
182 4 6 0 0 9.81 0.5 1.9493560791 0.25780014036 1 Juan  513.4629576780001 0.066 0.324235438326 1.19155593874 1 1 1 0.3 0
183 3 6 0 0 9.81 0.5 1.7823240757 0.0907681369569 1 Juan  516.5281270060002 0.066 0.316969514598 1.19155593874 1 1 1 0.3 0
184 3 6 0 1 -9.81 0.5 1.83423995972 0.142684020975 1 Juan  519.4201093469999 0.066 0.540139197731 1.19155593874 1 1 1 0.3 1
185 3 6 0 1 9.81 0.5 2.05328893661 0.361732997873 1 Juan  522.3564352870001 0.066 0.542279830175 1.19155593874 1 1 1 0.3 1
186 4 6 0 1 9.81 0.5 1.90263700485 0.21108106611 1 Juan  525.523649002 0.066 0.562042154495 1.19155593874 1 1 1 0.3 1
187 4 6 0 0 -9.81 0.5 1.95608711243 0.264531173685 1 Juan  528.5361799539999 0.066 0.347557120887 1.19155593874 1 1 1 0.3 0
188 3 4.5 0 1 9.81 0.5 1.41156697273 0.0121130101907 1 Juan  531.610382438 0.066 0.411799978261 0.899453962542 1 1 1 0.3 1
189 4 4.5 0 0 9.81 0.5 1.61845588684 0.219001924299 1 Juan  534.1314646560002 0.066 0.266097467755 0.899453962542 1 1 1 0.3 0
190 4 4.5 0 1 9.81 0.5 1.55282902718 0.153375064634 1 Juan  536.8430033030002 0.066 0.449313771225 0.899453962542 1 1 1 0.3 1
191 3 4.5 0 1 -9.81 0.5 1.41934013367 0.0198861711252 1 Juan  539.5088412980001 0.066 0.432617077689 0.899453962542 1 1 1 0.3 1
192 4 4.5 0 1 -9.81 0.5 1.4886200428 0.0891660802591 1 Juan  542.0435002520001 0.066 0.411576605483 0.899453962542 1 1 1 0.3 1
193 3 6 0 1 9.81 0.5 1.785364151 0.093808212259 1 Juan  544.6371195630002 0.066 0.555177810301 1.19155593874 1 1 1 0.3 1
194 4 6 0 1 -9.81 0.5 1.76037311554 0.0688171767976 1 Juan  547.5343222459999 0.066 0.552188745518 1.19155593874 1 1 1 0.3 1
195 4 6 0 0 9.81 0.5 1.75715279579 0.0655968570497 1 Juan  550.4168873440001 0.066 0.353985724223 1.19155593874 1 1 1 0.3 0
196 4 6 0 1 9.81 0.5 1.9375 0.245944061258 1 Juan  553.2758748670001 0.066 0.58455908948 1.19155593874 1 1 1 0.3 1
197 3 4.5 0 1 -9.81 0.5 1.55233716965 0.152883207105 1 Juan  556.3167789470001 0.066 0.406400582816 0.899453962542 1 1 1 0.3 1
198 3 4.5 0 0 9.81 0.5 1.56162214279 0.16216818025 1 Juan  558.9942505679999 0.066 0.226580155862 0.899453962542 1 1 1 0.3 0
199 3 6 0 0 -9.81 0.5 1.73270010948 0.0411441707398 1 Juan  561.6514356230002 0.066 0.342079097476 1.19155593874 1 1 1 0.3 0
200 4 4.5 0 0 9.81 0.5 1.57133698463 0.171883022093 1 Juan  564.492707184 0.066 0.240547004568 0.899453962542 1 1 1 0.3 0
201 4 6 0 0 -9.81 0.5 1.9183011055 0.226745166757 1 Juan  567.1659995950001 0.066 0.3180209211 1.19155593874 1 1 1 0.3 0
202 3 6 0 0 9.81 0.5 2.02829813957 0.33674220083 1 Juan  570.1907877740002 0.066 0.321760857198 1.19155593874 1 1 1 0.3 0
203 3 4.5 0 0 -9.81 0.5 1.67688798904 0.277434026502 1 Juan  573.328066883 0.066 0.269182646702 0.899453962542 1 1 1 0.3 0
204 3 4.5 0 1 9.81 0.5 1.46349000931 0.0640360467661 1 Juan  576.1179997400002 0.066 0.42175322845 0.899453962542 1 1 1 0.3 1
205 4 4.5 0 1 9.81 0.5 1.62662196159 0.227167999052 1 Juan  578.6898998009999 0.066 0.440320102738 0.899453962542 1 1 1 0.3 1
206 3 6 0 1 -9.81 0.5 1.95243787766 0.260881938913 1 Juan  581.4163324419999 0.066 0.539228024249 1.19155593874 1 1 1 0.3 1
207 4 4.5 0 0 -9.81 0.5 1.52583289146 0.126378928922 1 Juan  584.484502261 0.066 0.225927831094 0.899453962542 1 1 1 0.3 0
208 4 4.5 0 0 -9.81 0.5 1.52918505669 0.129731094145 1 Juan  587.116172842 0.066 0.266229033201 0.899453962542 1 1 1 0.3 0
209 4 6 0 1 -9.81 0.5 1.75080513954 0.0592492007997 1 Juan  589.7576554770001 0.066 0.540089011774 1.19155593874 1 1 1 0.3 1
210 3 6 0 1 -9.81 0.5 1.6432890892 -0.0482668495391 1 Juan  592.614250542 0.066 0.586043324809 1.19155593874 1 1 1 0.3 1
211 3 4.5 0 1 -9.81 0.5 1.55289912224 0.153445159696 1 Juan  595.3555284639999 0.066 0.422002615928 0.899453962542 1 1 1 0.3 1
212 4 4.5 0 1 9.81 0.5 1.38841104507 -0.0110429174673 1 Juan  598.0160877649998 0.066 0.42596130465 0.899453962542 1 1 1 0.3 1
213 3 6 0 0 -9.81 0.5 1.93912315369 0.247567214945 1 Juan  600.5047139649998 0.066 0.302970264971 1.19155593874 1 1 1 0.3 0
214 3 6 0 1 9.81 0.5 1.92058897018 0.229033031442 1 Juan  603.5440013969999 0.066 0.545785208681 1.19155593874 1 1 1 0.3 1
215 3 6 0 0 9.81 0.5 1.71822118759 0.0266652488496 1 Juan  606.5650423330001 0.066 0.331175103521 1.19155593874 1 1 1 0.3 0
216 3 4.5 0 0 -9.81 0.5 1.60048484802 0.201030885481 1 Juan  609.3996394449998 0.066 0.25008842101 0.899453962542 1 1 1 0.3 0
217 4 4.5 0 0 9.81 0.5 1.47911095619 0.0796569936502 1 Juan  612.113144484 0.066 0.250914481962 0.899453962542 1 1 1 0.3 0
218 3 4.5 0 1 9.81 0.5 1.5136179924 0.114164029859 1 Juan  614.716333518 0.066 0.410553538368 0.899453962542 1 1 1 0.3 1
219 4 4.5 0 1 -9.81 0.5 4.03780198097 2.63834801843 1 Juan  619.3955270519998 0.066 0.418580861657 0.899453962542 1 1 1 0.3 1
220 4 6 0 0 -9.81 0.5 1.78118801117 0.0896320724275 1 Juan  622.4796659340002 0.066 0.352840432346 1.19155593874 1 1 1 0.3 0
221 4 6 0 1 9.81 0.5 2.10120105743 0.409645118692 1 Juan  625.376637178 0.066 0.537522940243 1.19155593874 1 1 1 0.3 1
222 4 6 0 0 9.81 0.5 1.6982550621 0.00669912336131 1 Juan  628.5628234570001 0.066 0.350258957199 1.19155593874 1 1 1 0.3 0
223 3 4.5 0 0 9.81 0.5 1.63587093353 0.236416970991 1 Juan  631.3781342069999 0.066 0.255399310271 0.899453962542 1 1 1 0.3 0
224 4 6 0 1 -9.81 0.5 2.04013490677 0.348578968027 1 Juan  634.125637939 0.066 0.578395465726 1.19155593874 1 1 1 0.3 1
225 3 6 0 1 -9.81 0.5 1.71387505531 0.0223191165711 1 Juan  637.2767603710001 0.066 0.57249537306 1.19155593874 1 1 1 0.3 1
226 4 6 0 0 -9.81 0.5 1.7794380188 0.0878820800569 1 Juan  640.1039535990001 0.066 0.319686230914 1.19155593874 1 1 1 0.3 0
227 4 6 0 1 9.81 0.5 1.99431204796 0.302756109216 1 Juan  643.0031212699998 0.066 0.55883386852 1.19155593874 1 1 1 0.3 1
228 3 6 0 0 -9.81 0.5 1.89150190353 0.199945964792 1 Juan  646.0934474819999 0.066 0.346006367142 1.19155593874 1 1 1 0.3 0
229 4 6 0 0 9.81 0.5 1.76734805107 0.0757921123292 1 Juan  649.0809430860002 0.066 0.341206446876 1.19155593874 1 1 1 0.3 0
230 3 6 0 0 9.81 0.5 1.90006113052 0.208505191782 1 Juan  651.9510507860002 0.066 0.33090216238 1.19155593874 1 1 1 0.3 0
231 3 6 0 1 9.81 0.5 1.73274302483 0.0411870860841 1 Juan  654.9553102850002 0.066 0.588291922848 1.19155593874 1 1 1 0.3 1
232 4 4.5 0 1 -9.81 0.5 1.54033207893 0.140878116392 1 Juan  657.808579154 0.066 0.41990091562 0.899453962542 1 1 1 0.3 1
233 4 4.5 0 1 9.81 0.5 1.56065702438 0.161203061842 1 Juan  660.4479541369999 0.066 0.413057725869 0.899453962542 1 1 1 0.3 1
234 3 4.5 0 0 -9.81 0.5 1.6281080246 0.228654062055 1 Juan  663.1279712500002 0.066 0.262833050579 0.899453962542 1 1 1 0.3 0
235 3 4.5 0 1 9.81 0.5 1.39172482491 -0.0077291376364 1 Juan  665.8581532260002 0.066 0.428193753568 0.899453962542 1 1 1 0.3 1
236 4 4.5 0 0 9.81 0.5 1.51321983337 0.113765870832 1 Juan  668.3775529080001 0.066 0.258506905707 0.899453962542 1 1 1 0.3 0
237 4 4.5 0 0 -9.81 0.5 1.59687900543 0.19742504289 1 Juan  670.9819543609999 0.066 0.263114008924 0.899453962542 1 1 1 0.3 0
238 3 4.5 0 0 9.81 0.5 1.65714502335 0.257691060804 1 Juan  673.68868051 0.066 0.228985116359 0.899453962542 1 1 1 0.3 0
239 3 4.5 0 1 -9.81 0.5 1.48279595375 0.0833419912088 1 Juan  676.4392277260001 0.066 0.417930196327 0.899453962542 1 1 1 0.3 1
240 3 4.5 0 1 9.81 0.5 1.3847091198 -0.014744842745 1 Juan  679.0279320699999 0.066 0.420451173733 0.899453962542 1 1 1 0.3 1
241 4 6 0 0 -9.81 0.5 2.04298496246 0.351429023721 1 Juan  681.531421249 0.066 0.307686918753 1.19155593874 1 1 1 0.3 0
242 4 4.5 0 0 -9.81 0.5 1.67361307144 0.2741591089 1 Juan  684.7002341 0.066 0.25876324945 0.899453962542 1 1 1 0.3 0
243 4 6 0 1 -9.81 0.5 1.78713703156 0.0955810928132 1 Juan  687.5069091060002 0.066 0.572878698409 1.19155593874 1 1 1 0.3 1
244 4 4.5 0 1 9.81 0.5 1.5722720623 0.17281809976 1 Juan  690.4217324389999 0.066 0.408945135896 0.899453962542 1 1 1 0.3 1
245 3 6 0 0 9.81 0.5 1.87127017975 0.179714241007 1 Juan  693.1087799869999 0.066 0.320946773445 1.19155593874 1 1 1 0.3 0
246 3 4.5 0 1 -9.81 0.5 1.54577302933 0.146319066786 1 Juan  696.0593258460001 0.066 0.433431314726 0.899453962542 1 1 1 0.3 1
247 3 6 0 1 9.81 0.5 1.71055102348 0.0189950847413 1 Juan  698.7085851519998 0.066 0.564935452489 1.19155593874 1 1 1 0.3 1
248 3 4.5 0 0 -9.81 0.5 1.50520992279 0.105755960249 1 Juan  701.5440329760002 0.066 0.24452127239 0.899453962542 1 1 1 0.3 0
249 4 6 0 0 9.81 0.5 1.87652111053 0.184965171793 1 Juan  704.1589772340001 0.066 0.327939539289 1.19155593874 1 1 1 0.3 0
250 3 4.5 0 0 9.81 0.5 1.40593719482 0.00648323228242 1 Juan  707.151993793 0.066 0.235511787089 0.899453962542 1 1 1 0.3 0
251 3 6 0 1 -9.81 0.5 1.75047302246 0.058917083719 1 Juan  709.651839114 0.066 0.588351580509 1.19155593874 1 1 1 0.3 1
252 4 4.5 0 0 9.81 0.5 1.53958702087 0.140133058332 1 Juan  712.5328042630001 0.066 0.234216985516 0.899453962542 1 1 1 0.3 0
253 4 4.5 0 1 -9.81 0.5 1.41165208817 0.0121981256235 1 Juan  715.192725184 0.066 0.424244829933 0.899453962542 1 1 1 0.3 1
254 3 6 0 0 -9.81 0.5 1.87564301491 0.184087076166 1 Juan  717.7235857580001 0.066 0.341544858525 1.19155593874 1 1 1 0.3 0
255 4 6 0 1 9.81 0.5 1.75572085381 0.0641649150636 1 Juan  720.701899289 0.066 0.552459196377 1.19155593874 1 1 1 0.3 1
256 4 4.5 0 0 -9.81 0.5 1.37620711327 -0.0232468492758 1 Juan  723.5557862449998 0.066 0.253790168763 0.899453962542 1 1 1 0.3 0
257 4 6 0 0 -9.81 0.5 1.89045000076 0.198894062021 1 Juan  726.0431547750002 0.066 0.327924028136 1.19155593874 1 1 1 0.3 0
258 4 6 0 1 -9.81 0.5 1.8529510498 0.161395111063 1 Juan  729.0334677470003 0.066 0.582230042151 1.19155593874 1 1 1 0.3 1
259 3 6 0 1 9.81 0.5 1.7545170784 0.0629611396577 1 Juan  732.0065081660002 0.066 0.593269251068 1.19155593874 1 1 1 0.3 1
260 3 6 0 0 9.81 0.5 1.82929515839 0.137739219644 1 Juan  734.8646193440002 0.066 0.310185149804 1.19155593874 1 1 1 0.3 0
261 3 4.5 0 0 -9.81 0.5 1.65811896324 0.2586650007 1 Juan  737.8155996910002 0.066 0.255786828225 0.899453962542 1 1 1 0.3 0
262 4 4.5 0 0 9.81 0.5 1.47635817528 0.0769042127359 1 Juan  740.5800416230002 0.066 0.24647612864 0.899453962542 1 1 1 0.3 0
263 4 6 0 1 9.81 0.5 1.81760382652 0.126047887781 1 Juan  743.1700031140001 0.066 0.549497197076 1.19155593874 1 1 1 0.3 1
264 3 4.5 0 1 -9.81 0.5 1.60802102089 0.208567058347 1 Juan  746.0815867459999 0.066 0.435570599331 0.899453962542 1 1 1 0.3 1
265 3 6 0 1 -9.81 0.5 1.75437998772 0.0628240489747 1 Juan  748.7975558989999 0.066 0.555064737213 1.19155593874 1 1 1 0.3 1
266 3 4.5 0 1 9.81 0.5 1.72006487846 0.320610915922 1 Juan  751.6643275260001 0.066 0.438810241948 0.899453962542 1 1 1 0.3 1
267 4 6 0 0 9.81 0.5 1.7929649353 0.101408996561 1 Juan  754.4964724869999 0.066 0.344121380058 1.19155593874 1 1 1 0.3 0
268 4 4.5 0 1 9.81 0.5 1.68282198906 0.283368026518 1 Juan  757.4017651910001 0.066 0.429629504471 0.899453962542 1 1 1 0.3 1
269 4 4.5 0 1 -9.81 0.5 1.67887306213 0.279419099592 1 Juan  760.1974467389998 0.066 0.421325633874 0.899453962542 1 1 1 0.3 1
270 3 6 0 0 -9.81 0.5 2.00160098076 0.310045042017 1 Juan  762.9795527819999 0.066 0.354492756214 1.19155593874 1 1 1 0.3 0
271 3 4.5 0 0 9.81 0.5 1.69981002808 0.300356065534 1 Juan  766.1035468470002 0.066 0.255095145904 0.899453962542 1 1 1 0.3 0
272 3 6 0 1 9.81 0.5 2.1408829689 0.449327030161 1 Juan  768.914408292 0.066 0.590131380265 1.19155593874 1 1 1 0.3 1
273 3 4.5 0 0 9.81 0.5 1.49126005173 0.0918060891855 1 Juan  772.1838032960002 0.066 0.267080999688 0.899453962542 1 1 1 0.3 0
274 4 6 0 1 9.81 0.5 1.78968691826 0.0981309795167 1 Juan  774.7588844590002 0.066 0.579718999198 1.19155593874 1 1 1 0.3 1
275 3 4.5 0 1 9.81 0.5 1.74925208092 0.349798118376 1 Juan  777.6599273170002 0.066 0.445728819275 0.899453962542 1 1 1 0.3 1
276 4 4.5 0 0 -9.81 0.5 1.58858680725 0.189132844709 1 Juan  780.5068822979999 0.066 0.261077352967 0.899453962542 1 1 1 0.3 0
277 3 6 0 0 9.81 0.5 1.82715797424 0.135602035501 1 Juan  783.2017920999999 0.066 0.325265020501 1.19155593874 1 1 1 0.3 0
278 3 6 0 1 -9.81 0.5 1.73099112511 0.0394351863648 1 Juan  786.1241116819999 0.066 0.539984076234 1.19155593874 1 1 1 0.3 1
279 4 6 0 0 -9.81 0.5 1.85020112991 0.158645191171 1 Juan  788.9589047689999 0.066 0.311107449104 1.19155593874 1 1 1 0.3 0
280 4 4.5 0 1 -9.81 0.5 1.59075188637 0.191297923826 1 Juan  791.938436482 0.066 0.448968497216 0.899453962542 1 1 1 0.3 1
281 3 4.5 0 0 -9.81 0.5 2.06944704056 0.669993078016 1 Juan  794.6269944620001 0.066 0.250178879399 0.899453962542 1 1 1 0.3 0
282 4 6 0 0 9.81 0.5 3.9705722332 2.27901629446 1 Juan  797.8071916050001 0.066 0.303882969113 1.19155593874 1 1 1 0.3 0
283 3 6 0 0 -9.81 0.5 1.94007897377 0.248523035028 1 Juan  802.8897271399999 0.066 0.305501320147 1.19155593874 1 1 1 0.3 0
284 3 4.5 0 1 -9.81 0.5 1.44510889053 0.0456549279917 1 Juan  805.9408453200001 0.066 0.440357933478 0.899453962542 1 1 1 0.3 1
285 4 4.5 0 0 9.81 0.5 1.52291893959 0.123464977049 1 Juan  808.498774036 0.066 0.252815586742 0.899453962542 1 1 1 0.3 0
286 4 6 0 1 -9.81 0.5 1.68679213524 -0.00476380350332 1 Juan  811.1316662930001 0.066 0.542341760522 1.19155593874 1 1 1 0.3 1
287 4 4.5 0 1 9.81 0.5 1.38945102692 -0.0100029356253 1 Juan  813.9438324690002 0.066 0.429345767885 0.899453962542 1 1 1 0.3 1
288 4 6 0 0 9.81 0.5 1.85113382339 0.159577884653 1 Juan  816.450504271 0.066 0.332256472522 1.19155593874 1 1 1 0.3 0
289 3 6 0 1 9.81 0.5 1.64911699295 -0.0424389457915 1 Juan  819.3978890000001 0.066 0.581953550109 1.19155593874 1 1 1 0.3 1
290 4 6 0 0 -9.81 0.5 1.72205281258 0.0304968738343 1 Juan  822.1507666069999 0.066 0.338501838499 1.19155593874 1 1 1 0.3 0
291 3 4.5 0 1 -9.81 0.5 1.34292793274 -0.0565260298025 1 Juan  824.9886427270001 0.066 0.439588055204 0.899453962542 1 1 1 0.3 1
292 3 6 0 0 -9.81 0.5 1.84714984894 0.155593910196 1 Juan  827.4543193460001 0.066 0.326834889444 1.19155593874 1 1 1 0.3 0
293 3 4.5 0 0 9.81 0.5 1.5337240696 0.134270107054 1 Juan  830.4178675569999 0.066 0.254339963791 0.899453962542 1 1 1 0.3 0
294 3 6 0 1 -9.81 0.5 1.73050093651 0.0389449977662 1 Juan  833.0591249719998 0.066 0.56668461505 1.19155593874 1 1 1 0.3 1
295 3 4.5 0 0 -9.81 0.5 1.63930988312 0.239855920576 1 Juan  835.9073710760001 0.066 0.245387855746 0.899453962542 1 1 1 0.3 0
296 4 4.5 0 1 -9.81 0.5 1.43276810646 0.0333141439188 1 Juan  838.662658861 0.066 0.437694302616 0.899453962542 1 1 1 0.3 1
297 4 4.5 0 1 9.81 0.5 1.49094510078 0.0914911382425 1 Juan  841.1916956480002 0.066 0.44715098563 0.899453962542 1 1 1 0.3 1
298 4 4.5 0 0 -9.81 0.5 1.5612950325 0.161841069959 1 Juan  843.788737612 0.066 0.262521546878 0.899453962542 1 1 1 0.3 0
299 4 6 0 1 9.81 0.5 1.71922492981 0.0276689910676 1 Juan  846.4668513879999 0.066 0.587997962321 1.19155593874 1 1 1 0.3 1
300 4 4.5 0 0 9.81 0.5 1.62233400345 0.222880040907 1 Juan  849.2774816250001 0.066 0.234926385112 0.899453962542 1 1 1 0.3 0
301 3 4.5 0 1 9.81 0.5 1.51382398605 0.114370023512 1 Juan  852.0070799299999 0.066 0.431053984866 0.899453962542 1 1 1 0.3 1
302 3 6 0 0 9.81 0.5 2.03942108154 0.347865142801 1 Juan  854.6286573989998 0.066 0.309839183597 1.19155593874 1 1 1 0.3 0
303 4 6 0 1 -9.81 0.5 1.75728106499 0.0657251262452 1 Juan  857.7786174810001 0.066 0.558860435559 1.19155593874 1 1 1 0.3 1
304 4 4.5 0 0 9.81 0.5 1.48733711243 0.087883149885 1 Juan  860.6311947850002 0.066 0.253239323922 0.899453962542 1 1 1 0.3 0
305 3 4.5 0 0 -9.81 0.5 1.57432389259 0.174869930052 1 Juan  863.2225021380002 0.066 0.236875284261 0.899453962542 1 1 1 0.3 0
306 4 6 0 1 9.81 0.5 8.95892286301 7.26736692426 1 Juan  874.6753588849999 0.066 0.569411433159 1.19155593874 1 1 1 0.3 1
307 3 4.5 0 0 9.81 0.5 1.65199899673 0.252545034193 1 Juan  875.9344415020003 0.066 0.26078602231 0.899453962542 1 1 1 0.3 0
308 3 4.5 0 1 -9.81 0.5 1.55446887016 0.155014907621 1 Juan  878.684155056 0.066 0.446496262906 0.899453962542 1 1 1 0.3 1
309 4 6 0 1 -9.81 0.5 1.7942237854 0.102667846658 1 Juan  881.3532292870002 0.066 0.570206220813 1.19155593874 1 1 1 0.3 1
310 3 4.5 0 1 9.81 0.5 1.61564302444 0.216189061903 1 Juan  884.2707347369999 0.066 0.428912448528 0.899453962542 1 1 1 0.3 1
311 4 6 0 0 9.81 0.5 1.87870383263 0.187147893884 1 Juan  887.0084077250001 0.066 0.343266825659 1.19155593874 1 1 1 0.3 0
312 3 6 0 1 9.81 0.5 1.99943304062 0.307877101877 1 Juan  889.9811153580001 0.066 0.557713222629 1.19155593874 1 1 1 0.3 1
313 3 6 0 0 9.81 0.5 1.87696194649 0.185406007745 1 Juan  893.0865404980002 0.066 0.354681031301 1.19155593874 1 1 1 0.3 0
314 4 4.5 0 0 -9.81 0.5 1.54186797142 0.142414008878 1 Juan  896.0694911749999 0.066 0.227480548933 0.899453962542 1 1 1 0.3 0
315 4 4.5 0 1 9.81 0.5 1.43589401245 0.0364400499094 1 Juan  898.7153872689998 0.066 0.418147622461 0.899453962542 1 1 1 0.3 1
316 3 6 0 1 -9.81 0.5 1.65502691269 -0.0365290260528 1 Juan  901.2450842549999 0.066 0.581914109186 1.19155593874 1 1 1 0.3 1
317 4 4.5 0 1 -9.81 0.5 1.38837790489 -0.0110760576498 1 Juan  904.0100206690001 0.066 0.446522753365 0.899453962542 1 1 1 0.3 1
318 4 6 0 0 -9.81 0.5 1.7646818161 0.0731258773591 1 Juan  906.5157880580002 0.066 0.351271449548 1.19155593874 1 1 1 0.3 0
319 3 6 0 0 -9.81 0.5 1.83748888969 0.145932950952 1 Juan  909.3963117199999 0.066 0.331814765004 1.19155593874 1 1 1 0.3 0
320 3 6 0 1 9.81 0.5 1.72316598892 0.0316100501802 1 Juan  912.3366668599999 0.066 0.537500917589 1.19155593874 1 1 1 0.3 1
321 4 6 0 0 9.81 0.5 1.77477788925 0.0832219505097 1 Juan  915.1683698439999 0.066 0.300910384434 1.19155593874 1 1 1 0.3 0
322 4 6 0 1 9.81 0.5 1.79577302933 0.104217090585 1 Juan  918.057343576 0.066 0.560351743049 1.19155593874 1 1 1 0.3 1
323 3 6 0 0 -9.81 0.5 1.78261613846 0.0910601997163 1 Juan  920.964753598 0.066 0.298875521036 1.19155593874 1 1 1 0.3 0
324 4 4.5 0 1 9.81 0.5 1.52602386475 0.126569902204 1 Juan  923.874125603 0.066 0.446093091231 0.899453962542 1 1 1 0.3 1
325 3 6 0 0 9.81 0.5 1.81600999832 0.12445405958 1 Juan  926.4929335859999 0.066 0.346501202404 1.19155593874 1 1 1 0.3 0
326 4 4.5 0 0 9.81 0.5 1.61453390121 0.215079938673 1 Juan  929.4277315850002 0.066 0.240201969902 0.899453962542 1 1 1 0.3 0
327 4 4.5 0 0 -9.81 0.5 1.5091240406 0.109670078062 1 Juan  932.1521899400002 0.066 0.263984439321 0.899453962542 1 1 1 0.3 0
328 4 4.5 0 1 -9.81 0.5 1.37193608284 -0.0275178797018 1 Juan  934.796826088 0.066 0.423287445642 0.899453962542 1 1 1 0.3 1
329 3 6 0 1 -9.81 0.5 1.77864718437 0.08709124563 1 Juan  937.2928682869999 0.066 0.555928167649 1.19155593874 1 1 1 0.3 1
330 4 6 0 1 -9.81 0.5 1.72133207321 0.0297761344697 1 Juan  940.1825874670001 0.066 0.546440729111 1.19155593874 1 1 1 0.3 1
331 3 4.5 0 1 9.81 0.5 1.48049783707 0.0810438745249 1 Juan  943.0354196000001 0.066 0.435767312362 0.899453962542 1 1 1 0.3 1
332 3 4.5 0 0 9.81 0.5 1.56251811981 0.16306415727 1 Juan  945.634465928 0.066 0.269478653395 0.899453962542 1 1 1 0.3 0
333 3 4.5 0 0 -9.81 0.5 1.63973689079 0.240282928251 1 Juan  948.3071286770003 0.066 0.252286742374 0.899453962542 1 1 1 0.3 0
334 3 4.5 0 1 -9.81 0.5 1.60526013374 0.205806171201 1 Juan  951.058981082 0.066 0.439866521415 0.899453962542 1 1 1 0.3 1
335 4 6 0 0 -9.81 0.5 1.77408099174 0.082525053003 1 Juan  953.7708276999999 0.066 0.336971166749 1.19155593874 1 1 1 0.3 0
336 3 6 0 0 9.81 0.5 1.96964597702 0.278090038278 1 Juan  956.6657818870001 0.066 0.30126091492 1.19155593874 1 1 1 0.3 0
337 4 4.5 0 0 -9.81 0.5 1.63749694824 0.2380429857 1 Juan  959.7415398230003 0.066 0.267969573557 0.899453962542 1 1 1 0.3 0
338 4 6 0 0 9.81 0.5 1.83326482773 0.141708888986 1 Juan  962.490445873 0.066 0.352694475169 1.19155593874 1 1 1 0.3 0
339 4 6 0 1 -9.81 0.5 1.8316988945 0.140142955759 1 Juan  965.441632581 0.066 0.590357615025 1.19155593874 1 1 1 0.3 1
340 3 6 0 0 -9.81 0.5 1.83740186691 0.145845928171 1 Juan  968.382349489 0.066 0.332297761886 1.19155593874 1 1 1 0.3 0
341 3 4.5 0 1 9.81 0.5 1.57806682587 0.178612863325 1 Juan  971.3200920370002 0.066 0.426435786174 0.899453962542 1 1 1 0.3 1
342 4 6 0 1 9.81 0.5 1.92289710045 0.231341161707 1 Juan  974.026210404 0.066 0.588742779247 1.19155593874 1 1 1 0.3 1
343 4 4.5 0 1 -9.81 0.5 1.52709507942 0.12764111688 1 Juan  977.0562637109999 0.066 0.448092294446 0.899453962542 1 1 1 0.3 1
344 3 4.5 0 0 9.81 0.5 1.50743412971 0.107980167173 1 Juan  979.699287397 0.066 0.240452487704 0.899453962542 1 1 1 0.3 0
345 4 6 0 0 -9.81 0.5 1.97083902359 0.279283084848 1 Juan  982.3184095160002 0.066 0.320298160753 1.19155593874 1 1 1 0.3 0
346 4 4.5 0 0 9.81 0.5 1.53312397003 0.13367000749 1 Juan  985.4153285610003 0.066 0.245174898953 0.899453962542 1 1 1 0.3 0
347 4 4.5 0 1 9.81 0.5 1.3877248764 -0.011729086138 1 Juan  988.0559069500002 0.066 0.437862686844 0.899453962542 1 1 1 0.3 1
348 3 6 0 1 -9.81 0.5 1.85854411125 0.16698817251 1 Juan  990.5500447530001 0.066 0.555837158469 1.19155593874 1 1 1 0.3 1
349 3 4.5 0 0 -9.81 0.5 1.52264094353 0.123186980985 1 Juan  993.5129681390001 0.066 0.266458161712 0.899453962542 1 1 1 0.3 0
350 3 6 0 1 9.81 0.5 1.96134400368 0.269788064935 1 Juan  996.1618186880003 0.066 0.564416746232 1.19155593874 1 1 1 0.3 1
351 3 4.5 0 1 -9.81 0.5 1.34112000465 -0.0583339578879 1 Juan  999.2288312429998 0.066 0.408337805162 0.899453962542 1 1 1 0.3 1
352 4 6 0 0 -9.81 0.5 1.96500897408 0.273453035333 1 Juan  1001.6807535240002 0.066 0.327995030787 1.19155593874 1 1 1 0.3 0
353 3 6 0 1 -9.81 0.5 1.63932013512 -0.0522358036254 1 Juan  1004.7595427889999 0.066 0.588117985076 1.19155593874 1 1 1 0.3 1
354 3 4.5 0 1 9.81 0.5 1.48282885551 0.0833748929727 1 Juan  1007.5193779670001 0.066 0.439614654635 0.899453962542 1 1 1 0.3 1
355 4 4.5 0 0 9.81 0.5 1.5153901577 0.115936195158 1 Juan  1010.1075721640002 0.066 0.254602062671 0.899453962542 1 1 1 0.3 0
356 4 4.5 0 0 -9.81 0.5 1.49100899696 0.0915550344217 1 Juan  1012.7413381670001 0.066 0.242384803738 0.899453962542 1 1 1 0.3 0
357 4 6 0 1 9.81 0.5 1.718323946 0.0267680072572 1 Juan  1015.3418379719999 0.066 0.542715926078 1.19155593874 1 1 1 0.3 1
358 3 4.5 0 0 -9.81 0.5 1.63403201103 0.23457804849 1 Juan  1018.1637887190002 0.066 0.233636927223 0.899453962542 1 1 1 0.3 0
359 3 6 0 1 9.81 0.5 1.87169885635 0.180142917612 1 Juan  1020.9285692350002 0.066 0.592030383834 1.19155593874 1 1 1 0.3 1
360 3 4.5 0 1 -9.81 0.5 1.50790596008 0.108451997541 1 Juan  1023.9084303360003 0.066 0.447537380091 0.899453962542 1 1 1 0.3 1
361 3 6 0 0 -9.81 0.5 1.76613092422 0.0745749854829 1 Juan  1026.523894756 0.066 0.309506458173 1.19155593874 1 1 1 0.3 0
362 3 6 0 0 9.81 0.5 1.91746997833 0.225914039591 1 Juan  1029.411900536 0.066 0.314648409834 1.19155593874 1 1 1 0.3 0
363 4 4.5 0 1 -9.81 0.5 1.50656700134 0.107113038801 1 Juan  1032.4378700710001 0.066 0.417349857778 0.899453962542 1 1 1 0.3 1
364 3 4.5 0 0 9.81 0.5 1.64561200142 0.246158038877 1 Juan  1035.052763888 0.066 0.233215817454 0.899453962542 1 1 1 0.3 0
365 4 6 0 1 -9.81 0.5 1.83590698242 0.14435104368 1 Juan  1037.8198253829999 0.066 0.588925389389 1.19155593874 1 1 1 0.3 1
366 4 6 0 0 9.81 0.5 1.83030509949 0.138749160745 1 Juan  1040.760676649 0.066 0.351670680825 1.19155593874 1 1 1 0.3 0
367 4 4.5 0 1 9.81 0.5 1.57853007317 0.179076110624 1 Juan  1043.7072422859999 0.066 0.425259071681 0.899453962542 1 1 1 0.3 1
368 4 6 0 0 9.81 0.5 1.82869505882 0.137139120081 1 Juan  1046.4176604299998 0.066 0.300414295141 1.19155593874 1 1 1 0.3 0
369 3 4.5 0 0 -9.81 0.5 1.51632881165 0.116874849104 1 Juan  1049.379170378 0.066 0.267324868216 0.899453962542 1 1 1 0.3 0
370 4 4.5 0 0 -9.81 0.5 1.48414897919 0.0846950166452 1 Juan  1052.013532915 0.066 0.262783531821 0.899453962542 1 1 1 0.3 0
371 4 4.5 0 0 9.81 0.5 1.63182711601 0.232373153471 1 Juan  1054.5935886620002 0.066 0.249035864042 0.899453962542 1 1 1 0.3 0
372 4 4.5 0 1 -9.81 0.5 1.56796097755 0.168507015013 1 Juan  1057.3387411259998 0.066 0.416084004272 0.899453962542 1 1 1 0.3 1
373 3 4.5 0 1 -9.81 0.5 1.42602300644 0.0265690438974 1 Juan  1060.024943781 0.066 0.447616325471 0.899453962542 1 1 1 0.3 1
374 3 6 0 0 9.81 0.5 1.82866597176 0.137110033014 1 Juan  1062.5641334600002 0.066 0.311672297421 1.19155593874 1 1 1 0.3 0
375 3 4.5 0 0 9.81 0.5 1.6214029789 0.221949016355 1 Juan  1065.519073831 0.066 0.24206354682 0.899453962542 1 1 1 0.3 0
376 3 6 0 1 -9.81 0.5 1.86105489731 0.169498958566 1 Juan  1068.2565540849998 0.066 0.571312742188 1.19155593874 1 1 1 0.3 1
377 4 6 0 0 -9.81 0.5 1.83444285393 0.142886915186 1 Juan  1071.2256525220002 0.066 0.333734530161 1.19155593874 1 1 1 0.3 0
378 3 6 0 0 -9.81 0.5 2.00118803978 0.309632101038 1 Juan  1074.149017134 0.066 0.355293537098 1.19155593874 1 1 1 0.3 0
379 4 6 0 1 -9.81 0.5 1.82347607613 0.131920137384 1 Juan  1077.275360511 0.066 0.581044872147 1.19155593874 1 1 1 0.3 1
380 4 6 0 1 9.81 0.5 1.87811493874 0.186558999994 1 Juan  1080.2223726160003 0.066 0.541008407219 1.19155593874 1 1 1 0.3 1
381 4 4.5 0 1 9.81 0.5 1.34392595291 -0.0555280096304 1 Juan  1083.219887031 0.066 0.426635945674 0.899453962542 1 1 1 0.3 1
382 3 6 0 1 9.81 0.5 1.94517397881 0.253618040064 1 Juan  1085.673095726 0.066 0.559125245802 1.19155593874 1 1 1 0.3 1
383 3 4.5 0 1 9.81 0.5 1.52276301384 0.123309051298 1 Juan  1088.7320717320001 0.066 0.429829540686 0.899453962542 1 1 1 0.3 1
