trial vx vy vz LongOcclusion g timeStill rTime TemporalError environment id pupiltime IOD OccludedTimeOfTrajectory FlightDuration Drag DragFirst block accuracy LongOcclusion
0 3 6 0 0 8.3385 0.5 2.25427699089 0.358761592894 1 bjorn  2.0472953030002827 0.065 0.407195409352 1.395515398 1 1 1 0.27 0
1 4 4.5 0 0 6.867 0.5 2.25427699089 0.358761592894 1 bjorn  2.0472953030002827 0.065 0.407195409352 1.395515398 1 1 1 0.27 0
2 4 4.5 0 1 9.81 0.5 1.41999220848 0.020538245939 1 bjorn  5.403574222000316 0.065 0.419231725071 0.899453962542 1 1 1 0.27 1
3 3 4.5 0 1 8.3385 0.5 1.57357597351 0.019013744456 1 bjorn  7.9291246159991715 0.065 0.512871090955 1.05456222905 1 1 1 0.27 1
4 3 6 0 1 12.753 0.5 1.40093398094 -0.021122706881 1 bjorn  10.599060528000336 0.065 0.439587542671 0.922056687823 1 1 1 0.27 1
5 3 4.5 0 0 11.2815 0.5 1.33943390846 0.0553072215008 1 bjorn  13.106168619999153 0.065 0.215334658583 0.784126686962 1 1 1 0.27 0
6 3 4.5 0 0 9.81 0.5 1.41341090202 0.0139569394815 1 bjorn  15.549206707999474 0.065 0.257548627224 0.899453962542 1 1 1 0.27 0
7 3 6 0 0 11.2815 0.5 1.50117993355 -0.0384419560703 1 bjorn  18.075875307999013 0.065 0.292108260239 1.03962188962 1 1 1 0.27 0
8 4 6 0 0 9.81 0.5 1.6488070488 -0.0427488899444 1 bjorn  20.66948433499965 0.065 0.327841441056 1.19155593874 1 1 1 0.27 0
9 3 6 0 1 8.3385 0.5 1.86218595505 -0.0333294429485 1 bjorn  23.427691156999572 0.065 0.647371453655 1.395515398 1 1 1 0.27 1
10 3 6 0 1 6.867 0.5 2.13076901436 -0.052987973217 1 bjorn  26.37503751999975 0.065 0.807899764577 1.68375698758 1 1 1 0.27 1
11 3 6 0 0 12.753 0.5 1.50418400764 0.0821273198218 1 bjorn  29.612081969000428 0.065 0.261904627913 0.922056687823 1 1 1 0.27 0
12 4 6 0 1 9.81 0.5 1.66709589958 -0.0244600391601 1 bjorn  32.21916453099948 0.065 0.541561268251 1.19155593874 1 1 1 0.27 1
13 4 4.5 0 0 12.753 0.5 1.19194817543 -0.0030665616971 1 bjorn  34.99548422099906 0.065 0.182904405689 0.695014737127 1 1 1 0.27 0
14 3 4.5 0 1 12.753 0.5 1.22983288765 0.0348181505221 1 bjorn  37.29748679600016 0.065 0.322049300994 0.695014737127 1 1 1 0.27 1
15 3 4.5 0 1 9.81 0.5 1.39962506294 0.000171100400709 1 bjorn  39.623937132999345 0.065 0.412138335931 0.899453962542 1 1 1 0.27 1
16 3 4.5 0 1 6.867 0.5 1.69973397255 -0.0745969022697 1 bjorn  42.120015418999174 0.065 0.625533858137 1.27433087482 1 1 1 0.27 1
17 3 4.5 0 1 11.2815 0.5 1.3103260994 0.026199412434 1 bjorn  44.91969883799902 0.065 0.353124520401 0.784126686962 1 1 1 0.27 1
18 3 4.5 0 0 12.753 0.5 1.24991893768 0.0549042005557 1 bjorn  47.355753354000626 0.065 0.187063819852 0.695014737127 1 1 1 0.27 0
19 4 4.5 0 1 6.867 0.5 1.75346302986 -0.0208678449577 1 bjorn  49.70335223099937 0.065 0.584913544417 1.27433087482 1 1 1 0.27 1
20 3 6 0 0 6.867 0.5 2.24366807938 0.0599110918007 1 bjorn  52.55015783199997 0.065 0.484508955739 1.68375698758 1 1 1 0.27 0
21 4 6 0 0 6.867 0.5 2.44140601158 0.257649024006 1 bjorn  55.900906095999744 0.065 0.457634594508 1.68375698758 1 1 1 0.27 0
22 4 6 0 1 12.753 0.5 1.47814011574 0.0560834279151 1 bjorn  59.444655729999795 0.065 0.456031185613 0.922056687823 1 1 1 0.27 1
23 3 6 0 0 9.81 0.5 1.64716291428 -0.0443930244658 1 bjorn  62.02901426999961 0.065 0.338382856363 1.19155593874 1 1 1 0.27 0
24 4 6 0 1 6.867 0.5 2.01480102539 -0.168955962185 1 bjorn  64.78689915699943 0.065 0.837803010402 1.68375698758 1 1 1 0.27 1
25 4 4.5 0 1 12.753 0.5 1.22483110428 0.0298163671512 1 bjorn  67.90504445599981 0.065 0.323875975228 0.695014737127 1 1 1 0.27 1
26 4 6 0 0 12.753 0.5 1.47980809212 0.0577514042945 1 bjorn  70.23739897199994 0.065 0.251566072819 0.922056687823 1 1 1 0.27 0
27 4 4.5 0 0 8.3385 0.5 1.59043192863 0.0358696995799 1 bjorn  72.81858703499893 0.065 0.296957857885 1.05456222905 1 1 1 0.27 0
28 4 4.5 0 1 8.3385 0.5 1.57134985924 0.0167876301829 1 bjorn  75.5166425440002 0.065 0.49890375833 1.05456222905 1 1 1 0.27 1
29 4 4.5 0 1 11.2815 0.5 1.30800199509 0.023875308125 1 bjorn  78.194569072999 0.065 0.36749723272 0.784126686962 1 1 1 0.27 1
30 4 6 0 0 8.3385 0.5 1.92948389053 0.0339684925374 1 bjorn  80.60685743400063 0.065 0.399101978638 1.395515398 1 1 1 0.27 0
31 3 4.5 0 0 8.3385 0.5 1.55408596992 -0.000476259129836 1 bjorn  83.63487337600054 0.065 0.306696479268 1.05456222905 1 1 1 0.27 0
32 3 4.5 0 0 6.867 0.5 1.75918889046 -0.015141984362 1 bjorn  86.29424533199926 0.065 0.349442364397 1.27433087482 1 1 1 0.27 0
33 4 6 0 1 11.2815 0.5 1.66122198105 0.12160009143 1 bjorn  89.16948209399925 0.065 0.492054975772 1.03962188962 1 1 1 0.27 1
34 4 6 0 1 8.3385 0.5 1.84601593018 -0.0494994678203 1 bjorn  91.93862333700054 0.065 0.673462048205 1.395515398 1 1 1 0.27 1
35 4 6 0 0 11.2815 0.5 1.50191497803 -0.0377069115909 1 bjorn  94.88373415800015 0.065 0.276725313064 1.03962188962 1 1 1 0.27 0
36 4 4.5 0 0 9.81 0.5 1.39551496506 -0.00393899748442 1 bjorn  97.5013445250006 0.065 0.235446640151 0.899453962542 1 1 1 0.27 0
37 3 6 0 1 11.2815 0.5 1.48601794243 -0.0536039471896 1 bjorn  99.99281983400033 0.065 0.517302925108 1.03962188962 1 1 1 0.27 1
38 4 4.5 0 0 11.2815 0.5 1.27457904816 -0.00954763880498 1 bjorn  102.56597988800058 0.065 0.207940433745 0.784126686962 1 1 1 0.27 0
39 3 6 0 1 9.81 0.5 1.7133898735 0.0218339347627 1 bjorn  104.95030427600068 0.065 0.565647596113 1.19155593874 1 1 1 0.27 1
40 4 6 0 1 9.81 0.5 1.71741318703 0.025857248285 1 bjorn  107.77953872099897 0.065 0.568018457082 1.19155593874 1 1 1 0.27 1
41 3 6 0 0 11.2815 0.5 1.7704000473 0.230778157684 1 bjorn  110.60553735999929 0.065 0.293774983407 1.03962188962 1 1 1 0.27 0
42 3 4.5 0 0 9.81 0.5 1.42402100563 0.0245670430887 1 bjorn  113.48369877299956 0.065 0.242039247766 0.899453962542 1 1 1 0.27 0
43 3 4.5 0 1 8.3385 0.5 1.57994198799 0.0253797589366 1 bjorn  115.99765556800048 0.065 0.506961853671 1.05456222905 1 1 1 0.27 1
44 4 4.5 0 0 9.81 0.5 1.35590291023 -0.0435510523093 1 bjorn  118.6690969629999 0.065 0.248241026714 0.899453962542 1 1 1 0.27 0
45 3 4.5 0 0 6.867 0.5 1.7314350605 -0.0428958143181 1 bjorn  121.13593978599965 0.065 0.339170751746 1.27433087482 1 1 1 0.27 0
46 3 6 0 1 8.3385 0.5 1.92565107346 0.0301356754597 1 bjorn  123.96192630599944 0.065 0.659511706921 1.395515398 1 1 1 0.27 1
47 3 6 0 1 11.2815 0.5 1.46940994263 -0.0702119469913 1 bjorn  126.98888172499937 0.065 0.480818226503 1.03962188962 1 1 1 0.27 1
48 4 6 0 0 11.2815 0.5 1.52599191666 -0.0136299729617 1 bjorn  129.57069412700002 0.065 0.299745230223 1.03962188962 1 1 1 0.27 0
49 3 4.5 0 0 8.3385 0.5 1.50257706642 -0.0519851626333 1 bjorn  132.1956532130007 0.065 0.286506472818 1.05456222905 1 1 1 0.27 0
50 4 4.5 0 1 9.81 0.5 1.33090305328 -0.0685509092581 1 bjorn  134.807927079999 0.065 0.422140622098 0.899453962542 1 1 1 0.27 1
51 4 6 0 1 12.753 0.5 1.49609184265 0.0740351548286 1 bjorn  137.24190723399988 0.065 0.43086143599 0.922056687823 1 1 1 0.27 1
52 3 6 0 1 9.81 0.5 1.67094779015 -0.0206081485961 1 bjorn  139.8446870709995 0.065 0.578686308441 1.19155593874 1 1 1 0.27 1
53 4 6 0 1 8.3385 0.5 1.92184710503 0.0263317070302 1 bjorn  142.62678225299896 0.065 0.663415330603 1.395515398 1 1 1 0.27 1
54 4 4.5 0 1 6.867 0.5 1.62092399597 -0.153406878847 1 bjorn  145.63759710399972 0.065 0.602865208126 1.27433087482 1 1 1 0.27 1
55 3 4.5 0 1 6.867 0.5 1.64811396599 -0.126216908831 1 bjorn  148.36771724199934 0.065 0.599988232278 1.27433087482 1 1 1 0.27 1
56 4 4.5 0 1 12.753 0.5 1.21335411072 0.0183393735904 1 bjorn  151.11220469 0.065 0.342286261443 0.695014737127 1 1 1 0.27 1
57 3 6 0 0 8.3385 0.5 1.88426613808 -0.0112492599193 1 bjorn  153.44105702600064 0.065 0.37549440611 1.395515398 1 1 1 0.27 0
58 4 6 0 0 6.867 0.5 2.28899216652 0.105235178944 1 bjorn  156.43913205699937 0.065 0.458913448999 1.68375698758 1 1 1 0.27 0
59 4 4.5 0 1 11.2815 0.5 1.26364922523 -0.0204774617267 1 bjorn  159.81407332799972 0.065 0.353195392429 0.784126686962 1 1 1 0.27 1
60 4 6 0 1 11.2815 0.5 1.50724601746 -0.0323758721622 1 bjorn  162.17536631800067 0.065 0.487056764074 1.03962188962 1 1 1 0.27 1
61 4 6 0 0 8.3385 0.5 1.99617886543 0.100663467437 1 bjorn  164.78755454299971 0.065 0.402303166467 1.395515398 1 1 1 0.27 0
62 3 4.5 0 1 12.753 0.5 1.21764612198 0.0226313848514 1 bjorn  167.90065827599938 0.065 0.32841075892 0.695014737127 1 1 1 0.27 1
63 4 6 0 1 6.867 0.5 2.30672192574 0.12296493816 1 bjorn  170.23018544600018 0.065 0.766870311793 1.68375698758 1 1 1 0.27 1
64 3 6 0 0 9.81 0.5 1.59929800034 -0.0922579384063 1 bjorn  173.63098324800012 0.065 0.33953153973 1.19155593874 1 1 1 0.27 0
65 4 6 0 0 9.81 0.5 1.69783711433 0.00628117559214 1 bjorn  176.32655359099954 0.065 0.306987168954 1.19155593874 1 1 1 0.27 0
66 3 6 0 1 6.867 0.5 2.22693419456 0.0431772069893 1 bjorn  179.1368505169994 0.065 0.814574936545 1.68375698758 1 1 1 0.27 1
67 4 6 0 0 12.753 0.5 1.4195959568 -0.00246073102044 1 bjorn  182.4542178699994 0.065 0.266618145422 0.922056687823 1 1 1 0.27 0
68 4 4.5 0 0 11.2815 0.5 1.36002016068 0.0758934737133 1 bjorn  184.97850258700055 0.065 0.226518282972 0.784126686962 1 1 1 0.27 0
69 3 4.5 0 1 9.81 0.5 1.59996509552 0.200511132978 1 bjorn  187.4495549479998 0.065 0.418110145612 0.899453962542 1 1 1 0.27 1
70 4 4.5 0 0 6.867 0.5 1.68185019493 -0.0924806798881 1 bjorn  190.15908820799996 0.065 0.324146692037 1.27433087482 1 1 1 0.27 0
71 4 4.5 0 0 8.3385 0.5 1.59895896912 0.0443967400614 1 bjorn  192.95237090999944 0.065 0.270255227577 1.05456222905 1 1 1 0.27 0
72 3 4.5 0 0 11.2815 0.5 1.37587809563 0.0917514086651 1 bjorn  195.65498518300046 0.065 0.206006212978 0.784126686962 1 1 1 0.27 0
73 3 6 0 0 6.867 0.5 2.1769118309 -0.00684515667344 1 bjorn  198.1420922289999 0.065 0.424182687411 1.68375698758 1 1 1 0.27 0
74 3 4.5 0 1 11.2815 0.5 1.36064195633 0.0765152693676 1 bjorn  201.40776843599997 0.065 0.361801946044 0.784126686962 1 1 1 0.27 1
75 4 4.5 0 0 12.753 0.5 1.32299590111 0.12798116398 1 bjorn  203.87136593700052 0.065 0.208261091423 0.695014737127 1 1 1 0.27 0
76 3 6 0 1 12.753 0.5 1.43552708626 0.0134703984351 1 bjorn  206.30393445899972 0.065 0.422775840584 0.922056687823 1 1 1 0.27 1
77 3 4.5 0 0 12.753 0.5 1.25353002548 0.0585152883548 1 bjorn  208.82961953300037 0.065 0.188057226589 0.695014737127 1 1 1 0.27 0
78 3 6 0 0 12.753 0.5 1.43649315834 0.0144364705176 1 bjorn  211.1955028350003 0.065 0.261468006294 0.922056687823 1 1 1 0.27 0
79 4 4.5 0 1 8.3385 0.5 1.44069910049 -0.11386312856 1 bjorn  213.73148173899972 0.065 0.48728790105 1.05456222905 1 1 1 0.27 1
80 3 4.5 0 0 11.2815 0.5 1.30385804176 0.0197313548016 1 bjorn  216.27170286 0.065 0.2282579865 0.784126686962 1 1 1 0.27 0
81 3 6 0 0 9.81 0.5 1.69648885727 0.00493291852732 1 bjorn  218.6877103629995 0.065 0.303972745601 1.19155593874 1 1 1 0.27 0
82 4 4.5 0 0 6.867 0.5 1.71677613258 -0.0575547422355 1 bjorn  221.4940969069994 0.065 0.373009379236 1.27433087482 1 1 1 0.27 0
83 4 4.5 0 1 12.753 0.5 1.19918298721 0.00416825008574 1 bjorn  224.3198404119994 0.065 0.337428250276 0.695014737127 1 1 1 0.27 1
84 4 6 0 0 8.3385 0.5 1.86224102974 -0.0332743682567 1 bjorn  226.62355471199953 0.065 0.404310899205 1.395515398 1 1 1 0.27 0
85 3 6 0 1 6.867 0.5 2.12707805634 -0.0566789312401 1 bjorn  229.5894007370007 0.065 0.788396504461 1.68375698758 1 1 1 0.27 1
86 3 4.5 0 0 8.3385 0.5 1.52254509926 -0.0320171297963 1 bjorn  232.82706968099956 0.065 0.315702792654 1.05456222905 1 1 1 0.27 0
87 3 4.5 0 0 6.867 0.5 1.67076802254 -0.103562852282 1 bjorn  235.45488762099922 0.065 0.332384544423 1.27433087482 1 1 1 0.27 0
88 4 4.5 0 0 8.3385 0.5 1.47248983383 -0.082072395223 1 bjorn  238.22349811200002 0.065 0.279500676281 1.05456222905 1 1 1 0.27 0
89 3 6 0 1 12.753 0.5 1.48220396042 0.0601472725959 1 bjorn  240.78858424700047 0.065 0.428771303206 0.922056687823 1 1 1 0.27 1
90 3 4.5 0 1 6.867 0.5 1.68170189857 -0.0926289762443 1 bjorn  243.38130188499963 0.065 0.633727774655 1.27433087482 1 1 1 0.27 1
91 3 6 0 1 8.3385 0.5 1.81931400299 -0.0762013950053 1 bjorn  246.17079380999894 0.065 0.639951885608 1.395515398 1 1 1 0.27 1
92 4 4.5 0 0 11.2815 0.5 1.30374693871 0.0196202517437 1 bjorn  249.07870467199973 0.065 0.229767293342 0.784126686962 1 1 1 0.27 0
93 4 6 0 0 9.81 0.5 1.65429997444 -0.0372559643004 1 bjorn  251.4889871129999 0.065 0.307702922918 1.19155593874 1 1 1 0.27 0
94 4 6 0 1 8.3385 0.5 1.81432795525 -0.0811874427501 1 bjorn  254.2264207520002 0.065 0.685544910542 1.395515398 1 1 1 0.27 1
95 4 4.5 0 0 12.753 0.5 1.20496892929 0.00995419216337 1 bjorn  257.1335715719997 0.065 0.185748856923 0.695014737127 1 1 1 0.27 0
96 4 6 0 1 6.867 0.5 2.40785098076 0.224093993183 1 bjorn  259.4334624160001 0.065 0.773783621469 1.68375698758 1 1 1 0.27 1
97 3 4.5 0 1 12.753 0.5 1.20309996605 0.00808522892179 1 bjorn  262.95786416199917 0.065 0.315187123258 0.695014737127 1 1 1 0.27 1
98 4 4.5 0 1 8.3385 0.5 1.48493003845 -0.0696321906026 1 bjorn  265.26161900199986 0.065 0.500275559324 1.05456222905 1 1 1 0.27 1
99 3 6 0 0 12.753 0.5 1.42320084572 0.00114415789558 1 bjorn  267.83456040499914 0.065 0.265003579516 0.922056687823 1 1 1 0.27 0
100 3 4.5 0 1 8.3385 0.5 1.55736494064 0.00280271158855 1 bjorn  270.34824787099933 0.065 0.518475700781 1.05456222905 1 1 1 0.27 1
101 4 4.5 0 1 6.867 0.5 1.7478749752 -0.0264558996147 1 bjorn  273.01636256299935 0.065 0.619667367449 1.27433087482 1 1 1 0.27 1
102 3 6 0 0 6.867 0.5 2.18369102478 -6.59627952651e-05 1 bjorn  275.8724917979998 0.065 0.433431467903 1.68375698758 1 1 1 0.27 0
103 4 6 0 0 6.867 0.5 2.31476402283 0.131007035252 1 bjorn  279.1653941599998 0.065 0.498421987248 1.68375698758 1 1 1 0.27 0
104 4 6 0 0 12.753 0.5 1.4567990303 0.0347423424811 1 bjorn  282.57540895700004 0.065 0.273377564887 0.922056687823 1 1 1 0.27 0
105 4 6 0 0 11.2815 0.5 1.53890585899 -0.000716030624699 1 bjorn  285.1527383600005 0.065 0.262535423742 1.03962188962 1 1 1 0.27 0
106 4 4.5 0 0 9.81 0.5 1.35920405388 -0.040249908663 1 bjorn  287.78974952499993 0.065 0.244921848353 0.899453962542 1 1 1 0.27 0
107 4 4.5 0 1 11.2815 0.5 1.26401400566 -0.0201126813007 1 bjorn  290.2621588990005 0.065 0.356113477758 0.784126686962 1 1 1 0.27 1
108 3 6 0 1 11.2815 0.5 1.56780219078 0.0281803011624 1 bjorn  292.6292805159992 0.065 0.488789777926 1.03962188962 1 1 1 0.27 1
109 3 6 0 0 11.2815 0.5 1.69158792496 0.151966035339 1 bjorn  295.3153943769994 0.065 0.295092096119 1.03962188962 1 1 1 0.27 0
110 4 6 0 1 9.81 0.5 1.58446383476 -0.107092103979 1 bjorn  298.1088019710005 0.065 0.54757722034 1.19155593874 1 1 1 0.27 1
111 3 6 0 1 9.81 0.5 1.69358992577 0.00203398702403 1 bjorn  300.80345561600006 0.065 0.593174309481 1.19155593874 1 1 1 0.27 1
112 3 4.5 0 0 12.753 0.5 1.23203396797 0.0370192308444 1 bjorn  303.61115701000017 0.065 0.177798220849 0.695014737127 1 1 1 0.27 0
113 4 4.5 0 1 9.81 0.5 1.37665200233 -0.0228019602072 1 bjorn  305.93093577699983 0.065 0.427977609164 0.899453962542 1 1 1 0.27 1
114 3 4.5 0 0 9.81 0.5 1.37477183342 -0.024682129122 1 bjorn  308.4001325749996 0.065 0.241401680542 0.899453962542 1 1 1 0.27 0
115 3 4.5 0 1 11.2815 0.5 1.27012515068 -0.0140015362812 1 bjorn  310.8612779649993 0.065 0.368432771941 0.784126686962 1 1 1 0.27 1
116 3 6 0 0 8.3385 0.5 2.03762102127 0.142105623275 1 bjorn  313.2224625510007 0.065 0.370364038839 1.395515398 1 1 1 0.27 0
117 4 6 0 1 12.753 0.5 1.42038297653 -0.00167371129083 1 bjorn  316.37012625699936 0.065 0.447583587929 0.922056687823 1 1 1 0.27 1
118 3 4.5 0 1 9.81 0.5 1.44725799561 0.0478040330637 1 bjorn  318.9028768900007 0.065 0.40577175015 0.899453962542 1 1 1 0.27 1
119 4 6 0 1 11.2815 0.5 1.4737329483 -0.065888941315 1 bjorn  321.46925836899936 0.065 0.490462343023 1.03962188962 1 1 1 0.27 1
120 4 6 0 0 12.753 0.5 1.40445303917 -0.0176036486535 1 bjorn  324.0510077910003 0.065 0.274838029619 0.922056687823 1 1 1 0.27 0
121 3 6 0 1 11.2815 0.5 1.48924303055 -0.0503788590701 1 bjorn  326.5640571339991 0.065 0.478812086395 1.03962188962 1 1 1 0.27 1
122 4 6 0 0 6.867 0.5 2.19329404831 0.00953706073379 1 bjorn  329.151939763 0.065 0.50029126773 1.68375698758 1 1 1 0.27 0
123 4 4.5 0 1 8.3385 0.5 1.56580209732 0.0112398682658 1 bjorn  332.434523463 0.065 0.476414372248 1.05456222905 1 1 1 0.27 1
124 4 6 0 1 8.3385 0.5 1.77172613144 -0.123789266557 1 bjorn  335.2636889690002 0.065 0.639954995906 1.395515398 1 1 1 0.27 1
125 3 4.5 0 0 8.3385 0.5 1.40564608574 -0.148916143316 1 bjorn  337.9823994750004 0.065 0.287242379875 1.05456222905 1 1 1 0.27 0
126 3 4.5 0 0 12.753 0.5 1.17341303825 -0.0216016988736 1 bjorn  340.4955956289996 0.065 0.20339031832 0.695014737127 1 1 1 0.27 0
127 4 4.5 0 1 6.867 0.5 1.61857199669 -0.15575887813 1 bjorn  342.7686420629998 0.065 0.59572482148 1.27433087482 1 1 1 0.27 1
128 4 4.5 0 0 6.867 0.5 1.5869910717 -0.187339803118 1 bjorn  345.4949586740004 0.065 0.347021844211 1.27433087482 1 1 1 0.27 0
129 3 6 0 0 8.3385 0.5 1.88092684746 -0.0145885505382 1 bjorn  348.17135185500047 0.065 0.371929614177 1.395515398 1 1 1 0.27 0
130 3 4.5 0 0 6.867 0.5 1.69332814217 -0.081002732653 1 bjorn  351.1607660520003 0.065 0.354375223634 1.27433087482 1 1 1 0.27 0
131 3 6 0 0 6.867 0.5 2.16111683846 -0.0226401491203 1 bjorn  353.9586323099993 0.065 0.461266929892 1.68375698758 1 1 1 0.27 0
132 3 4.5 0 1 8.3385 0.5 1.4475209713 -0.107041257757 1 bjorn  357.2300235969997 0.065 0.489728628701 1.05456222905 1 1 1 0.27 1
133 4 6 0 1 12.753 0.5 1.46231293678 0.04025624896 1 bjorn  359.76330266900004 0.065 0.441237585681 0.922056687823 1 1 1 0.27 1
134 4 4.5 0 1 9.81 0.5 1.37141990662 -0.0280340559256 1 bjorn  362.33987377999983 0.065 0.424345764392 0.899453962542 1 1 1 0.27 1
135 3 6 0 1 9.81 0.5 1.6859869957 -0.00556894304494 1 bjorn  364.81811983199987 0.065 0.547023540475 1.19155593874 1 1 1 0.27 1
136 4 4.5 0 1 11.2815 0.5 1.26666998863 -0.0174566983295 1 bjorn  367.5920831250005 0.065 0.369376033548 0.784126686962 1 1 1 0.27 1
137 3 6 0 1 8.3385 0.5 1.84153795242 -0.053977445573 1 bjorn  369.9529260590007 0.065 0.643718917183 1.395515398 1 1 1 0.27 1
138 3 4.5 0 0 9.81 0.5 1.37868714333 -0.020766819216 1 bjorn  372.90031322699906 0.065 0.262725236881 0.899453962542 1 1 1 0.27 0
139 3 6 0 0 9.81 0.5 1.64764118195 -0.0439147567962 1 bjorn  375.38494579100006 0.065 0.315451631599 1.19155593874 1 1 1 0.27 0
140 4 6 0 1 9.81 0.5 1.64713597298 -0.0444199657653 1 bjorn  378.1462852479999 0.065 0.540718476558 1.19155593874 1 1 1 0.27 1
141 3 6 0 0 11.2815 0.5 1.52939510345 -0.0102267861636 1 bjorn  380.90824414099916 0.065 0.264613897109 1.03962188962 1 1 1 0.27 0
142 3 4.5 0 1 9.81 0.5 1.34822797775 -0.0512259847891 1 bjorn  383.5273271499991 0.065 0.421467991878 0.899453962542 1 1 1 0.27 1
143 4 6 0 0 8.3385 0.5 1.88397812843 -0.0115372695628 1 bjorn  385.9886808829997 0.065 0.371801439138 1.395515398 1 1 1 0.27 0
144 3 6 0 1 12.753 0.5 1.4722070694 0.0501503815742 1 bjorn  388.9776999400001 0.065 0.434621706164 0.922056687823 1 1 1 0.27 1
145 4 4.5 0 0 12.753 0.5 1.13322091103 -0.0617938261014 1 bjorn  391.5619256909995 0.065 0.191246808978 0.695014737127 1 1 1 0.27 0
146 4 4.5 0 0 9.81 0.5 1.44065999985 0.0412060373056 1 bjorn  393.8010039820001 0.065 0.232899151741 0.899453962542 1 1 1 0.27 0
147 3 4.5 0 1 11.2815 0.5 1.25721883774 -0.0269078492237 1 bjorn  396.3487403910003 0.065 0.383707830298 0.784126686962 1 1 1 0.27 1
148 4 6 0 1 6.867 0.5 2.3796210289 0.195864041325 1 bjorn  398.7067045879994 0.065 0.759726297446 1.68375698758 1 1 1 0.27 1
149 3 6 0 0 12.753 0.5 1.40372514725 -0.0183315405755 1 bjorn  402.18569504600055 0.065 0.255106886529 0.922056687823 1 1 1 0.27 0
150 4 6 0 1 11.2815 0.5 1.55429410934 0.0146722197263 1 bjorn  404.6905077629999 0.065 0.483138703786 1.03962188962 1 1 1 0.27 1
151 3 6 0 1 6.867 0.5 1.98275113106 -0.201005856518 1 bjorn  407.3288243820007 0.065 0.824368992454 1.68375698758 1 1 1 0.27 1
152 3 4.5 0 0 11.2815 0.5 1.31181406975 0.0276873827862 1 bjorn  410.42485780400057 0.065 0.232954474573 0.784126686962 1 1 1 0.27 0
153 4 4.5 0 0 8.3385 0.5 1.56240296364 0.00784073458354 1 bjorn  412.82841173700035 0.065 0.308472241648 1.05456222905 1 1 1 0.27 0
154 4 6 0 0 9.81 0.5 1.65039396286 -0.0411619758819 1 bjorn  415.4916674399992 0.065 0.337518158579 1.19155593874 1 1 1 0.27 0
155 4 4.5 0 0 11.2815 0.5 1.2574532032 -0.0266734837604 1 bjorn  418.25773884999944 0.065 0.218040523819 0.784126686962 1 1 1 0.27 0
156 3 4.5 0 1 6.867 0.5 1.60115599632 -0.173174878497 1 bjorn  420.62865861200044 0.065 0.634111241177 1.27433087482 1 1 1 0.27 1
157 4 4.5 0 1 12.753 0.5 1.22548389435 0.0304691572207 1 bjorn  423.32665448899934 0.065 0.32035748098 0.695014737127 1 1 1 0.27 1
158 4 6 0 0 11.2815 0.5 1.43954491615 -0.100076973465 1 bjorn  425.6585259099993 0.065 0.307803332795 1.03962188962 1 1 1 0.27 0
159 3 4.5 0 1 12.753 0.5 1.25121688843 0.0562021513003 1 bjorn  428.1904508009993 0.065 0.331287382934 0.695014737127 1 1 1 0.27 1
160 3 6 0 1 8.3385 0.5 1.82478189468 -0.0707335033122 1 bjorn  430.5455095369998 0.065 0.676874589749 1.395515398 1 1 1 0.27 1
161 4 4.5 0 1 11.2815 0.5 1.27116203308 -0.0129646538807 1 bjorn  433.47063857600006 0.065 0.382069989431 0.784126686962 1 1 1 0.27 1
162 4 4.5 0 1 6.867 0.5 1.67849516869 -0.0958357061333 1 bjorn  435.83462822399997 0.065 0.586359989214 1.27433087482 1 1 1 0.27 1
163 3 4.5 0 0 6.867 0.5 1.6189699173 -0.155360957522 1 bjorn  438.6340848939999 0.065 0.355160416156 1.27433087482 1 1 1 0.27 0
164 4 6 0 1 12.753 0.5 1.59392404556 0.17186735774 1 bjorn  441.35925933900035 0.065 0.426700982109 0.922056687823 1 1 1 0.27 1
165 3 6 0 1 12.753 0.5 1.53602600098 0.113969313154 1 bjorn  444.0424809569995 0.065 0.435797474129 0.922056687823 1 1 1 0.27 1
166 4 6 0 0 6.867 0.5 2.34525990486 0.161502917286 1 bjorn  446.69705074299964 0.065 0.476958583758 1.68375698758 1 1 1 0.27 0
167 3 4.5 0 0 9.81 0.5 1.39087891579 -0.00857504675505 1 bjorn  450.12583982400065 0.065 0.227958297967 0.899453962542 1 1 1 0.27 0
168 3 6 0 0 6.867 0.5 2.18946194649 0.00570495891189 1 bjorn  452.62702547799927 0.065 0.43682913705 1.68375698758 1 1 1 0.27 0
169 4 6 0 1 11.2815 0.5 1.58507990837 0.0454580187527 1 bjorn  455.90950195000005 0.065 0.485774823146 1.03962188962 1 1 1 0.27 1
170 4 6 0 0 9.81 0.5 1.72081589699 0.029259958246 1 bjorn  458.6118328649991 0.065 0.299780199442 1.19155593874 1 1 1 0.27 0
171 3 6 0 1 6.867 0.5 2.32452583313 0.140768845554 1 bjorn  461.4334489869998 0.065 0.793019740338 1.68375698758 1 1 1 0.27 1
172 3 4.5 0 1 8.3385 0.5 1.50277900696 -0.0517832220968 1 bjorn  464.86638672499976 0.065 0.502059417932 1.05456222905 1 1 1 0.27 1
173 3 4.5 0 1 12.753 0.5 1.25685691833 0.0618421812076 1 bjorn  467.4836249399996 0.065 0.344703651344 0.695014737127 1 1 1 0.27 1
174 3 4.5 0 1 6.867 0.5 1.64783906937 -0.126491805453 1 bjorn  469.8345017440006 0.065 0.593724534039 1.27433087482 1 1 1 0.27 1
175 3 4.5 0 0 8.3385 0.5 1.51596498489 -0.038597244161 1 bjorn  472.5930458269995 0.065 0.265497813259 1.05456222905 1 1 1 0.27 0
176 4 6 0 0 12.753 0.5 1.49106001854 0.0690033307166 1 bjorn  475.20605054599946 0.065 0.245801850143 0.922056687823 1 1 1 0.27 0
177 4 4.5 0 0 11.2815 0.5 1.32107996941 0.0369532824444 1 bjorn  477.81703911099976 0.065 0.21295690287 0.784126686962 1 1 1 0.27 0
178 4 4.5 0 0 12.753 0.5 1.25247311592 0.0574583787936 1 bjorn  480.25101828699917 0.065 0.194137757077 0.695014737127 1 1 1 0.27 0
179 3 4.5 0 1 11.2815 0.5 1.28268885612 -0.00143783083684 1 bjorn  482.5995052550006 0.065 0.357586253976 0.784126686962 1 1 1 0.27 1
180 4 4.5 0 1 12.753 0.5 1.25432014465 0.0593054075259 1 bjorn  484.9862610019991 0.065 0.336318835629 0.695014737127 1 1 1 0.27 1
181 4 6 0 1 8.3385 0.5 1.86681699753 -0.028698400468 1 bjorn  487.34842247800043 0.065 0.674773972917 1.395515398 1 1 1 0.27 1
182 3 6 0 0 11.2815 0.5 1.54120898247 0.00158709284942 1 bjorn  490.3046842570002 0.065 0.262650394617 1.03962188962 1 1 1 0.27 0
183 3 4.5 0 1 9.81 0.5 1.38322806358 -0.0162258989584 1 bjorn  492.9384949840005 0.065 0.425480182565 0.899453962542 1 1 1 0.27 1
184 3 6 0 0 9.81 0.5 1.6866710186 -0.0048849201415 1 bjorn  495.4269987589996 0.065 0.350408196496 1.19155593874 1 1 1 0.27 0
185 3 6 0 1 11.2815 0.5 1.6168179512 0.0771960615842 1 bjorn  498.2215793840005 0.065 0.51818169484 1.03962188962 1 1 1 0.27 1
186 4 6 0 0 8.3385 0.5 1.92983388901 0.0343184910115 1 bjorn  500.94188785500046 0.065 0.35788316133 1.395515398 1 1 1 0.27 0
187 4 4.5 0 1 8.3385 0.5 1.52232098579 -0.0322412432607 1 bjorn  503.96987261399954 0.065 0.502564234518 1.05456222905 1 1 1 0.27 1
188 3 6 0 0 12.753 0.5 1.40451288223 -0.0175438055901 1 bjorn  506.6102088150001 0.065 0.275938655997 0.922056687823 1 1 1 0.27 0
189 3 6 0 1 9.81 0.5 1.70308995247 0.0115340137269 1 bjorn  509.12191259800056 0.065 0.566008766084 1.19155593874 1 1 1 0.27 1
190 4 6 0 1 9.81 0.5 1.6175801754 -0.0739757633422 1 bjorn  511.9187067019993 0.065 0.580085784687 1.19155593874 1 1 1 0.27 1
191 4 6 0 1 6.867 0.5 2.16067910194 -0.0230778856316 1 bjorn  514.6446608890001 0.065 0.838511090573 1.68375698758 1 1 1 0.27 1
192 4 4.5 0 0 9.81 0.5 1.42144107819 0.0219871156442 1 bjorn  517.9166601979996 0.065 0.267911316657 0.899453962542 1 1 1 0.27 0
193 3 4.5 0 0 12.753 0.5 1.22976779938 0.03475306225 1 bjorn  520.4285542870002 0.065 0.198333093668 0.695014737127 1 1 1 0.27 0
194 4 6 0 0 11.2815 0.5 1.46927809715 -0.0703437924655 1 bjorn  522.7690727770005 0.065 0.27992752652 1.03962188962 1 1 1 0.27 0
195 4 4.5 0 0 8.3385 0.5 1.58681106567 0.0322488366191 1 bjorn  525.3366086570004 0.065 0.285067437443 1.05456222905 1 1 1 0.27 0
196 3 4.5 0 0 11.2815 0.5 1.31248092651 0.028354239552 1 bjorn  528.0137395620004 0.065 0.197173761535 0.784126686962 1 1 1 0.27 0
197 3 6 0 0 8.3385 0.5 1.82197499275 -0.073540405244 1 bjorn  530.4295308979999 0.065 0.359937057693 1.395515398 1 1 1 0.27 0
198 4 4.5 0 1 9.81 0.5 1.3772649765 -0.0221889860403 1 bjorn  533.350455546999 0.065 0.425802627745 0.899453962542 1 1 1 0.27 1
199 4 4.5 0 0 6.867 0.5 1.79722619057 0.0228953157478 1 bjorn  535.8249800209996 0.065 0.375687535423 1.27433087482 1 1 1 0.27 0
200 3 6 0 0 6.867 0.5 2.27639007568 0.0926330881081 1 bjorn  538.726404011999 0.065 0.457617268416 1.68375698758 1 1 1 0.27 0
201 4 4.5 0 1 12.753 0.5 1.20880389214 0.0137891550082 1 bjorn  542.1067388800002 0.065 0.33598360989 0.695014737127 1 1 1 0.27 1
202 3 4.5 0 0 8.3385 0.5 1.61542916298 0.0608669339244 1 bjorn  544.412867342 0.065 0.265240045077 1.05456222905 1 1 1 0.27 0
203 4 6 0 1 11.2815 0.5 1.54721093178 0.00758904215973 1 bjorn  547.1126152500001 0.065 0.516062660219 1.03962188962 1 1 1 0.27 1
204 3 6 0 1 8.3385 0.5 1.88054299355 -0.0149724044505 1 bjorn  549.7594794380002 0.065 0.65476047472 1.395515398 1 1 1 0.27 1
205 4 6 0 1 6.867 0.5 2.36948299408 0.185726006504 1 bjorn  552.746105066999 0.065 0.781919560943 1.68375698758 1 1 1 0.27 1
206 4 4.5 0 0 6.867 0.5 1.78267788887 0.00834701405107 1 bjorn  556.2248995999998 0.065 0.382097722937 1.27433087482 1 1 1 0.27 0
207 3 4.5 0 0 9.81 0.5 1.40863204002 0.00917807748201 1 bjorn  559.1169795999995 0.065 0.246415163136 0.899453962542 1 1 1 0.27 0
208 4 6 0 0 8.3385 0.5 1.96121406555 0.0656986675557 1 bjorn  561.6314765099996 0.065 0.407626530657 1.395515398 1 1 1 0.27 0
209 3 4.5 0 1 11.2815 0.5 1.27041292191 -0.0137137650562 1 bjorn  564.7028874900006 0.065 0.391878314393 0.784126686962 1 1 1 0.27 1
210 4 6 0 1 8.3385 0.5 1.91048002243 0.0149646244344 1 bjorn  567.0713909709993 0.065 0.663286852327 1.395515398 1 1 1 0.27 1
211 3 6 0 0 11.2815 0.5 1.58018708229 0.0405651926724 1 bjorn  570.069228929 0.065 0.309608125764 1.03962188962 1 1 1 0.27 0
212 3 6 0 0 8.3385 0.5 1.88673615456 -0.00877924343979 1 bjorn  572.7512684880003 0.065 0.396421007671 1.395515398 1 1 1 0.27 0
213 3 4.5 0 1 8.3385 0.5 1.506524086 -0.0480381430562 1 bjorn  575.751671177999 0.065 0.495758731654 1.05456222905 1 1 1 0.27 1
214 3 4.5 0 0 6.867 0.5 1.86257314682 0.0882422720009 1 bjorn  578.3526795969992 0.065 0.365295612543 1.27433087482 1 1 1 0.27 0
215 4 4.5 0 1 6.867 0.5 1.60746312141 -0.166867753405 1 bjorn  581.3298129390005 0.065 0.591296659979 1.27433087482 1 1 1 0.27 1
216 3 4.5 0 0 11.2815 0.5 1.36261487007 0.0784881831097 1 bjorn  584.0421641760004 0.065 0.23522293208 0.784126686962 1 1 1 0.27 0
217 4 6 0 1 9.81 0.5 1.73230409622 0.04074815748 1 bjorn  586.5068066559998 0.065 0.546823642181 1.19155593874 1 1 1 0.27 1
218 3 4.5 0 1 9.81 0.5 1.44043397903 0.0409800164926 1 bjorn  589.3598689850005 0.065 0.406795395008 0.899453962542 1 1 1 0.27 1
219 3 6 0 1 6.867 0.5 2.13607788086 -0.0476791067162 1 bjorn  591.8965871130004 0.065 0.789743423005 1.68375698758 1 1 1 0.27 1
220 3 6 0 1 11.2815 0.5 1.6263051033 0.0866832136838 1 bjorn  595.1540283729992 0.065 0.517630863112 1.03962188962 1 1 1 0.27 1
221 3 4.5 0 0 12.753 0.5 1.25893497467 0.063920237543 1 bjorn  597.8916832880004 0.065 0.180234825255 0.695014737127 1 1 1 0.27 0
222 3 6 0 0 9.81 0.5 1.70777106285 0.016215124109 1 bjorn  600.2560847789991 0.065 0.298153568627 1.19155593874 1 1 1 0.27 0
223 4 4.5 0 0 8.3385 0.5 1.55893993378 0.00437770472209 1 bjorn  603.0771105130007 0.065 0.300518686472 1.05456222905 1 1 1 0.27 0
224 4 4.5 0 0 12.753 0.5 1.2107000351 0.0156852979678 1 bjorn  605.7410502540006 0.065 0.202355951441 0.695014737127 1 1 1 0.27 0
225 4 4.5 0 1 9.81 0.5 1.36411213875 -0.0353418237936 1 bjorn  608.0683017789997 0.065 0.416634005854 0.899453962542 1 1 1 0.27 1
226 3 4.5 0 1 12.753 0.5 1.29066801071 0.0956532735843 1 bjorn  610.5444305990004 0.065 0.325329480265 0.695014737127 1 1 1 0.27 1
227 4 6 0 0 6.867 0.5 2.29706501961 0.113308032032 1 bjorn  612.951276542999 0.065 0.426939266848 1.68375698758 1 1 1 0.27 0
228 4 4.5 0 0 11.2815 0.5 1.36544203758 0.0813153506207 1 bjorn  616.344867197 0.065 0.202926405231 0.784126686962 1 1 1 0.27 0
229 4 4.5 0 1 11.2815 0.5 1.41419506073 0.130068373768 1 bjorn  618.8227510310007 0.065 0.365318215875 0.784126686962 1 1 1 0.27 1
230 4 6 0 0 9.81 0.5 1.7115008831 0.0199449443605 1 bjorn  621.3552817630007 0.065 0.324145968648 1.19155593874 1 1 1 0.27 0
231 4 4.5 0 0 9.81 0.5 1.41807293892 0.0186189763773 1 bjorn  624.175267827999 0.065 0.255410798173 0.899453962542 1 1 1 0.27 0
232 3 4.5 0 1 6.867 0.5 1.7098839283 -0.0644469465202 1 bjorn  626.6989340910004 0.065 0.619988356637 1.27433087482 1 1 1 0.27 1
233 4 6 0 0 11.2815 0.5 1.58236980438 0.0427479147641 1 bjorn  629.4971336859999 0.065 0.266083958202 1.03962188962 1 1 1 0.27 0
234 3 6 0 1 12.753 0.5 1.50830602646 0.0862493386359 1 bjorn  632.180758524999 0.065 0.445739904512 0.922056687823 1 1 1 0.27 1
235 4 6 0 0 12.753 0.5 1.49131393433 0.0692572465034 1 bjorn  634.7914327969993 0.065 0.244247636156 0.922056687823 1 1 1 0.27 0
236 3 6 0 1 9.81 0.5 1.69592189789 0.00436595914622 1 bjorn  637.3973192960002 0.065 0.579401442756 1.19155593874 1 1 1 0.27 1
237 4 6 0 1 12.753 0.5 1.54579091072 0.123734222898 1 bjorn  640.2111664719996 0.065 0.447403873183 0.922056687823 1 1 1 0.27 1
238 3 6 0 0 12.753 0.5 1.4686870575 0.0466303696723 1 bjorn  642.8641726099995 0.065 0.256827804181 0.922056687823 1 1 1 0.27 0
239 4 4.5 0 1 8.3385 0.5 1.54397797585 -0.0105842532094 1 bjorn  645.4376089020006 0.065 0.491379597257 1.05456222905 1 1 1 0.27 1
240 4 6 0 1 12.753 0.5 1.60661482811 0.184558140287 1 bjorn  648.0861863070004 0.065 0.45390857416 0.922056687823 1 1 1 0.27 1
241 3 4.5 0 1 11.2815 0.5 1.2809009552 -0.00322573176152 1 bjorn  650.7931453700003 0.065 0.380750594907 0.784126686962 1 1 1 0.27 1
242 4 6 0 0 9.81 0.5 1.73614406586 0.044588127115 1 bjorn  653.1804791970007 0.065 0.308749193207 1.19155593874 1 1 1 0.27 0
243 3 4.5 0 1 12.753 0.5 1.23761701584 0.0426022787112 1 bjorn  656.0242762340004 0.065 0.331029612302 0.695014737127 1 1 1 0.27 1
244 3 6 0 1 6.867 0.5 2.25954818726 0.0757911996803 1 bjorn  658.3589383029994 0.065 0.818674278268 1.68375698758 1 1 1 0.27 1
245 4 4.5 0 0 12.753 0.5 1.25494122505 0.0599264879245 1 bjorn  661.7138673419995 0.065 0.184255607055 0.695014737127 1 1 1 0.27 0
246 3 6 0 0 12.753 0.5 1.42598390579 0.00392721796943 1 bjorn  664.0741648210005 0.065 0.272420472458 0.922056687823 1 1 1 0.27 0
247 4 4.5 0 0 8.3385 0.5 1.57137489319 0.0168126641337 1 bjorn  666.60187253 0.065 0.267586155748 1.05456222905 1 1 1 0.27 0
248 3 6 0 1 9.81 0.5 1.68181490898 -0.00974102976064 1 bjorn  669.2814000979997 0.065 0.544502687051 1.19155593874 1 1 1 0.27 1
249 4 6 0 1 11.2815 0.5 1.445551157 -0.0940707326205 1 bjorn  672.0661205380002 0.065 0.48273256658 1.03962188962 1 1 1 0.27 1
250 4 6 0 1 6.867 0.5 2.14273285866 -0.0410241289177 1 bjorn  674.6041873710001 0.065 0.785315170459 1.68375698758 1 1 1 0.27 1
251 4 4.5 0 1 8.3385 0.5 1.44329190254 -0.111270326513 1 bjorn  677.8352241159992 0.065 0.513765260773 1.05456222905 1 1 1 0.27 1
252 3 6 0 1 8.3385 0.5 1.75837302208 -0.137142375917 1 bjorn  680.3889337250002 0.065 0.663093040647 1.395515398 1 1 1 0.27 1
253 3 6 0 0 6.867 0.5 2.20534992218 0.0215929346046 1 bjorn  683.2534604510001 0.065 0.502675486061 1.68375698758 1 1 1 0.27 0
254 3 6 0 0 9.81 0.5 1.62548995018 -0.0660659885619 1 bjorn  686.5746962070007 0.065 0.316040085087 1.19155593874 1 1 1 0.27 0
255 4 4.5 0 0 9.81 0.5 1.36074590683 -0.038708055712 1 bjorn  689.3036644820004 0.065 0.239390006184 0.899453962542 1 1 1 0.27 0
256 3 4.5 0 1 6.867 0.5 1.63284015656 -0.141490718264 1 bjorn  691.7609586119997 0.065 0.589435316337 1.27433087482 1 1 1 0.27 1
257 4 4.5 0 1 11.2815 0.5 1.32053399086 0.0364073038983 1 bjorn  694.5093544709998 0.065 0.361586466439 0.784126686962 1 1 1 0.27 1
258 4 4.5 0 1 6.867 0.5 1.61032795906 -0.164002915758 1 bjorn  696.937200033999 0.065 0.624236245368 1.27433087482 1 1 1 0.27 1
259 4 6 0 1 9.81 0.5 1.67348790169 -0.0180680370543 1 bjorn  699.6376601339998 0.065 0.557396550061 1.19155593874 1 1 1 0.27 1
260 3 4.5 0 1 9.81 0.5 1.43806791306 0.0386139505136 1 bjorn  702.4167416429991 0.065 0.405573443422 0.899453962542 1 1 1 0.27 1
261 3 6 0 1 11.2815 0.5 1.63685393333 0.0972320437161 1 bjorn  704.941519258 0.065 0.513083338804 1.03962188962 1 1 1 0.27 1
262 4 6 0 0 12.753 0.5 1.66061782837 0.238561140546 1 bjorn  707.6680036399994 0.065 0.262099115109 0.922056687823 1 1 1 0.27 0
263 4 4.5 0 1 12.753 0.5 1.28346705437 0.0884523172397 1 bjorn  710.434928826 0.065 0.324990676624 0.695014737127 1 1 1 0.27 1
264 3 4.5 0 0 9.81 0.5 1.4072599411 0.00780597855928 1 bjorn  712.8275815489997 0.065 0.246378603637 0.899453962542 1 1 1 0.27 0
265 3 6 0 0 8.3385 0.5 1.96037793159 0.0648625335988 1 bjorn  715.3267697800002 0.065 0.371584434123 1.395515398 1 1 1 0.27 0
266 3 6 0 0 11.2815 0.5 1.55024290085 0.0106210112302 1 bjorn  718.4035861609991 0.065 0.308384394439 1.03962188962 1 1 1 0.27 0
267 4 4.5 0 0 6.867 0.5 1.70917010307 -0.065160771746 1 bjorn  721.0568864790002 0.065 0.366007666549 1.27433087482 1 1 1 0.27 0
268 4 6 0 0 11.2815 0.5 1.5078599453 -0.031761944321 1 bjorn  723.853119465999 0.065 0.290304510962 1.03962188962 1 1 1 0.27 0
269 3 4.5 0 1 8.3385 0.5 1.53166294098 -0.0228992880758 1 bjorn  726.4752877739993 0.065 0.494596087759 1.05456222905 1 1 1 0.27 1
270 3 4.5 0 0 12.753 0.5 1.24424505234 0.0492303152102 1 bjorn  729.1051440970004 0.065 0.173767672453 0.695014737127 1 1 1 0.27 0
271 4 6 0 0 6.867 0.5 2.26618814468 0.0824311571083 1 bjorn  731.4590292850007 0.065 0.450167156661 1.68375698758 1 1 1 0.27 0
272 4 6 0 0 8.3385 0.5 1.89457893372 -0.000936464280245 1 bjorn  734.8153117959992 0.065 0.385839244982 1.395515398 1 1 1 0.27 0
273 4 4.5 0 0 11.2815 0.5 1.2928788662 0.00875217923396 1 bjorn  737.8012152119991 0.065 0.232644757183 0.784126686962 1 1 1 0.27 0
274 4 6 0 1 8.3385 0.5 1.79370594025 -0.101809457749 1 bjorn  740.637895635 0.065 0.676553589526 1.395515398 1 1 1 0.27 1
275 3 4.5 0 0 11.2815 0.5 1.27318501472 -0.010941672237 1 bjorn  743.0918979729995 0.065 0.229312891375 0.784126686962 1 1 1 0.27 0
276 3 4.5 0 0 8.3385 0.5 1.56521606445 0.0106538353984 1 bjorn  745.4790736659997 0.065 0.306087141207 1.05456222905 1 1 1 0.27 0
277 3 4.5 0 0 6.867 0.5 1.70780086517 -0.0665300096458 1 bjorn  748.1609015689992 0.065 0.363537731983 1.27433087482 1 1 1 0.27 0
278 3 6 0 1 12.753 0.5 1.40866518021 -0.0133915076165 1 bjorn  750.979771843 0.065 0.418941776017 0.922056687823 1 1 1 0.27 1
279 4 4.5 0 1 9.81 0.5 1.36541199684 -0.0340419657004 1 bjorn  753.4793206899994 0.065 0.430957410333 0.899453962542 1 1 1 0.27 1
280 4 4.5 0 1 8.3385 0.5 1.60120987892 0.0466476498667 1 bjorn  755.9403608920002 0.065 0.48591983485 1.05456222905 1 1 1 0.27 1
281 4 4.5 0 0 9.81 0.5 1.42049407959 0.021040117048 1 bjorn  758.640215808 0.065 0.266356977187 0.899453962542 1 1 1 0.27 0
282 3 4.5 0 0 6.867 0.5 1.69177603722 -0.082554837603 1 bjorn  761.159697142999 0.065 0.350729176316 1.27433087482 1 1 1 0.27 0
283 3 6 0 1 8.3385 0.5 1.87024378777 -0.0252716102306 1 bjorn  763.9591831990001 0.065 0.658342631501 1.395515398 1 1 1 0.27 1
284 3 6 0 0 9.81 0.5 1.70138812065 0.00983218190928 1 bjorn  766.9304284570007 0.065 0.320149667587 1.19155593874 1 1 1 0.27 0
285 3 6 0 1 11.2815 0.5 1.58569192886 0.0460700392453 1 bjorn  769.7510254900008 0.065 0.510961730479 1.03962188962 1 1 1 0.27 1
286 3 4.5 0 1 11.2815 0.5 1.29095220566 0.00682551869624 1 bjorn  772.4266179379993 0.065 0.363227934671 0.784126686962 1 1 1 0.27 1
287 4 6 0 1 11.2815 0.5 1.62135601044 0.0817341208188 1 bjorn  774.8265865800004 0.065 0.50459077737 1.03962188962 1 1 1 0.27 1
288 3 6 0 0 6.867 0.5 2.31591010094 0.132153113361 1 bjorn  777.5405684449997 0.065 0.42532984808 1.68375698758 1 1 1 0.27 0
289 4 4.5 0 0 8.3385 0.5 1.53416395187 -0.020398277181 1 bjorn  780.9756245150002 0.065 0.315447440933 1.05456222905 1 1 1 0.27 0
290 4 4.5 0 1 11.2815 0.5 1.51668787003 0.232561183064 1 bjorn  783.6221162889997 0.065 0.390480309838 0.784126686962 1 1 1 0.27 1
291 4 6 0 1 12.753 0.5 1.50484490395 0.0827882161231 1 bjorn  786.241203435 0.065 0.45483370962 0.922056687823 1 1 1 0.27 1
292 3 6 0 0 11.2815 0.5 1.54945707321 0.00983518359344 1 bjorn  788.8613572819995 0.065 0.309861009217 1.03962188962 1 1 1 0.27 0
293 3 4.5 0 0 8.3385 0.5 1.51095914841 -0.0436030806478 1 bjorn  791.5160844349994 0.065 0.266763457129 1.05456222905 1 1 1 0.27 0
294 4 6 0 0 12.753 0.5 1.5221221447 0.100065456876 1 bjorn  794.1324713670001 0.065 0.231806539191 0.922056687823 1 1 1 0.27 0
295 3 6 0 1 6.867 0.5 2.19340896606 0.00965197848891 1 bjorn  796.7684072449993 0.065 0.765229183866 1.68375698758 1 1 1 0.27 1
296 3 4.5 0 1 8.3385 0.5 1.4958820343 -0.058680194753 1 bjorn  800.0637072299996 0.065 0.510365588901 1.05456222905 1 1 1 0.27 1
297 3 4.5 0 0 9.81 0.5 1.36852002144 -0.0309339411032 1 bjorn  802.6674487689997 0.065 0.249341550877 0.899453962542 1 1 1 0.27 0
298 4 4.5 0 0 12.753 0.5 1.23336195946 0.03834722233 1 bjorn  805.1365014589992 0.065 0.207010611065 0.695014737127 1 1 1 0.27 0
299 3 4.5 0 1 6.867 0.5 1.69330692291 -0.0810239519066 1 bjorn  807.4681630380001 0.065 0.632405609985 1.27433087482 1 1 1 0.27 1
300 4 6 0 1 9.81 0.5 1.82569718361 0.134141244867 1 bjorn  810.2643988689997 0.065 0.543549011911 1.19155593874 1 1 1 0.27 1
301 3 6 0 0 12.753 0.5 1.43245792389 0.0104012360664 1 bjorn  813.1975822990007 0.065 0.247255095084 0.922056687823 1 1 1 0.27 0
302 3 6 0 1 9.81 0.5 1.71223783493 0.0206818961885 1 bjorn  815.740252137999 0.065 0.588697948946 1.19155593874 1 1 1 0.27 1
303 3 6 0 1 12.753 0.5 1.38728094101 -0.0347757468133 1 bjorn  818.5486847169996 0.065 0.441562087014 0.922056687823 1 1 1 0.27 1
304 4 4.5 0 1 9.81 0.5 1.31973099709 -0.0797229654562 1 bjorn  821.0474208270007 0.065 0.432422378229 0.899453962542 1 1 1 0.27 1
305 4 6 0 1 8.3385 0.5 1.79940581322 -0.0961095847789 1 bjorn  823.4772377610007 0.065 0.671627887218 1.395515398 1 1 1 0.27 1
306 3 4.5 0 1 9.81 0.5 1.38591599464 -0.0135379678976 1 bjorn  826.3856528929991 0.065 0.409157167854 0.899453962542 1 1 1 0.27 1
307 3 4.5 0 0 11.2815 0.5 1.37265491486 0.0885282278942 1 bjorn  828.8810805150006 0.065 0.215830600458 0.784126686962 1 1 1 0.27 0
308 4 6 0 1 6.867 0.5 2.16293907166 -0.0208179159203 1 bjorn  831.3568492329996 0.065 0.803656710926 1.68375698758 1 1 1 0.27 1
309 4 4.5 0 0 11.2815 0.5 1.30552697182 0.0214002848553 1 bjorn  834.627781964 0.065 0.212707970961 0.784126686962 1 1 1 0.27 0
310 3 6 0 0 8.3385 0.5 1.85608100891 -0.0394343890849 1 bjorn  837.045692620999 0.065 0.360355072961 1.395515398 1 1 1 0.27 0
311 3 4.5 0 1 12.753 0.5 1.23758292198 0.0425681848544 1 bjorn  840.0038333079992 0.065 0.315122554195 0.695014737127 1 1 1 0.27 1
312 4 6 0 0 8.3385 0.5 1.8848798275 -0.0106355704967 1 bjorn  842.3564544790006 0.065 0.40446225073 1.395515398 1 1 1 0.27 0
313 4 6 0 0 11.2815 0.5 1.51435399055 -0.0252678990634 1 bjorn  845.3392032039992 0.065 0.290528501827 1.03962188962 1 1 1 0.27 0
314 4 4.5 0 0 6.867 0.5 1.67857193947 -0.0957589353508 1 bjorn  847.969436727999 0.065 0.332333640939 1.27433087482 1 1 1 0.27 0
315 4 4.5 0 1 12.753 0.5 1.23830699921 0.0432922620791 1 bjorn  850.7497646569991 0.065 0.322492631567 0.695014737127 1 1 1 0.27 1
316 4 6 0 0 6.867 0.5 2.12236690521 -0.0613900823631 1 bjorn  853.0962070280002 0.065 0.453344747087 1.68375698758 1 1 1 0.27 0
317 3 4.5 0 0 12.753 0.5 1.20761108398 0.012596346857 1 bjorn  856.3292947400005 0.065 0.207175831049 0.695014737127 1 1 1 0.27 0
318 4 4.5 0 1 6.867 0.5 1.65149688721 -0.122833987612 1 bjorn  858.6268658949994 0.065 0.586441361148 1.27433087482 1 1 1 0.27 1
319 4 6 0 0 9.81 0.5 1.71022200584 0.0186660671022 1 bjorn  861.3697237619999 0.065 0.33808597102 1.19155593874 1 1 1 0.27 0
