trial vx vy vz LongOcclusion g timeStill rTime TemporalError environment id pupiltime IOD OccludedTimeOfTrajectory FlightDuration Drag DragFirst block accuracy LongOcclusion
0 3 4.5 0 0 -9.81 0.5 7.36419796944 5.96474400689 1 Marco  2.020712000000003 0.064 0.255684846398 0.899453962542 1 1 1 0.43 0
1 3 6 0 1 9.81 0.5 7.36419796944 5.96474400689 1 Marco  10.366284941999766 0.064 0.539782176382 1.19155593874 1 1 1 0.43 1
2 4 4.5 0 0 -9.81 0.5 1.23005795479 -0.169396007754 1 Marco  10.489585027999965 0.064 0.230328712311 0.899453962542 1 1 1 0.43 0
3 3 4.5 0 0 9.81 0.5 1.09810113907 -0.301352823473 1 Marco  12.814148628999646 0.064 0.245426283671 0.899453962542 1 1 1 0.43 0
4 4 4.5 0 0 9.81 0.5 1.44668292999 0.0472289674509 1 Marco  15.00630820599963 0.064 0.229916475569 0.899453962542 1 1 1 0.43 0
5 3 6 0 0 9.81 0.5 1.75335907936 0.061803140619 1 Marco  17.559139941000012 0.064 0.305183301383 1.19155593874 1 1 1 0.43 0
6 3 4.5 0 1 -9.81 0.5 1.3162651062 -0.0831888563406 1 Marco  20.420721791999767 0.064 0.443018802485 0.899453962542 1 1 1 0.43 1
7 3 6 0 0 -9.81 0.5 23.5460400581 21.8544841194 1 Marco  22.840403874000003 0.064 0.306465748735 1.19155593874 1 1 1 0.43 0
8 4 6 0 0 9.81 0.5 1.6671462059 -0.0244097328399 1 Marco  47.49624228799985 0.064 0.305398657379 1.19155593874 1 1 1 0.43 0
9 4 4.5 0 1 -9.81 0.5 1.30841994286 -0.091034019686 1 Marco  50.263936781999746 0.064 0.420390174617 0.899453962542 1 1 1 0.43 1
10 3 6 0 1 -9.81 0.5 1.84223294258 0.150677003839 1 Marco  52.6626334409998 0.064 0.577568731768 1.19155593874 1 1 1 0.43 1
11 4 4.5 0 1 9.81 0.5 1.36274003983 -0.0367139227164 1 Marco  55.611954823999895 0.064 0.417116764759 0.899453962542 1 1 1 0.43 1
12 4 6 0 1 -9.81 0.5 1.56842708588 -0.123128852865 1 Marco  58.076906965000035 0.064 0.563136054982 1.19155593874 1 1 1 0.43 1
13 4 6 0 0 -9.81 0.5 1.66706085205 -0.0244950866912 1 Marco  60.75594891999981 0.064 0.338727832532 1.19155593874 1 1 1 0.43 0
14 4 6 0 1 9.81 0.5 1.98132300377 0.289767065027 1 Marco  63.51594769899975 0.064 0.594344398268 1.19155593874 1 1 1 0.43 1
15 3 4.5 0 1 9.81 0.5 1.29565405846 -0.103799904085 1 Marco  66.59713687899966 0.064 0.44869323659 0.899453962542 1 1 1 0.43 1
16 3 6 0 1 -9.81 0.5 1.90702319145 0.21546725271 1 Marco  68.99387143900003 0.064 0.570339870585 1.19155593874 1 1 1 0.43 1
17 3 6 0 1 9.81 0.5 2.03602600098 0.344470062235 1 Marco  72.00216503699994 0.064 0.559590300878 1.19155593874 1 1 1 0.43 1
18 3 4.5 0 0 -9.81 0.5 1.40713000298 0.00767604043367 1 Marco  75.14221977499983 0.064 0.227996441793 0.899453962542 1 1 1 0.43 0
19 4 4.5 0 0 9.81 0.5 1.42860007286 0.0291461103189 1 Marco  77.65977035499964 0.064 0.226229507147 0.899453962542 1 1 1 0.43 0
20 4 6 0 0 9.81 0.5 1.92362999916 0.232074060419 1 Marco  80.17632090000006 0.064 0.349534587387 1.19155593874 1 1 1 0.43 0
21 4 6 0 0 -9.81 0.5 1.95481109619 0.263255157449 1 Marco  83.21281715499981 0.064 0.317138755814 1.19155593874 1 1 1 0.43 0
22 4 4.5 0 1 9.81 0.5 1.63198494911 0.23253098657 1 Marco  86.27038613599962 0.064 0.414650748845 0.899453962542 1 1 1 0.43 1
23 3 4.5 0 0 9.81 0.5 1.48623418808 0.086780225538 1 Marco  89.0045747979998 0.064 0.230487280906 0.899453962542 1 1 1 0.43 0
24 4 6 0 1 9.81 0.5 1.87997102737 0.188415088632 1 Marco  91.58144596099964 0.064 0.586267306318 1.19155593874 1 1 1 0.43 1
25 4 4.5 0 0 -9.81 0.5 1.55431985855 0.154865896009 1 Marco  94.56273312199983 0.064 0.23860423163 0.899453962542 1 1 1 0.43 0
26 4 4.5 0 1 -9.81 0.5 1.64307379723 0.243619834684 1 Marco  97.22493986599966 0.064 0.420495414759 0.899453962542 1 1 1 0.43 1
27 3 6 0 0 9.81 0.5 1.84916996956 0.157614030817 1 Marco  99.96914560300002 0.064 0.347692477945 1.19155593874 1 1 1 0.43 0
28 4 6 0 1 -9.81 0.5 1.61642408371 -0.0751318550322 1 Marco  102.92227582299984 0.064 0.565316980268 1.19155593874 1 1 1 0.43 1
29 3 6 0 0 -9.81 0.5 1.93889713287 0.247341194132 1 Marco  105.6485787229999 0.064 0.338451076924 1.19155593874 1 1 1 0.43 0
30 3 4.5 0 1 9.81 0.5 1.60583996773 0.206386005186 1 Marco  108.68801908999967 0.064 0.438970845162 0.899453962542 1 1 1 0.43 1
31 3 4.5 0 1 -9.81 0.5 1.39601898193 -0.0034349806082 1 Marco  111.38803049299986 0.064 0.417502192848 0.899453962542 1 1 1 0.43 1
32 3 4.5 0 1 -9.81 0.5 1.64326691628 0.243812953733 1 Marco  114.04338623199965 0.064 0.449416373642 0.899453962542 1 1 1 0.43 1
33 3 4.5 0 1 9.81 0.5 1.54932689667 0.149872934126 1 Marco  116.64590912199992 0.064 0.443111111467 0.899453962542 1 1 1 0.43 1
34 4 4.5 0 1 9.81 0.5 1.35800099373 -0.0414529688132 1 Marco  119.29453097799978 0.064 0.41749463859 0.899453962542 1 1 1 0.43 1
35 3 6 0 1 -9.81 0.5 2.16780304909 0.476247110346 1 Marco  121.76338444399971 0.064 0.552350394327 1.19155593874 1 1 1 0.43 1
36 4 4.5 0 0 9.81 0.5 1.53151106834 0.132057105802 1 Marco  125.03349944299998 0.064 0.230413013297 0.899453962542 1 1 1 0.43 0
37 3 6 0 0 9.81 0.5 1.76034498215 0.0687890434053 1 Marco  127.67051118799964 0.064 0.339961269823 1.19155593874 1 1 1 0.43 0
38 4 6 0 0 9.81 0.5 2.01575779915 0.324201860407 1 Marco  130.53649096499976 0.064 0.320197165131 1.19155593874 1 1 1 0.43 0
39 3 4.5 0 0 9.81 0.5 1.41227602959 0.012822067045 1 Marco  133.66983843799972 0.064 0.264080280843 0.899453962542 1 1 1 0.43 0
40 4 6 0 0 -9.81 0.5 2.08064413071 0.389088191965 1 Marco  136.18687257800002 0.064 0.350906410757 1.19155593874 1 1 1 0.43 0
41 4 4.5 0 1 -9.81 0.5 1.82715201378 0.427698051237 1 Marco  139.36509200199998 0.064 0.434425856995 0.899453962542 1 1 1 0.43 1
42 3 6 0 0 -9.81 0.5 2.0837829113 0.392226972559 1 Marco  142.29254249399992 0.064 0.353651802432 1.19155593874 1 1 1 0.43 0
43 3 6 0 1 9.81 0.5 1.99566793442 0.304111995676 1 Marco  145.4896139839998 0.064 0.580753800707 1.19155593874 1 1 1 0.43 1
44 4 6 0 1 9.81 0.5 2.12129616737 0.429740228632 1 Marco  148.60008486599963 0.064 0.59448436663 1.19155593874 1 1 1 0.43 1
45 3 4.5 0 0 -9.81 0.5 1.83931589127 0.439861928724 1 Marco  151.8093308389998 0.064 0.244229953152 0.899453962542 1 1 1 0.43 0
46 4 4.5 0 0 -9.81 0.5 1.76630616188 0.366852199339 1 Marco  154.74887171499995 0.064 0.231061350618 0.899453962542 1 1 1 0.43 0
47 4 6 0 1 -9.81 0.5 2.15768194199 0.466126003244 1 Marco  157.63152357599984 0.064 0.556614195937 1.19155593874 1 1 1 0.43 1
48 4 6 0 0 9.81 0.5 2.02662491798 0.335068979242 1 Marco  160.89720980799984 0.064 0.347896654102 1.19155593874 1 1 1 0.43 0
49 3 4.5 0 0 9.81 0.5 1.52213811874 0.122684156202 1 Marco  164.03713215499965 0.064 0.236034760081 0.899453962542 1 1 1 0.43 0
50 3 4.5 0 0 -9.81 0.5 1.61234807968 0.21289411714 1 Marco  166.66117697599975 0.064 0.225029501117 0.899453962542 1 1 1 0.43 0
51 4 6 0 1 -9.81 0.5 2.28704690933 0.59549097059 1 Marco  169.3722709509998 0.064 0.578672222008 1.19155593874 1 1 1 0.43 1
52 3 4.5 0 1 9.81 0.5 1.64530801773 0.245854055189 1 Marco  172.7779583319998 0.064 0.41409459152 0.899453962542 1 1 1 0.43 1
53 4 6 0 0 -9.81 0.5 2.41189599037 0.72034005163 1 Marco  175.53388145400004 0.064 0.320994978315 1.19155593874 1 1 1 0.43 0
54 4 6 0 1 9.81 0.5 1.54768896103 -0.143866977713 1 Marco  179.06140036099987 0.064 0.55946502905 1.19155593874 1 1 1 0.43 1
55 3 6 0 0 9.81 0.5 2.10054206848 0.408986129739 1 Marco  181.69214480999972 0.064 0.29941672927 1.19155593874 1 1 1 0.43 0
56 4 4.5 0 0 -9.81 0.5 1.77274394035 0.373289977812 1 Marco  184.8991274939999 0.064 0.246167209003 0.899453962542 1 1 1 0.43 0
57 3 6 0 0 -9.81 0.5 2.19627213478 0.504716196039 1 Marco  187.76985457699993 0.064 0.34242781848 1.19155593874 1 1 1 0.43 0
58 3 6 0 1 9.81 0.5 2.219176054 0.527620115259 1 Marco  191.07449295800006 0.064 0.576847903944 1.19155593874 1 1 1 0.43 1
59 3 6 0 1 -9.81 0.5 2.10540294647 0.41384700773 1 Marco  194.41099969199968 0.064 0.550310157447 1.19155593874 1 1 1 0.43 1
60 4 4.5 0 1 -9.81 0.5 1.79063391685 0.391179954313 1 Marco  197.61424687999988 0.064 0.449452134775 0.899453962542 1 1 1 0.43 1
61 3 4.5 0 1 -9.81 0.5 2.26656389236 0.867109929823 1 Marco  200.48863477799978 0.064 0.4212344179 0.899453962542 1 1 1 0.43 1
62 4 4.5 0 0 9.81 0.5 1.48864102364 0.0891870610941 1 Marco  203.866120185 0.064 0.236047544297 0.899453962542 1 1 1 0.43 0
63 4 4.5 0 1 9.81 0.5 1.6759159565 0.276461993955 1 Marco  206.46565777599972 0.064 0.4154589287 0.899453962542 1 1 1 0.43 1
64 3 6 0 1 -9.81 0.5 2.07074308395 0.379187145212 1 Marco  209.25244999100005 0.064 0.592662029586 1.19155593874 1 1 1 0.43 1
65 4 4.5 0 1 9.81 0.5 1.68848609924 0.289032136701 1 Marco  212.42060420400003 0.064 0.432560152367 0.899453962542 1 1 1 0.43 1
66 4 6 0 1 9.81 0.5 2.27290415764 0.581348218897 1 Marco  215.21447313599992 0.064 0.574681484901 1.19155593874 1 1 1 0.43 1
67 4 6 0 0 9.81 0.5 2.29600000381 0.604444065073 1 Marco  218.6059585539997 0.064 0.327438427981 1.19155593874 1 1 1 0.43 0
68 4 6 0 0 -9.81 0.5 2.25249004364 0.560934104898 1 Marco  221.99830582000004 0.064 0.347525569766 1.19155593874 1 1 1 0.43 0
69 3 4.5 0 0 9.81 0.5 1.77643799782 0.376984035276 1 Marco  225.3557084109998 0.064 0.225784561906 0.899453962542 1 1 1 0.43 0
70 4 4.5 0 1 -9.81 0.5 1.87992191315 0.480467950605 1 Marco  228.23742473699986 0.064 0.421557956315 0.899453962542 1 1 1 0.43 1
71 3 6 0 0 9.81 0.5 2.37157988548 0.680023946741 1 Marco  231.21283264899967 0.064 0.350029652207 1.19155593874 1 1 1 0.43 0
72 3 6 0 0 -9.81 0.5 2.5005710125 0.809015073755 1 Marco  234.69017256100005 0.064 0.315575375649 1.19155593874 1 1 1 0.43 0
73 3 4.5 0 1 9.81 0.5 1.7359828949 0.336528932356 1 Marco  238.30243651399996 0.064 0.429658434685 0.899453962542 1 1 1 0.43 1
74 4 4.5 0 0 -9.81 0.5 2.01573204994 0.6162780874 1 Marco  241.13047230599977 0.064 0.269381467874 0.899453962542 1 1 1 0.43 0
75 4 4.5 0 0 9.81 0.5 1.59444308281 0.194989120268 1 Marco  244.2608234649997 0.064 0.266422018099 0.899453962542 1 1 1 0.43 0
76 3 4.5 0 0 -9.81 0.5 1.94286513329 0.543411170744 1 Marco  246.95433788899982 0.064 0.229985215468 0.899453962542 1 1 1 0.43 0
77 3 4.5 0 1 -9.81 0.5 2.2263109684 0.826857005857 1 Marco  249.99283448200003 0.064 0.416172946749 0.899453962542 1 1 1 0.43 1
78 4 6 0 1 -9.81 0.5 2.74098300934 1.0494270706 1 Marco  253.32458447699992 0.064 0.562367670763 1.19155593874 1 1 1 0.43 1
79 3 6 0 1 9.81 0.5 2.63007092476 0.938514986017 1 Marco  257.17031035599985 0.064 0.543089155706 1.19155593874 1 1 1 0.43 1
80 3 6 0 1 9.81 0.5 2.46552801132 0.77397207258 1 Marco  260.9094173479998 0.064 0.584628265184 1.19155593874 1 1 1 0.43 1
81 4 4.5 0 1 -9.81 0.5 2.08139586449 0.681941901945 1 Marco  264.490783794 0.064 0.427038053958 0.899453962542 1 1 1 0.43 1
82 3 4.5 0 0 9.81 0.5 1.93488883972 0.53543487718 1 Marco  267.6787411289997 0.064 0.233648981815 0.899453962542 1 1 1 0.43 0
83 3 6 0 0 9.81 0.5 2.52597904205 0.834423103311 1 Marco  270.71497663699984 0.064 0.318140052417 1.19155593874 1 1 1 0.43 0
84 4 4.5 0 1 9.81 0.5 1.82091784477 0.421463882231 1 Marco  274.3555487169997 0.064 0.41724297078 0.899453962542 1 1 1 0.43 1
85 3 6 0 0 -9.81 0.5 2.67912101746 0.987565078714 1 Marco  277.276834494 0.064 0.329125472431 1.19155593874 1 1 1 0.43 0
86 4 6 0 0 -9.81 0.5 2.60064196587 0.909086027124 1 Marco  281.07113222499993 0.064 0.325881848168 1.19155593874 1 1 1 0.43 0
87 4 6 0 1 -9.81 0.5 3.11043190956 1.41887597082 1 Marco  284.7770566199997 0.064 0.578292116935 1.19155593874 1 1 1 0.43 1
88 3 6 0 1 -9.81 0.5 2.68061494827 0.989059009531 1 Marco  288.9727067619997 0.064 0.573476604234 1.19155593874 1 1 1 0.43 1
89 4 4.5 0 0 9.81 0.5 1.74954104424 0.350087081693 1 Marco  292.75651792100007 0.064 0.226044312914 0.899453962542 1 1 1 0.43 0
90 3 4.5 0 0 -9.81 0.5 1.74417304993 0.344719087385 1 Marco  295.6039862769999 0.064 0.254572603033 0.899453962542 1 1 1 0.43 0
91 3 4.5 0 1 9.81 0.5 1.79975199699 0.400298034452 1 Marco  298.4544965539999 0.064 0.41846848756 0.899453962542 1 1 1 0.43 1
92 3 4.5 0 1 -9.81 0.5 1.59148788452 0.19203392198 1 Marco  301.3575916519999 0.064 0.445556497157 0.899453962542 1 1 1 0.43 1
93 4 6 0 1 9.81 0.5 2.04458594322 0.35303000448 1 Marco  304.0542443199997 0.064 0.548361795458 1.19155593874 1 1 1 0.43 1
94 4 4.5 0 0 -9.81 0.5 1.86174297333 0.462289010786 1 Marco  307.2216977779999 0.064 0.249765755038 0.899453962542 1 1 1 0.43 0
95 4 6 0 0 9.81 0.5 2.42509293556 0.73353699682 1 Marco  310.1849720619998 0.064 0.335487077873 1.19155593874 1 1 1 0.43 0
96 4 4.5 0 1 9.81 0.5 2.08913803101 0.689684068464 1 Marco  313.7030194169997 0.064 0.426743016844 0.899453962542 1 1 1 0.43 1
97 3 4.5 0 0 -9.81 0.5 2.10931897163 0.709865009092 1 Marco  316.894700069 0.064 0.229707765223 0.899453962542 1 1 1 0.43 0
98 3 4.5 0 0 9.81 0.5 1.91082811356 0.511374151014 1 Marco  320.1043120449999 0.064 0.244939637684 0.899453962542 1 1 1 0.43 0
99 4 4.5 0 0 9.81 0.5 1.8899371624 0.490483199857 1 Marco  323.1187410909997 0.064 0.250993572183 0.899453962542 1 1 1 0.43 0
100 4 6 0 0 9.81 0.5 2.48870396614 0.797148027399 1 Marco  326.1058444309997 0.064 0.356970603525 1.19155593874 1 1 1 0.43 0
101 3 4.5 0 1 -9.81 0.5 2.13230514526 0.732851182722 1 Marco  329.6967938349999 0.064 0.412034518238 0.899453962542 1 1 1 0.43 1
102 4 4.5 0 1 -9.81 0.5 2.75879001617 1.35933605363 1 Marco  332.9425216559998 0.064 0.44731686705 0.899453962542 1 1 1 0.43 1
103 3 6 0 0 9.81 0.5 2.73868918419 1.04713324545 1 Marco  336.8101560629998 0.064 0.323575847664 1.19155593874 1 1 1 0.43 0
104 3 6 0 1 9.81 0.5 2.04894018173 0.35738424299 1 Marco  340.66375563999964 0.064 0.542330780167 1.19155593874 1 1 1 0.43 1
105 4 4.5 0 0 -9.81 0.5 1.78171086311 0.382256900572 1 Marco  343.80041440800005 0.064 0.264079565935 0.899453962542 1 1 1 0.43 0
106 3 6 0 0 -9.81 0.5 2.07706594467 0.38551000593 1 Marco  346.6862556599999 0.064 0.331711502699 1.19155593874 1 1 1 0.43 0
107 4 6 0 1 -9.81 0.5 2.53830885887 0.846752920129 1 Marco  349.87655634199973 0.064 0.575394580775 1.19155593874 1 1 1 0.43 1
108 3 4.5 0 1 9.81 0.5 1.62786793709 0.228413974546 1 Marco  353.51022486600004 0.064 0.424844360962 0.899453962542 1 1 1 0.43 1
109 4 6 0 0 -9.81 0.5 2.43584895134 0.744293012598 1 Marco  356.2407927049999 0.064 0.31523653807 1.19155593874 1 1 1 0.43 0
110 3 6 0 1 -9.81 0.5 2.52869391441 0.837137975671 1 Marco  359.77478139699997 0.064 0.582008099159 1.19155593874 1 1 1 0.43 1
111 4 6 0 1 9.81 0.5 2.00209999084 0.310544052103 1 Marco  363.41414553799996 0.064 0.543757538714 1.19155593874 1 1 1 0.43 1
112 3 6 0 0 -9.81 0.5 2.68732905388 0.995773115137 1 Marco  366.521093503 0.064 0.34612862568 1.19155593874 1 1 1 0.43 0
113 4 4.5 0 1 -9.81 0.5 2.09657597542 0.697122012876 1 Marco  370.3051075569997 0.064 0.418476613418 0.899453962542 1 1 1 0.43 1
114 3 6 0 1 -9.81 0.5 2.87732410431 1.18576816557 1 Marco  373.50958132100004 0.064 0.57290794285 1.19155593874 1 1 1 0.43 1
115 3 4.5 0 1 -9.81 0.5 2.34373903275 0.944285070204 1 Marco  377.49594092300003 0.064 0.440312487383 0.899453962542 1 1 1 0.43 1
116 4 6 0 1 9.81 0.5 4.08962488174 2.398068943 1 Marco  380.946262682 0.064 0.551700125944 1.19155593874 1 1 1 0.43 1
117 4 6 0 0 9.81 0.5 2.44484210014 0.753286161401 1 Marco  386.122260093 0.064 0.320760660845 1.19155593874 1 1 1 0.43 0
118 3 6 0 0 9.81 0.5 2.28179502487 0.59023908613 1 Marco  389.6733691049999 0.064 0.335382620885 1.19155593874 1 1 1 0.43 0
119 4 4.5 0 1 9.81 0.5 1.79765582085 0.398201858305 1 Marco  393.05116897399967 0.064 0.406633653932 0.899453962542 1 1 1 0.43 1
120 3 6 0 1 9.81 0.5 2.16230607033 0.470750131586 1 Marco  395.9516761079999 0.064 0.569320003403 1.19155593874 1 1 1 0.43 1
121 3 4.5 0 1 9.81 0.5 1.86808300018 0.468629037641 1 Marco  399.222866909 0.064 0.411355617065 0.899453962542 1 1 1 0.43 1
122 4 6 0 0 -9.81 0.5 2.47668099403 0.785125055292 1 Marco  402.19401607500004 0.064 0.353993497746 1.19155593874 1 1 1 0.43 0
123 4 6 0 1 -9.81 0.5 3.30753707886 1.61598114012 1 Marco  405.76464871999997 0.064 0.588677729907 1.19155593874 1 1 1 0.43 1
124 4 4.5 0 0 9.81 0.5 1.6411421299 0.241688167356 1 Marco  410.17905820199985 0.064 0.259706186761 0.899453962542 1 1 1 0.43 0
125 3 4.5 0 0 -9.81 0.5 1.7869758606 0.387521898054 1 Marco  412.91685678899967 0.064 0.26947096768 0.899453962542 1 1 1 0.43 0
126 3 4.5 0 0 9.81 0.5 1.67215418816 0.272700225614 1 Marco  415.80856328499976 0.064 0.230002260846 0.899453962542 1 1 1 0.43 0
127 4 4.5 0 0 -9.81 0.5 1.72596979141 0.326515828871 1 Marco  418.5913213839999 0.064 0.255788106146 0.899453962542 1 1 1 0.43 0
128 3 4.5 0 1 -9.81 0.5 1.70296096802 0.303507005476 1 Marco  421.41140136600006 0.064 0.432784106579 0.899453962542 1 1 1 0.43 1
129 4 6 0 0 9.81 0.5 2.13176488876 0.440208950021 1 Marco  424.21793799399984 0.064 0.331590832262 1.19155593874 1 1 1 0.43 0
130 3 6 0 1 9.81 0.5 2.13549494743 0.443939008692 1 Marco  427.452434713 0.064 0.589218967903 1.19155593874 1 1 1 0.43 1
131 3 6 0 0 -9.81 0.5 2.52841997147 0.836864032724 1 Marco  430.69876430299973 0.064 0.344904906919 1.19155593874 1 1 1 0.43 0
132 3 4.5 0 0 -9.81 0.5 2.04561400414 0.646160041593 1 Marco  434.32847917699974 0.064 0.225810086254 0.899453962542 1 1 1 0.43 0
133 4 4.5 0 0 9.81 0.5 1.38720107079 -0.0122528917563 1 Marco  437.4854578730001 0.064 0.238790704802 0.899453962542 1 1 1 0.43 0
134 4 4.5 0 1 -9.81 0.5 1.85084605217 0.451392089628 1 Marco  439.977040105 0.064 0.44934270533 0.899453962542 1 1 1 0.43 1
135 4 6 0 1 9.81 0.5 1.83660101891 0.145045080164 1 Marco  442.94321206099994 0.064 0.539962095287 1.19155593874 1 1 1 0.43 1
136 4 6 0 0 -9.81 0.5 2.69821095467 1.00665501592 1 Marco  445.8825042059998 0.064 0.344170833236 1.19155593874 1 1 1 0.43 0
137 3 6 0 1 -9.81 0.5 2.53489279747 0.843336858728 1 Marco  449.68465013900004 0.064 0.563514082674 1.19155593874 1 1 1 0.43 1
138 3 6 0 0 9.81 0.5 2.19979500771 0.508239068964 1 Marco  453.31932018 0.064 0.349074603318 1.19155593874 1 1 1 0.43 0
139 4 6 0 1 -9.81 0.5 2.49959111214 0.808035173395 1 Marco  456.6182635529999 0.064 0.539356926308 1.19155593874 1 1 1 0.43 1
140 3 4.5 0 1 9.81 0.5 1.62739801407 0.227944051527 1 Marco  460.218017618 0.064 0.415420876926 0.899453962542 1 1 1 0.43 1
141 3 4.5 0 0 9.81 0.5 1.56820392609 0.168749963545 1 Marco  462.95463597599974 0.064 0.247615101673 0.899453962542 1 1 1 0.43 0
142 4 4.5 0 1 9.81 0.5 1.43561196327 0.0361580007303 1 Marco  465.6372187259999 0.064 0.410271763647 0.899453962542 1 1 1 0.43 1
143 4 4.5 0 0 -9.81 0.5 1.77123188972 0.371777927183 1 Marco  468.15740286599976 0.064 0.235645879995 0.899453962542 1 1 1 0.43 0
144 3 6 0 0 9.81 0.5 2.0470020771 0.355446138361 1 Marco  471.040043083 0.064 0.321323413828 1.19155593874 1 1 1 0.43 0
145 4 4.5 0 1 9.81 0.5 1.65032792091 0.250873958372 1 Marco  474.2031257429999 0.064 0.424543780323 0.899453962542 1 1 1 0.43 1
146 4 4.5 0 0 -9.81 0.5 1.60288405418 0.203430091642 1 Marco  476.9432703299999 0.064 0.251911941571 0.899453962542 1 1 1 0.43 0
147 4 4.5 0 0 9.81 0.5 1.60950493813 0.210050975584 1 Marco  479.6367808519999 0.064 0.258156532251 0.899453962542 1 1 1 0.43 0
148 3 4.5 0 1 -9.81 0.5 1.87074494362 0.471290981077 1 Marco  482.33337383299977 0.064 0.41797585594 0.899453962542 1 1 1 0.43 1
149 4 6 0 0 -9.81 0.5 2.45278215408 0.761226215341 1 Marco  485.31606540999974 0.064 0.351455293161 1.19155593874 1 1 1 0.43 0
150 3 4.5 0 0 -9.81 0.5 1.79457116127 0.395117198728 1 Marco  488.8757214120001 0.064 0.239837551317 0.899453962542 1 1 1 0.43 0
151 3 4.5 0 1 9.81 0.5 1.65065383911 0.25119987657 1 Marco  491.77962067199996 0.064 0.447879746677 0.899453962542 1 1 1 0.43 1
152 3 6 0 1 9.81 0.5 1.84501600266 0.153460063913 1 Marco  494.52470811099965 0.064 0.571728494878 1.19155593874 1 1 1 0.43 1
153 3 6 0 1 -9.81 0.5 2.39774513245 0.706189193704 1 Marco  497.47196403399994 0.064 0.548331895981 1.19155593874 1 1 1 0.43 1
154 3 6 0 0 -9.81 0.5 2.19754886627 0.50599292753 1 Marco  500.9785530979998 0.064 0.323021608295 1.19155593874 1 1 1 0.43 0
155 4 6 0 1 -9.81 0.5 2.41869091988 0.727134981134 1 Marco  504.2697159539998 0.064 0.542730479719 1.19155593874 1 1 1 0.43 1
156 4 6 0 0 9.81 0.5 1.84114313126 0.149587192514 1 Marco  507.8005521780001 0.064 0.317283542283 1.19155593874 1 1 1 0.43 0
157 3 4.5 0 0 9.81 0.5 1.49963402748 0.100180064939 1 Marco  510.75460650099967 0.064 0.235227876088 0.899453962542 1 1 1 0.43 0
158 4 4.5 0 1 -9.81 0.5 1.54048395157 0.141029989027 1 Marco  513.3722596069997 0.064 0.441835991193 0.899453962542 1 1 1 0.43 1
159 4 6 0 1 9.81 0.5 2.19553685188 0.503980913141 1 Marco  516.001737689 0.064 0.547684080579 1.19155593874 1 1 1 0.43 1
160 4 4.5 0 0 -9.81 0.5 1.80045819283 0.401004230284 1 Marco  519.304630648 0.064 0.233381557472 0.899453962542 1 1 1 0.43 0
161 3 6 0 1 9.81 0.5 2.10984706879 0.418291130045 1 Marco  522.2122334860001 0.064 0.579022609228 1.19155593874 1 1 1 0.43 1
162 4 4.5 0 1 -9.81 0.5 1.80542302132 0.405969058775 1 Marco  525.4231656289999 0.064 0.415518690445 0.899453962542 1 1 1 0.43 1
163 3 6 0 0 9.81 0.5 2.10732889175 0.415772953012 1 Marco  528.33779598 0.064 0.344882226146 1.19155593874 1 1 1 0.43 0
164 3 4.5 0 1 -9.81 0.5 2.0104329586 0.610978996061 1 Marco  531.5410611469997 0.064 0.418682210684 0.899453962542 1 1 1 0.43 1
165 3 6 0 1 -9.81 0.5 2.57091903687 0.879363098123 1 Marco  534.6611915539997 0.064 0.592822126666 1.19155593874 1 1 1 0.43 1
166 4 6 0 0 9.81 0.5 1.74606490135 0.05450896261 1 Marco  538.330859012 0.064 0.305112359742 1.19155593874 1 1 1 0.43 0
167 3 6 0 0 -9.81 0.5 2.56025505066 0.868699111917 1 Marco  541.1727209779997 0.064 0.352218639031 1.19155593874 1 1 1 0.43 0
168 4 6 0 0 -9.81 0.5 2.58865308762 0.897097148874 1 Marco  544.8224728229998 0.064 0.340144146834 1.19155593874 1 1 1 0.43 0
169 4 6 0 1 -9.81 0.5 3.09201788902 1.40046195028 1 Marco  548.5186576809997 0.064 0.565557820727 1.19155593874 1 1 1 0.43 1
170 4 4.5 0 1 9.81 0.5 2.17317295074 0.773718988203 1 Marco  552.7037490139996 0.064 0.427813713157 0.899453962542 1 1 1 0.43 1
171 3 4.5 0 1 9.81 0.5 1.78969192505 0.390237962507 1 Marco  555.9835329379998 0.064 0.44888502221 0.899453962542 1 1 1 0.43 1
172 3 4.5 0 0 9.81 0.5 1.87426304817 0.47480908563 1 Marco  558.8862124349998 0.064 0.258130940576 0.899453962542 1 1 1 0.43 0
173 4 4.5 0 0 9.81 0.5 1.43353486061 0.0340808980692 1 Marco  561.8590765499998 0.064 0.260413761937 0.899453962542 1 1 1 0.43 0
174 3 4.5 0 0 -9.81 0.5 1.81254410744 0.413090144895 1 Marco  564.3848751969999 0.064 0.229670992814 0.899453962542 1 1 1 0.43 0
175 4 6 0 1 9.81 0.5 2.07284212112 0.381286182382 1 Marco  567.3096745939997 0.064 0.564352184255 1.19155593874 1 1 1 0.43 1
176 4 4.5 0 0 -9.81 0.5 2.00115895271 0.601704990171 1 Marco  570.4916463139998 0.064 0.263368781723 0.899453962542 1 1 1 0.43 0
177 4 4.5 0 0 9.81 0.5 1.68586802483 0.286414062284 1 Marco  573.6093413179997 0.064 0.25846089959 0.899453962542 1 1 1 0.43 0
178 3 4.5 0 1 -9.81 0.5 2.15575504303 0.756301080488 1 Marco  576.4029985739999 0.064 0.442006735977 0.899453962542 1 1 1 0.43 1
179 3 6 0 1 -9.81 0.5 2.56597709656 0.874421157816 1 Marco  579.677419223 0.064 0.538414098487 1.19155593874 1 1 1 0.43 1
180 4 4.5 0 1 -9.81 0.5 2.19026112556 0.790807163023 1 Marco  583.3615804639999 0.064 0.435577378794 0.899453962542 1 1 1 0.43 1
181 4 4.5 0 1 9.81 0.5 1.69787192345 0.298417960905 1 Marco  586.6364964909999 0.064 0.443672927171 0.899453962542 1 1 1 0.43 1
182 3 6 0 0 9.81 0.5 2.41086697578 0.719311037042 1 Marco  589.4464467409998 0.064 0.311965128895 1.19155593874 1 1 1 0.43 0
183 3 4.5 0 0 9.81 0.5 1.70086884499 0.301414882444 1 Marco  592.9719132239998 0.064 0.229054411813 0.899453962542 1 1 1 0.43 0
184 4 6 0 1 -9.81 0.5 2.45053195953 0.758976020792 1 Marco  595.771712581 0.064 0.543067479524 1.19155593874 1 1 1 0.43 1
185 4 6 0 0 9.81 0.5 2.40837097168 0.716815032938 1 Marco  599.3382921980001 0.064 0.313893980204 1.19155593874 1 1 1 0.43 0
186 3 6 0 0 -9.81 0.5 2.61512184143 0.923565902689 1 Marco  602.844395133 0.064 0.349389685178 1.19155593874 1 1 1 0.43 0
187 3 4.5 0 0 -9.81 0.5 1.70454883575 0.305094873213 1 Marco  606.551812659 0.064 0.230737119678 0.899453962542 1 1 1 0.43 0
188 4 6 0 1 9.81 0.5 2.03508496284 0.343529024103 1 Marco  609.3652057239997 0.064 0.56867683293 1.19155593874 1 1 1 0.43 1
189 4 6 0 0 -9.81 0.5 2.24090600014 0.549350061395 1 Marco  612.516124188 0.064 0.338736583445 1.19155593874 1 1 1 0.43 0
190 3 4.5 0 1 9.81 0.5 1.66846513748 0.26901117494 1 Marco  615.8654652209998 0.064 0.411285087481 0.899453962542 1 1 1 0.43 1
191 3 6 0 1 9.81 0.5 2.39895391464 0.7073979759 1 Marco  618.637794792 0.064 0.568951591764 1.19155593874 1 1 1 0.43 1
192 4 4.5 0 0 9.81 0.5 1.44367599487 0.0442220323313 1 Marco  622.1411452069997 0.064 0.260656237433 0.899453962542 1 1 1 0.43 0
193 3 4.5 0 0 -9.81 0.5 1.55257320404 0.153119241499 1 Marco  624.6907828389999 0.064 0.230430150347 0.899453962542 1 1 1 0.43 0
194 3 6 0 0 -9.81 0.5 2.47926187515 0.787705936411 1 Marco  627.339867611 0.064 0.348186529234 1.19155593874 1 1 1 0.43 0
195 4 6 0 1 9.81 0.5 2.28090882301 0.589352884271 1 Marco  630.9151207909999 0.064 0.548354201195 1.19155593874 1 1 1 0.43 1
196 3 6 0 1 9.81 0.5 2.46878385544 0.777227916696 1 Marco  634.3001024709997 0.064 0.570426556449 1.19155593874 1 1 1 0.43 1
197 3 4.5 0 1 9.81 0.5 1.71875786781 0.319303905271 1 Marco  637.8801653299997 0.064 0.423838188889 0.899453962542 1 1 1 0.43 1
198 3 4.5 0 0 9.81 0.5 1.52246379852 0.123009835981 1 Marco  640.711008925 0.064 0.266528016219 0.899453962542 1 1 1 0.43 0
199 3 6 0 1 -9.81 0.5 2.86847186089 1.17691592214 1 Marco  643.33845509 0.064 0.56721501307 1.19155593874 1 1 1 0.43 1
200 4 6 0 0 9.81 0.5 1.8763718605 0.184815921762 1 Marco  647.9709452719999 0.064 0.309003775495 1.19155593874 1 1 1 0.43 0
201 4 4.5 0 1 -9.81 0.5 1.63658094406 0.237126981519 1 Marco  650.2832105990001 0.064 0.439401205221 0.899453962542 1 1 1 0.43 1
202 3 6 0 0 9.81 0.5 2.18428611755 0.492730178812 1 Marco  653.0265542269999 0.064 0.312252919838 1.19155593874 1 1 1 0.43 0
203 4 6 0 0 -9.81 0.5 2.39363908768 0.702083148935 1 Marco  656.2990282639998 0.064 0.311559707055 1.19155593874 1 1 1 0.43 0
204 3 4.5 0 1 -9.81 0.5 1.81925988197 0.419805919431 1 Marco  659.8065242140001 0.064 0.426012548331 0.899453962542 1 1 1 0.43 1
205 4 6 0 1 -9.81 0.5 2.44863390923 0.757077970483 1 Marco  662.7158802239996 0.064 0.576094308092 1.19155593874 1 1 1 0.43 1
206 4 4.5 0 1 9.81 0.5 1.65408301353 0.254629050993 1 Marco  666.2613950619998 0.064 0.436887287595 0.899453962542 1 1 1 0.43 1
207 4 4.5 0 0 -9.81 0.5 1.92761492729 0.52816096475 1 Marco  669.0007280279997 0.064 0.261740101339 0.899453962542 1 1 1 0.43 0
208 3 6 0 1 9.81 0.5 2.18701100349 0.495455064752 1 Marco  672.0437089799998 0.064 0.567903040411 1.19155593874 1 1 1 0.43 1
209 3 6 0 0 9.81 0.5 2.1538579464 0.462302007654 1 Marco  675.338736831 0.064 0.321352459136 1.19155593874 1 1 1 0.43 0
210 4 4.5 0 1 9.81 0.5 1.70833611488 0.308882152342 1 Marco  678.5970042229997 0.064 0.447127008088 0.899453962542 1 1 1 0.43 1
211 3 6 0 1 -9.81 0.5 1.9841799736 0.29262403486 1 Marco  681.3968275259999 0.064 0.553345909506 1.19155593874 1 1 1 0.43 1
212 4 6 0 1 9.81 0.5 2.37681388855 0.685257949808 1 Marco  684.4824583159998 0.064 0.584992598554 1.19155593874 1 1 1 0.43 1
213 3 4.5 0 0 9.81 0.5 1.99938082695 0.599926864408 1 Marco  687.9633679959998 0.064 0.255966213322 0.899453962542 1 1 1 0.43 0
214 3 4.5 0 1 9.81 0.5 1.64128899574 0.241835033201 1 Marco  691.064942213 0.064 0.427339171939 0.899453962542 1 1 1 0.43 1
215 4 4.5 0 1 -9.81 0.5 1.90014004707 0.500686084532 1 Marco  693.8154702709999 0.064 0.430573953973 0.899453962542 1 1 1 0.43 1
216 3 6 0 0 -9.81 0.5 2.55560302734 0.864047088602 1 Marco  696.8334445109999 0.064 0.336288806904 1.19155593874 1 1 1 0.43 0
217 4 6 0 0 -9.81 0.5 2.01740694046 0.325851001718 1 Marco  700.474439004 0.064 0.309889826515 1.19155593874 1 1 1 0.43 0
218 3 4.5 0 1 -9.81 0.5 1.93948292732 0.540028964781 1 Marco  703.610232044 0.064 0.409135739487 0.899453962542 1 1 1 0.43 1
219 4 6 0 0 9.81 0.5 2.22050714493 0.528951206186 1 Marco  706.6515514409998 0.064 0.308749354245 1.19155593874 1 1 1 0.43 0
220 4 4.5 0 0 9.81 0.5 1.80530190468 0.405847942137 1 Marco  709.9727327319997 0.064 0.247632138414 0.899453962542 1 1 1 0.43 0
221 3 4.5 0 0 -9.81 0.5 1.92011785507 0.52066389253 1 Marco  712.8949309269997 0.064 0.250819672624 0.899453962542 1 1 1 0.43 0
222 4 6 0 1 -9.81 0.5 2.66793990135 0.97638396261 1 Marco  715.905170046 0.064 0.537989891505 1.19155593874 1 1 1 0.43 1
223 4 4.5 0 0 -9.81 0.5 1.78119587898 0.381741916441 1 Marco  719.672986992 0.064 0.22863763281 0.899453962542 1 1 1 0.43 0
224 3 4.5 0 1 -9.81 0.5 2.277739048 0.878285085462 1 Marco  722.5532533559999 0.064 0.405045922399 0.899453962542 1 1 1 0.43 1
225 3 6 0 0 9.81 0.5 2.39033913612 0.698783197382 1 Marco  725.9439351379997 0.064 0.348300507176 1.19155593874 1 1 1 0.43 0
226 4 4.5 0 0 9.81 0.5 2.03217220306 0.632718240522 1 Marco  729.4245521759999 0.064 0.24610371061 0.899453962542 1 1 1 0.43 0
227 3 4.5 0 0 -9.81 0.5 2.07925486565 0.679800903105 1 Marco  732.5629788429997 0.064 0.256409694318 0.899453962542 1 1 1 0.43 0
228 3 6 0 1 -9.81 0.5 2.56619381905 0.874637880304 1 Marco  735.76129249 0.064 0.547462015232 1.19155593874 1 1 1 0.43 1
229 4 6 0 0 9.81 0.5 2.71210503578 1.02054909704 1 Marco  739.4173220799998 0.064 0.312419915591 1.19155593874 1 1 1 0.43 0
230 4 6 0 1 9.81 0.5 2.83010315895 1.13854722021 1 Marco  743.2351338519998 0.064 0.592957189729 1.19155593874 1 1 1 0.43 1
231 4 4.5 0 1 -9.81 0.5 2.16534805298 0.765894090437 1 Marco  747.177895409 0.064 0.445446220173 0.899453962542 1 1 1 0.43 1
232 4 6 0 1 -9.81 0.5 2.5037021637 0.812146224954 1 Marco  750.4365816919999 0.064 0.579453802364 1.19155593874 1 1 1 0.43 1
233 4 6 0 0 -9.81 0.5 2.07937812805 0.38782218931 1 Marco  754.0385407509998 0.064 0.35226303426 1.19155593874 1 1 1 0.43 0
234 4 4.5 0 1 9.81 0.5 2.09007310867 0.690619146131 1 Marco  757.214686026 0.064 0.439833485277 0.899453962542 1 1 1 0.43 1
235 3 4.5 0 1 9.81 0.5 1.86428117752 0.464827214979 1 Marco  760.392422931 0.064 0.439038359503 0.899453962542 1 1 1 0.43 1
236 4 4.5 0 0 -9.81 0.5 1.87561202049 0.476158057951 1 Marco  763.3677246459997 0.064 0.259653867576 0.899453962542 1 1 1 0.43 0
237 3 4.5 0 0 9.81 0.5 1.48317193985 0.0837179773081 1 Marco  766.341785135 0.064 0.257966992951 0.899453962542 1 1 1 0.43 0
238 3 6 0 1 9.81 0.5 2.23865509033 0.54709915159 1 Marco  768.9290121219997 0.064 0.582872947482 1.19155593874 1 1 1 0.43 1
239 3 6 0 0 -9.81 0.5 2.53297495842 0.841419019678 1 Marco  772.2752676329997 0.064 0.350191410259 1.19155593874 1 1 1 0.43 0
240 3 6 0 0 -9.81 0.5 2.44671607018 0.755160131433 1 Marco  775.9002696309999 0.064 0.306645472987 1.19155593874 1 1 1 0.43 0
241 3 4.5 0 1 -9.81 0.5 1.4215669632 0.022113000654 1 Marco  779.4528344299997 0.064 0.419682781661 0.899453962542 1 1 1 0.43 1
242 3 4.5 0 1 9.81 0.5 4.46420192719 3.06474796464 1 Marco  781.9740285150001 0.064 0.438172209374 0.899453962542 1 1 1 0.43 1
243 4 4.5 0 1 9.81 0.5 1.7210559845 0.321602021955 1 Marco  787.529832488 0.064 0.419941759483 0.899453962542 1 1 1 0.43 1
244 3 6 0 1 9.81 0.5 2.3588578701 0.66730193136 1 Marco  790.360260553 0.064 0.564725180279 1.19155593874 1 1 1 0.43 1
245 4 6 0 1 -9.81 0.5 1.9907040596 0.299148120859 1 Marco  793.8150419199997 0.064 0.537852286999 1.19155593874 1 1 1 0.43 1
246 4 4.5 0 1 -9.81 0.5 2.03679203987 0.637338077329 1 Marco  796.9098979159999 0.064 0.436338135832 0.899453962542 1 1 1 0.43 1
247 4 6 0 0 -9.81 0.5 2.60811185837 0.916555919626 1 Marco  800.0431123469998 0.064 0.342189839948 1.19155593874 1 1 1 0.43 0
248 4 6 0 1 9.81 0.5 2.86576485634 1.1742089176 1 Marco  803.759508608 0.064 0.595440885679 1.19155593874 1 1 1 0.43 1
249 4 4.5 0 0 9.81 0.5 1.75511288643 0.355658923887 1 Marco  807.722594678 0.064 0.238502649629 0.899453962542 1 1 1 0.43 0
250 4 6 0 0 9.81 0.5 2.86762189865 1.17606595991 1 Marco  810.5852806160001 0.064 0.339183068493 1.19155593874 1 1 1 0.43 0
251 3 4.5 0 0 9.81 0.5 1.92389392853 0.524439965986 1 Marco  814.5611021089999 0.064 0.258589730509 0.899453962542 1 1 1 0.43 0
252 3 6 0 1 -9.81 0.5 2.76067185402 1.06911591528 1 Marco  817.5860047629999 0.064 0.549620051806 1.19155593874 1 1 1 0.43 1
253 3 6 0 0 9.81 0.5 2.17904400826 0.487488069513 1 Marco  821.4439072739997 0.064 0.305934060275 1.19155593874 1 1 1 0.43 0
254 4 4.5 0 0 -9.81 0.5 2.05500507355 0.655551111006 1 Marco  824.7382087799997 0.064 0.255151624864 0.899453962542 1 1 1 0.43 0
255 3 4.5 0 0 -9.81 0.5 1.86817407608 0.468720113539 1 Marco  827.886051466 0.064 0.262494254877 0.899453962542 1 1 1 0.43 0
256 3 6 0 1 -9.81 0.5 2.30437397957 0.612818040827 1 Marco  830.8739320269997 0.064 0.565997264585 1.19155593874 1 1 1 0.43 1
257 3 4.5 0 1 -9.81 0.5 2.05526399612 0.655810033582 1 Marco  834.294898782 0.064 0.405246334065 0.899453962542 1 1 1 0.43 1
258 3 6 0 0 -9.81 0.5 2.41674900055 0.725193061807 1 Marco  837.4653278779997 0.064 0.3112985277 1.19155593874 1 1 1 0.43 0
259 4 4.5 0 0 9.81 0.5 1.75817584991 0.358721887373 1 Marco  840.9908897739997 0.064 0.241010779905 0.899453962542 1 1 1 0.43 0
260 3 6 0 0 9.81 0.5 2.51732301712 0.825767078378 1 Marco  844.2155630829998 0.064 0.305286700248 1.19155593874 1 1 1 0.43 0
261 4 6 0 1 -9.81 0.5 3.4656457901 1.77408985136 1 Marco  847.4945344289999 0.064 0.556981531487 1.19155593874 1 1 1 0.43 1
262 4 4.5 0 0 -9.81 0.5 1.94756197929 0.548108016752 1 Marco  852.0627082850001 0.064 0.250714314426 0.899453962542 1 1 1 0.43 0
263 4 6 0 0 9.81 0.5 1.91287517548 0.221319236734 1 Marco  855.1157115779997 0.064 0.353192539097 1.19155593874 1 1 1 0.43 0
264 4 4.5 0 1 -9.81 0.5 2.01689195633 0.617437993788 1 Marco  858.1359963179998 0.064 0.408541245849 0.899453962542 1 1 1 0.43 1
265 4 4.5 0 1 9.81 0.5 1.949187994 0.549734031461 1 Marco  861.2595508609998 0.064 0.442545448961 0.899453962542 1 1 1 0.43 1
266 3 4.5 0 0 -9.81 0.5 2.13303208351 0.73357812097 1 Marco  864.3100927569999 0.064 0.234305223853 0.899453962542 1 1 1 0.43 0
267 4 6 0 0 -9.81 0.5 2.88540196419 1.19384602545 1 Marco  867.5524942059997 0.064 0.3394595016 1.19155593874 1 1 1 0.43 0
268 3 4.5 0 1 9.81 0.5 1.77509880066 0.375644838117 1 Marco  871.5423451219999 0.064 0.444126653046 0.899453962542 1 1 1 0.43 1
269 4 6 0 1 9.81 0.5 2.61307811737 0.921522178629 1 Marco  874.4290348059999 0.064 0.567396248465 1.19155593874 1 1 1 0.43 1
270 3 6 0 1 9.81 0.5 2.591837883 0.900281944254 1 Marco  878.1500688609999 0.064 0.55796979035 1.19155593874 1 1 1 0.43 1
271 3 4.5 0 0 9.81 0.5 1.81830096245 0.418846999906 1 Marco  881.8439633089997 0.064 0.238031118023 0.899453962542 1 1 1 0.43 0
272 3 4.5 0 1 9.81 0.5 2.11176800728 0.712314044737 1 Marco  884.7478900309998 0.064 0.413325788401 0.899453962542 1 1 1 0.43 1
273 3 4.5 0 1 -9.81 0.5 1.99068403244 0.591230069898 1 Marco  887.9689708259998 0.064 0.448061967208 0.899453962542 1 1 1 0.43 1
274 4 6 0 1 -9.81 0.5 2.70555710793 1.01400116918 1 Marco  891.054101966 0.064 0.541319865207 1.19155593874 1 1 1 0.43 1
275 4 4.5 0 0 -9.81 0.5 2.06960511208 0.670151149534 1 Marco  894.8669259839999 0.064 0.265304473789 0.899453962542 1 1 1 0.43 0
276 3 4.5 0 0 9.81 0.5 1.81643795967 0.416983997129 1 Marco  898.0311808679999 0.064 0.254672871432 0.899453962542 1 1 1 0.43 0
277 4 6 0 1 9.81 0.5 2.46778798103 0.776232042291 1 Marco  900.9471776249998 0.064 0.556128359877 1.19155593874 1 1 1 0.43 1
278 3 6 0 0 -9.81 0.5 2.48497009277 0.793414154031 1 Marco  904.5129268430001 0.064 0.332663190894 1.19155593874 1 1 1 0.43 0
279 4 6 0 0 -9.81 0.5 2.66299891472 0.971442975977 1 Marco  908.1064159799998 0.064 0.343395773109 1.19155593874 1 1 1 0.43 0
280 4 6 0 0 9.81 0.5 2.12551879883 0.433962860086 1 Marco  911.8645976819998 0.064 0.33949143255 1.19155593874 1 1 1 0.43 0
281 4 4.5 0 1 -9.81 0.5 2.14930295944 0.7498489969 1 Marco  915.098101221 0.064 0.408199547752 0.899453962542 1 1 1 0.43 1
282 4 4.5 0 1 9.81 0.5 1.91821980476 0.518765842222 1 Marco  918.3550411169999 0.064 0.440849516827 0.899453962542 1 1 1 0.43 1
283 4 4.5 0 0 9.81 0.5 1.90417289734 0.504718934797 1 Marco  921.3731962439997 0.064 0.247467722874 0.899453962542 1 1 1 0.43 0
284 3 6 0 1 9.81 0.5 2.77757000923 1.08601407049 1 Marco  924.37529343 0.064 0.584509134147 1.19155593874 1 1 1 0.43 1
285 3 6 0 1 -9.81 0.5 3.57407093048 1.88251499174 1 Marco  928.2413931689998 0.064 0.573331195823 1.19155593874 1 1 1 0.43 1
286 3 6 0 0 9.81 0.5 2.29476189613 0.603205957391 1 Marco  932.9078128639999 0.064 0.314945268542 1.19155593874 1 1 1 0.43 0
287 3 4.5 0 0 -9.81 0.5 2.06075596809 0.661302005552 1 Marco  936.2980025299998 0.064 0.242908345779 0.899453962542 1 1 1 0.43 0
288 4 4.5 0 0 -9.81 0.5 2.11157298088 0.712119018339 1 Marco  939.458423647 0.064 0.240500266845 0.899453962542 1 1 1 0.43 0
289 3 4.5 0 0 9.81 0.5 1.70089888573 0.301444923185 1 Marco  942.6804193909998 0.064 0.267125736881 0.899453962542 1 1 1 0.43 0
290 4 6 0 0 -9.81 0.5 2.32399988174 0.632443943002 1 Marco  945.4953670609998 0.064 0.307163440683 1.19155593874 1 1 1 0.43 0
291 4 6 0 1 9.81 0.5 2.88713717461 1.19558123586 1 Marco  948.912619749 0.064 0.55619188909 1.19155593874 1 1 1 0.43 1
292 4 4.5 0 0 9.81 0.5 1.98810505867 0.588651096128 1 Marco  952.905693275 0.064 0.232166248802 0.899453962542 1 1 1 0.43 0
293 4 6 0 1 -9.81 0.5 2.8914167881 1.19986084936 1 Marco  955.9959054840001 0.064 0.572760866735 1.19155593874 1 1 1 0.43 1
294 4 4.5 0 1 9.81 0.5 2.2635948658 0.864140903257 1 Marco  959.991028463 0.064 0.420880185258 0.899453962542 1 1 1 0.43 1
295 4 6 0 0 9.81 0.5 1.97701191902 0.28545598028 1 Marco  963.370969992 0.064 0.354721344689 1.19155593874 1 1 1 0.43 0
296 3 4.5 0 1 9.81 0.5 2.0185778141 0.61912385156 1 Marco  966.4459605849997 0.064 0.408041172999 0.899453962542 1 1 1 0.43 1
297 3 4.5 0 0 -9.81 0.5 1.82625102997 0.426797067426 1 Marco  969.584291008 0.064 0.243701243857 0.899453962542 1 1 1 0.43 0
298 3 6 0 0 9.81 0.5 2.38171815872 0.69016221998 1 Marco  972.5186561779997 0.064 0.29979306292 1.19155593874 1 1 1 0.43 0
299 3 6 0 1 -9.81 0.5 3.18129110336 1.48973516462 1 Marco  975.9968111519997 0.064 0.554882375825 1.19155593874 1 1 1 0.43 1
300 3 4.5 0 1 -9.81 0.5 1.98771500587 0.588261043333 1 Marco  980.27416012 0.064 0.44290367368 0.899453962542 1 1 1 0.43 1
301 4 4.5 0 1 -9.81 0.5 2.81825900078 1.41880503824 1 Marco  983.3621512579998 0.064 0.440617746897 0.899453962542 1 1 1 0.43 1
302 3 6 0 0 -9.81 0.5 3.34813594818 1.65658000944 1 Marco  987.2761365719998 0.064 0.302536905116 1.19155593874 1 1 1 0.43 0
303 3 6 0 1 9.81 0.5 3.18683290482 1.49527696607 1 Marco  991.7225937190001 0.064 0.565097939887 1.19155593874 1 1 1 0.43 1
304 3 4.5 0 1 -9.81 0.5 2.95825886726 1.55880490472 1 Marco  995.9987268719997 0.064 0.412822271977 0.899453962542 1 1 1 0.43 1
305 4 4.5 0 0 -9.81 0.5 3.36259198189 1.96313801935 1 Marco  1000.0518874249997 0.064 0.247193012247 0.899453962542 1 1 1 0.43 0
306 3 6 0 1 9.81 0.5 2.41590309143 0.724347152689 1 Marco  1004.5108971290001 0.064 0.571258018154 1.19155593874 1 1 1 0.43 1
307 3 4.5 0 0 9.81 0.5 1.67287993431 0.273425971769 1 Marco  1008.0357209149997 0.064 0.237074151684 0.899453962542 1 1 1 0.43 0
308 3 6 0 0 -9.81 0.5 2.1129090786 0.421353139856 1 Marco  1010.8219986649997 0.064 0.3036214575 1.19155593874 1 1 1 0.43 0
309 4 4.5 0 1 -9.81 0.5 2.54620409012 1.14675012758 1 Marco  1014.0507743139997 0.064 0.436308637012 0.899453962542 1 1 1 0.43 1
310 4 6 0 1 -9.81 0.5 2.79351878166 1.10196284292 1 Marco  1017.7105896939997 0.064 0.583147816157 1.19155593874 1 1 1 0.43 1
311 3 4.5 0 0 -9.81 0.5 2.09495186806 0.695497905515 1 Marco  1021.604508465 0.064 0.264274061955 0.899453962542 1 1 1 0.43 0
312 4 6 0 1 9.81 0.5 2.54543709755 0.853881158807 1 Marco  1024.819148305 0.064 0.594829714221 1.19155593874 1 1 1 0.43 1
313 3 6 0 0 9.81 0.5 2.5847260952 0.893170156458 1 Marco  1028.466799895 0.064 0.350204155421 1.19155593874 1 1 1 0.43 0
314 4 4.5 0 1 9.81 0.5 2.35052108765 0.951067125105 1 Marco  1032.148264987 0.064 0.424943164132 0.899453962542 1 1 1 0.43 1
315 3 4.5 0 1 9.81 0.5 2.02546405792 0.626010095381 1 Marco  1035.5990653579997 0.064 0.440291892173 0.899453962542 1 1 1 0.43 1
316 3 6 0 1 -9.81 0.5 2.47020983696 0.778653898218 1 Marco  1038.724465532 0.064 0.579843618034 1.19155593874 1 1 1 0.43 1
317 4 4.5 0 0 9.81 0.5 1.91294813156 0.513494169019 1 Marco  1042.288665266 0.064 0.25603108712 0.899453962542 1 1 1 0.43 0
318 4 6 0 0 -9.81 0.5 2.16245889664 0.470902957895 1 Marco  1045.3026814649998 0.064 0.318583405336 1.19155593874 1 1 1 0.43 0
319 4 6 0 0 9.81 0.5 2.28481221199 0.593256273248 1 Marco  1048.557951321 0.064 0.31264684826 1.19155593874 1 1 1 0.43 0
320 3 6 0 1 -9.81 0.5 2.45653986931 0.764983930567 1 Marco  1051.95778341 0.064 0.595553797015 1.19155593874 1 1 1 0.43 1
321 4 6 0 1 9.81 0.5 2.66480994225 0.973254003504 1 Marco  1055.501636135 0.064 0.558608471171 1.19155593874 1 1 1 0.43 1
322 3 4.5 0 1 -9.81 0.5 1.9765329361 0.577078973554 1 Marco  1059.258988615 0.064 0.449438145174 0.899453962542 1 1 1 0.43 1
323 3 4.5 0 0 9.81 0.5 2.05473303795 0.655279075407 1 Marco  1062.320585253 0.064 0.255433305471 0.899453962542 1 1 1 0.43 0
324 4 4.5 0 0 9.81 0.5 1.88589191437 0.486437951826 1 Marco  1065.493016941 0.064 0.226668064514 0.899453962542 1 1 1 0.43 0
325 4 6 0 0 -9.81 0.5 3.04124522209 1.34968928335 1 Marco  1068.4638735579997 0.064 0.322809616253 1.19155593874 1 1 1 0.43 0
326 4 4.5 0 1 9.81 0.5 2.25995707512 0.860503112577 1 Marco  1072.6187322299998 0.064 0.43826655073 0.899453962542 1 1 1 0.43 1
327 3 6 0 0 9.81 0.5 2.42380905151 0.732253112772 1 Marco  1075.995289777 0.064 0.316021127552 1.19155593874 1 1 1 0.43 0
328 4 6 0 0 9.81 0.5 2.9736020565 1.28204611776 1 Marco  1079.5115999659997 0.064 0.298634313243 1.19155593874 1 1 1 0.43 0
329 3 6 0 0 -9.81 0.5 2.9055659771 1.21401003835 1 Marco  1083.590439213 0.064 0.332299874192 1.19155593874 1 1 1 0.43 0
330 4 6 0 1 -9.81 0.5 2.69623804092 1.00468210218 1 Marco  1087.6041293979997 0.064 0.568542406352 1.19155593874 1 1 1 0.43 1
331 3 6 0 1 9.81 0.5 2.64851498604 0.956959047296 1 Marco  1091.3928401879998 0.064 0.591280050404 1.19155593874 1 1 1 0.43 1
332 4 4.5 0 1 -9.81 0.5 2.44843316078 1.04897919824 1 Marco  1095.149724458 0.064 0.442480970832 0.899453962542 1 1 1 0.43 1
333 3 4.5 0 1 9.81 0.5 1.76986193657 0.370407974027 1 Marco  1098.701317909 0.064 0.42046031761 0.899453962542 1 1 1 0.43 1
334 4 4.5 0 0 -9.81 0.5 2.10144901276 0.701995050215 1 Marco  1101.5672298179998 0.064 0.259746545701 0.899453962542 1 1 1 0.43 0
335 3 4.5 0 0 -9.81 0.5 1.93094301224 0.531489049696 1 Marco  1104.788866466 0.064 0.236218694993 0.899453962542 1 1 1 0.43 0
336 3 6 0 1 9.81 0.5 2.55035996437 0.858804025629 1 Marco  1107.83173592 0.064 0.54777219597 1.19155593874 1 1 1 0.43 1
337 4 4.5 0 0 9.81 0.5 1.89395689964 0.494502937101 1 Marco  1111.4766295690001 0.064 0.268383569781 0.899453962542 1 1 1 0.43 0
338 4 6 0 0 9.81 0.5 2.69200015068 1.00044421194 1 Marco  1114.4688594149998 0.064 0.327789700262 1.19155593874 1 1 1 0.43 0
339 4 6 0 1 -9.81 0.5 2.78836798668 1.09681204794 1 Marco  1118.277038539 0.064 0.545933277348 1.19155593874 1 1 1 0.43 1
340 3 4.5 0 0 9.81 0.5 1.83717799187 0.437724029325 1 Marco  1122.1551146689999 0.064 0.264858352934 0.899453962542 1 1 1 0.43 0
341 3 4.5 0 0 -9.81 0.5 1.83327794075 0.433823978208 1 Marco  1125.1087819919999 0.064 0.262933749791 0.899453962542 1 1 1 0.43 0
342 3 6 0 1 -9.81 0.5 2.86347699165 1.17192105291 1 Marco  1128.0518012439998 0.064 0.573614504443 1.19155593874 1 1 1 0.43 1
343 3 4.5 0 1 9.81 0.5 1.82980489731 0.430350934767 1 Marco  1132.006936543 0.064 0.414765990899 0.899453962542 1 1 1 0.43 1
344 4 6 0 0 -9.81 0.5 2.3464410305 0.65488509176 1 Marco  1134.9333905879998 0.064 0.335342758825 1.19155593874 1 1 1 0.43 0
345 4 6 0 1 9.81 0.5 2.52736997604 0.835814037302 1 Marco  1138.393097605 0.064 0.541748996792 1.19155593874 1 1 1 0.43 1
346 4 4.5 0 1 -9.81 0.5 2.06337404251 0.663920079969 1 Marco  1142.0343622599999 0.064 0.432606292643 0.899453962542 1 1 1 0.43 1
347 3 6 0 0 -9.81 0.5 2.70056200027 1.00900606153 1 Marco  1145.189113114 0.064 0.306389733584 1.19155593874 1 1 1 0.43 0
348 4 4.5 0 0 -9.81 0.5 2.07910203934 0.679648076795 1 Marco  1148.995157877 0.064 0.227299600031 0.899453962542 1 1 1 0.43 0
349 3 4.5 0 1 -9.81 0.5 2.01954197884 0.620088016294 1 Marco  1152.17921978 0.064 0.430432506567 0.899453962542 1 1 1 0.43 1
350 3 6 0 0 9.81 0.5 3.037722826 1.34616688726 1 Marco  1155.30552828 0.064 0.311038880795 1.19155593874 1 1 1 0.43 0
351 4 4.5 0 1 9.81 0.5 2.02816319466 0.628709232115 1 Marco  1159.4399422749998 0.064 0.42721036108 0.899453962542 1 1 1 0.43 1
352 3 6 0 0 9.81 0.5 2.39679098129 0.705235042551 1 Marco  1162.5757353650001 0.064 0.297890996685 1.19155593874 1 1 1 0.43 0
353 3 6 0 0 -9.81 0.5 2.56843805313 0.876882114389 1 Marco  1166.0840087699999 0.064 0.30371032341 1.19155593874 1 1 1 0.43 0
354 4 4.5 0 0 9.81 0.5 1.50932192802 0.109867965482 1 Marco  1169.7554335589998 0.064 0.235416924984 0.899453962542 1 1 1 0.43 0
355 3 6 0 1 9.81 0.5 2.30349493027 0.611938991525 1 Marco  1172.375224121 0.064 0.5516122775 1.19155593874 1 1 1 0.43 1
356 3 4.5 0 0 -9.81 0.5 1.99139690399 0.59194294145 1 Marco  1175.7906528069998 0.064 0.240963104322 0.899453962542 1 1 1 0.43 0
357 4 4.5 0 0 -9.81 0.5 2.00376200676 0.604308044218 1 Marco  1178.8819707079997 0.064 0.238011998258 0.899453962542 1 1 1 0.43 0
358 4 4.5 0 1 -9.81 0.5 2.56848216057 1.16902819803 1 Marco  1181.9845257469997 0.064 0.44384242272 0.899453962542 1 1 1 0.43 1
359 4 4.5 0 1 9.81 0.5 1.71665883064 0.317204868101 1 Marco  1185.642391503 0.064 0.43110857976 0.899453962542 1 1 1 0.43 1
360 4 6 0 0 -9.81 0.5 2.49534702301 0.803791084268 1 Marco  1188.449008644 0.064 0.319169725732 1.19155593874 1 1 1 0.43 0
361 4 6 0 1 9.81 0.5 2.72683691978 1.03528098104 1 Marco  1192.041228129 0.064 0.539809636056 1.19155593874 1 1 1 0.43 1
362 3 6 0 1 -9.81 0.5 2.7746219635 1.08306602476 1 Marco  1195.876372151 0.064 0.588401329322 1.19155593874 1 1 1 0.43 1
363 4 6 0 1 -9.81 0.5 2.52038502693 0.82882908819 1 Marco  1199.7486722109998 0.064 0.591033709166 1.19155593874 1 1 1 0.43 1
364 4 6 0 0 9.81 0.5 3.03931713104 1.3477611923 1 Marco  1203.379333157 0.064 0.298722033981 1.19155593874 1 1 1 0.43 0
365 3 4.5 0 0 9.81 0.5 1.73770213127 0.33824816873 1 Marco  1207.513742577 0.064 0.230783471554 0.899453962542 1 1 1 0.43 0
366 3 4.5 0 1 -9.81 0.5 2.4782512188 1.07879725625 1 Marco  1210.3591510709998 0.064 0.426730416703 0.899453962542 1 1 1 0.43 1
367 3 4.5 0 1 9.81 0.5 1.77462506294 0.375171100401 1 Marco  1213.9454358560001 0.064 0.440774841612 0.899453962542 1 1 1 0.43 1
368 3 4.5 0 0 9.81 0.5 1.83142399788 0.431970035337 1 Marco  1216.834419025 0.064 0.268906081447 0.899453962542 1 1 1 0.43 0
369 4 6 0 0 -9.81 0.5 2.01363611221 0.322080173471 1 Marco  1219.766120229 0.064 0.323927424148 1.19155593874 1 1 1 0.43 0
370 3 4.5 0 0 -9.81 0.5 1.99108099937 0.591627036833 1 Marco  1222.880965663 0.064 0.267497590377 0.899453962542 1 1 1 0.43 0
371 3 4.5 0 1 9.81 0.5 1.6607837677 0.261329805158 1 Marco  1225.9862711339997 0.064 0.416706755676 0.899453962542 1 1 1 0.43 1
372 3 6 0 0 -9.81 0.5 2.58411812782 0.892562189081 1 Marco  1228.7597714849999 0.064 0.314353954769 1.19155593874 1 1 1 0.43 0
373 3 6 0 0 9.81 0.5 1.97914791107 0.28759197233 1 Marco  1232.464881323 0.064 0.342702668445 1.19155593874 1 1 1 0.43 0
374 4 6 0 1 9.81 0.5 2.80711889267 1.11556295393 1 Marco  1235.551030821 0.064 0.57853134928 1.19155593874 1 1 1 0.43 1
375 3 6 0 1 9.81 0.5 2.36988592148 0.678329982736 1 Marco  1239.4591069899998 0.064 0.576618635751 1.19155593874 1 1 1 0.43 1
376 4 6 0 0 9.81 0.5 2.19521999359 0.503664054849 1 Marco  1242.938242909 0.064 0.351658182341 1.19155593874 1 1 1 0.43 0
377 4 4.5 0 0 -9.81 0.5 2.39168596268 0.992232000135 1 Marco  1246.233877837 0.064 0.225844949534 0.899453962542 1 1 1 0.43 0
378 3 4.5 0 1 -9.81 0.5 2.26276302338 0.863309060835 1 Marco  1249.7400702559999 0.064 0.42469866847 0.899453962542 1 1 1 0.43 1
379 4 4.5 0 1 -9.81 0.5 1.9508330822 0.551379119657 1 Marco  1253.103274908 0.064 0.408677241742 0.899453962542 1 1 1 0.43 1
380 4 4.5 0 1 9.81 0.5 2.2281692028 0.828715240263 1 Marco  1256.149375345 0.064 0.431358984611 0.899453962542 1 1 1 0.43 1
381 3 6 0 1 -9.81 0.5 2.4652159214 0.77365998266 1 Marco  1259.488684634 0.064 0.547295870917 1.19155593874 1 1 1 0.43 1
382 4 4.5 0 0 9.81 0.5 1.81335496902 0.413901006483 1 Marco  1263.0703477379998 0.064 0.256149305441 0.899453962542 1 1 1 0.43 0
383 4 6 0 1 -9.81 0.5 2.60025596619 0.908700027445 1 Marco  1265.995157115 0.064 0.55342506115 1.19155593874 1 1 1 0.43 1
