trial vx vy vz LongOcclusion g timeStill rTime TemporalError environment id pupiltime IOD OccludedTimeOfTrajectory FlightDuration Drag DragFirst block accuracy LongOcclusion
0 4 4.5 0 1 9.81 0.5 2.14000701904 0.740553056501 1 Marco  2.001208585999848 0.064 0.440986324734 0.899453962542 1 1 4 0.99 1
1 3 4.5 0 1 11.2815 0.5 2.14000701904 0.740553056501 1 Marco  2.001208585999848 0.064 0.440986324734 0.899453962542 1 1 4 0.99 1
2 4 4.5 0 0 8.3385 0.5 11.9307579994 10.3761957704 1 Marco  5.240502244999334 0.064 0.28670044631 1.05456222905 1 1 4 0.99 0
3 3 6 0 0 9.81 0.5 11.9307579994 10.3761957704 1 Marco  5.240502244999334 0.064 0.28670044631 1.05456222905 1 1 4 0.99 0
4 3 6 0 0 6.867 0.5 2.53084993362 0.347092946049 1 Marco  18.28689166999993 0.064 0.475512108873 1.68375698758 1 1 4 0.99 0
5 3 4.5 0 0 12.753 0.5 2.53084993362 0.347092946049 1 Marco  18.28689166999993 0.064 0.475512108873 1.68375698758 1 1 4 0.99 0
6 3 6 0 1 6.867 0.5 12.3534879684 10.1697309809 1 Marco  24.174360304999936 0.064 0.781561393835 1.68375698758 1 1 4 0.99 1
7 3 4.5 0 0 9.81 0.5 12.4978559017 10.3140989141 1 Marco  36.75615380399995 0.064 0.263302880204 0.899453962542 1 1 4 0.99 0
8 4 4.5 0 1 11.2815 0.5 0.0580370426178 -1.22608964434 1 Marco  36.91101507299936 0.064 0.38113668372 0.784126686962 1 1 4 0.99 1
9 4 4.5 0 0 11.2815 0.5 0.0580370426178 -1.22608964434 1 Marco  37.62248769799953 0.064 0.230827292677 0.784126686962 1 1 4 0.99 0
10 3 6 0 0 12.753 0.5 5.64099812508 4.21894143725 1 Marco  37.76875994799957 0.064 0.237381737048 0.922056687823 1 1 4 0.99 0
11 4 6 0 1 8.3385 0.5 3.03103685379 1.13552145579 1 Marco  44.52289587899941 0.064 0.640285226928 1.395515398 1 1 4 0.99 1
12 4 4.5 0 0 6.867 0.5 12.1841418743 10.4098109995 1 Marco  48.646002308999414 0.064 0.337335932023 1.27433087482 1 1 4 0.99 0
13 4 6 0 1 11.2815 0.5 2.12083101273 0.581209123108 1 Marco  61.91919867599972 0.064 0.513433380566 1.03962188962 1 1 4 0.99 1
14 3 4.5 0 0 11.2815 0.5 1.59879684448 0.314670157521 1 Marco  65.13357917600024 0.064 0.223604674094 0.784126686962 1 1 4 0.99 0
15 4 4.5 0 0 12.753 0.5 1.54284501076 0.34783027363 1 Marco  67.83633919499971 0.064 0.205101354507 0.695014737127 1 1 4 0.99 0
16 3 4.5 0 1 8.3385 0.5 2.18978714943 0.635224920375 1 Marco  70.48085899699981 0.064 0.474811538029 1.05456222905 1 1 4 0.99 1
17 4 6 0 1 6.867 0.5 2.9677529335 0.783995945927 1 Marco  73.76382380999985 0.064 0.820222281786 1.68375698758 1 1 4 0.99 1
18 4 4.5 0 0 9.81 0.5 1.76861214638 0.369158183836 1 Marco  77.83530692299973 0.064 0.261415937882 0.899453962542 1 1 4 0.99 0
19 4 4.5 0 1 6.867 0.5 2.27568721771 0.501356342893 1 Marco  80.69462339799975 0.064 0.635347274805 1.27433087482 1 1 4 0.99 1
20 4 6 0 1 9.81 0.5 2.26731801033 0.575762071588 1 Marco  84.07464216599965 0.064 0.589683824971 1.19155593874 1 1 4 0.99 1
21 3 4.5 0 0 6.867 0.5 2.28410410881 0.509773233991 1 Marco  87.44413642299969 0.064 0.328012334243 1.27433087482 1 1 4 0.99 0
22 4 6 0 1 12.753 0.5 1.83431601524 0.412259327421 1 Marco  90.81735496999954 0.064 0.454439021405 0.922056687823 1 1 4 0.99 1
23 4 6 0 0 6.867 0.5 3.04281401634 0.859057028767 1 Marco  93.7524036019995 0.064 0.486543042892 1.68375698758 1 1 4 0.99 0
24 3 6 0 1 12.753 0.5 1.92879891396 0.506742226133 1 Marco  97.89130051399934 0.064 0.41692152785 0.922056687823 1 1 4 0.99 1
25 4 4.5 0 1 12.753 0.5 1.4948849678 0.299870230677 1 Marco  100.93473808499948 0.064 0.340672303598 0.695014737127 1 1 4 0.99 1
26 3 6 0 0 11.2815 0.5 2.02150893211 0.481887042495 1 Marco  103.52765583600012 0.064 0.284435270231 1.03962188962 1 1 4 0.99 0
27 3 4.5 0 0 8.3385 0.5 1.74857115746 0.194008928401 1 Marco  106.66491995199976 0.064 0.297368024696 1.05456222905 1 1 4 0.99 0
28 3 6 0 1 11.2815 0.5 2.38324093819 0.843619048568 1 Marco  109.5166681769997 0.064 0.471678792282 1.03962188962 1 1 4 0.99 1
29 4 6 0 0 11.2815 0.5 2.0170609951 0.477439105484 1 Marco  112.99891232299979 0.064 0.279013023982 1.03962188962 1 1 4 0.99 0
30 4 6 0 0 8.3385 0.5 2.4517390728 0.556223674804 1 Marco  116.10762411199994 0.064 0.370356667865 1.395515398 1 1 4 0.99 0
31 4 6 0 0 12.753 0.5 1.80292487144 0.380868183622 1 Marco  119.66450153200003 0.064 0.241488685079 0.922056687823 1 1 4 0.99 0
32 3 4.5 0 1 12.753 0.5 1.41673398018 0.221719243051 1 Marco  122.56172585999957 0.064 0.328276091621 0.695014737127 1 1 4 0.99 1
33 4 6 0 0 9.81 0.5 2.06298208237 0.371426143625 1 Marco  125.06466115100011 0.064 0.341089717148 1.19155593874 1 1 4 0.99 0
34 3 6 0 1 9.81 0.5 2.45825004578 0.766694107034 1 Marco  128.21930829800021 0.064 0.576510762547 1.19155593874 1 1 4 0.99 1
35 3 6 0 0 8.3385 0.5 3.21028399467 1.31476859668 1 Marco  131.79176710799948 0.064 0.389537588093 1.395515398 1 1 4 0.99 0
36 3 6 0 1 8.3385 0.5 2.88265109062 0.987135692626 1 Marco  136.09856925499935 0.064 0.663211061278 1.395515398 1 1 4 0.99 1
37 3 4.5 0 1 6.867 0.5 2.74701881409 0.972687939268 1 Marco  140.07358167199982 0.064 0.604525009085 1.27433087482 1 1 4 0.99 1
38 3 4.5 0 1 9.81 0.5 2.10805511475 0.708601152204 1 Marco  143.91195491100007 0.064 0.41025735253 0.899453962542 1 1 4 0.99 1
39 4 4.5 0 1 8.3385 0.5 2.1240940094 0.569531780345 1 Marco  147.12888869800008 0.064 0.501441820539 1.05456222905 1 1 4 0.99 1
40 3 6 0 0 8.3385 0.5 2.4756538868 0.580138488799 1 Marco  150.3633136640001 0.064 0.393481363469 1.395515398 1 1 4 0.99 0
41 4 4.5 0 0 12.753 0.5 1.58494305611 0.389928318979 1 Marco  153.93866803699984 0.064 0.181646704016 0.695014737127 1 1 4 0.99 0
42 3 4.5 0 1 9.81 0.5 2.10477900505 0.705325042509 1 Marco  156.62037333499939 0.064 0.406378941459 0.899453962542 1 1 4 0.99 1
43 3 4.5 0 1 8.3385 0.5 2.51242685318 0.957864624125 1 Marco  159.81215510399943 0.064 0.500206649577 1.05456222905 1 1 4 0.99 1
44 4 6 0 0 8.3385 0.5 2.74475097656 0.849235578566 1 Marco  163.42591356699995 0.064 0.391559284584 1.395515398 1 1 4 0.99 0
45 4 4.5 0 1 12.753 0.5 1.41607999802 0.221065260889 1 Marco  167.2730712929997 0.064 0.339177241893 0.695014737127 1 1 4 0.99 1
46 3 4.5 0 1 11.2815 0.5 2.07401514053 0.789888453572 1 Marco  169.77074273499966 0.064 0.363178664975 0.784126686962 1 1 4 0.99 1
47 3 6 0 0 12.753 0.5 2.10957217216 0.687515484342 1 Marco  172.95345171400004 0.064 0.26306016496 0.922056687823 1 1 4 0.99 0
48 4 6 0 1 6.867 0.5 3.50262284279 1.31886585521 1 Marco  176.15075065899964 0.064 0.796584567513 1.68375698758 1 1 4 0.99 1
49 4 6 0 1 8.3385 0.5 3.66714692116 1.77163152316 1 Marco  180.73794181299945 0.064 0.642617393337 1.395515398 1 1 4 0.99 1
50 3 4.5 0 0 9.81 0.5 1.95449304581 0.555039083265 1 Marco  185.49896684099986 0.064 0.256040940262 0.899453962542 1 1 4 0.99 0
51 3 6 0 0 6.867 0.5 3.62252902985 1.43877204227 1 Marco  188.55269406800016 0.064 0.488150834273 1.68375698758 1 1 4 0.99 0
52 3 4.5 0 1 12.753 0.5 1.62461805344 0.429603316309 1 Marco  193.26912841299963 0.064 0.325248201304 0.695014737127 1 1 4 0.99 1
53 3 4.5 0 0 12.753 0.5 1.38201808929 0.187003352167 1 Marco  195.99847271 0.064 0.183292255679 0.695014737127 1 1 4 0.99 0
54 3 6 0 1 11.2815 0.5 2.22939896584 0.689777076217 1 Marco  198.49067711299995 0.064 0.478519793705 1.03962188962 1 1 4 0.99 1
55 4 4.5 0 1 6.867 0.5 2.08594608307 0.31161520825 1 Marco  201.81495359600012 0.064 0.603017258748 1.27433087482 1 1 4 0.99 1
56 3 4.5 0 0 11.2815 0.5 1.39687585831 0.112749171345 1 Marco  204.9891695389997 0.064 0.214860212858 0.784126686962 1 1 4 0.99 0
57 4 6 0 1 11.2815 0.5 2.05175304413 0.51213115451 1 Marco  207.47617585699936 0.064 0.505618021981 1.03962188962 1 1 4 0.99 1
58 3 4.5 0 1 6.867 0.5 2.48438501358 0.710054138761 1 Marco  210.63044732199978 0.064 0.580915016519 1.27433087482 1 1 4 0.99 1
59 3 4.5 0 0 6.867 0.5 2.26094388962 0.486613014799 1 Marco  214.21091650800008 0.064 0.347452210384 1.27433087482 1 1 4 0.99 0
60 3 6 0 0 11.2815 0.5 1.89335298538 0.353731095764 1 Marco  217.5663992159998 0.064 0.290227300008 1.03962188962 1 1 4 0.99 0
61 3 6 0 1 12.753 0.5 2.08878302574 0.666726337919 1 Marco  220.56960778199937 0.064 0.442511179333 0.922056687823 1 1 4 0.99 1
62 4 4.5 0 0 11.2815 0.5 1.78633213043 0.50220544347 1 Marco  223.77207397500024 0.064 0.234702438602 0.784126686962 1 1 4 0.99 0
63 4 4.5 0 0 9.81 0.5 1.82103300095 0.421579038404 1 Marco  226.65027254100005 0.064 0.246291710353 0.899453962542 1 1 4 0.99 0
64 3 6 0 1 6.867 0.5 3.17518401146 0.991427023884 1 Marco  229.57046196200008 0.064 0.838578624914 1.68375698758 1 1 4 0.99 1
65 4 4.5 0 0 6.867 0.5 2.39776396751 0.623433092695 1 Marco  233.83700081000006 0.064 0.349217100912 1.27433087482 1 1 4 0.99 0
66 4 6 0 0 6.867 0.5 3.03828811646 0.85453112888 1 Marco  237.32926001800024 0.064 0.493902628629 1.68375698758 1 1 4 0.99 0
67 4 6 0 0 9.81 0.5 2.25568199158 0.564126052835 1 Marco  241.4561575580001 0.064 0.3479415461 1.19155593874 1 1 4 0.99 0
68 4 6 0 1 9.81 0.5 2.59472084045 0.903164901712 1 Marco  244.81900500099982 0.064 0.557494051099 1.19155593874 1 1 4 0.99 1
69 4 4.5 0 1 8.3385 0.5 2.22598695755 0.671424728495 1 Marco  248.52465042999938 0.064 0.502232817069 1.05456222905 1 1 4 0.99 1
70 3 6 0 0 9.81 0.5 2.65771698952 0.966161050775 1 Marco  251.8490985239996 0.064 0.354524502531 1.19155593874 1 1 4 0.99 0
71 4 6 0 0 11.2815 0.5 2.39463090897 0.855009019348 1 Marco  255.6126062759995 0.064 0.310272723509 1.03962188962 1 1 4 0.99 0
72 3 4.5 0 0 8.3385 0.5 2.16244602203 0.607883792979 1 Marco  259.1130325029999 0.064 0.308479044191 1.05456222905 1 1 4 0.99 0
73 4 4.5 0 1 11.2815 0.5 1.76414704323 0.480020356266 1 Marco  262.37157672299963 0.064 0.380297908161 0.784126686962 1 1 4 0.99 1
74 4 4.5 0 1 9.81 0.5 1.9269080162 0.527454053663 1 Marco  265.2437541749996 0.064 0.448380746217 0.899453962542 1 1 4 0.99 1
75 4 6 0 0 12.753 0.5 2.02368807793 0.601631390104 1 Marco  268.2610940610002 0.064 0.258504744714 0.922056687823 1 1 4 0.99 0
76 4 6 0 1 12.753 0.5 2.47794008255 1.05588339473 1 Marco  271.40406884000004 0.064 0.445653023035 0.922056687823 1 1 4 0.99 1
77 4 4.5 0 0 8.3385 0.5 2.3965010643 0.841938835246 1 Marco  274.9786912310001 0.064 0.308749633292 1.05456222905 1 1 4 0.99 0
78 3 6 0 1 8.3385 0.5 2.82636904716 0.930853649169 1 Marco  278.4700258419998 0.064 0.638519956365 1.395515398 1 1 4 0.99 1
79 3 6 0 1 9.81 0.5 2.74604201317 1.05448607443 1 Marco  282.38928272500016 0.064 0.572348331715 1.19155593874 1 1 4 0.99 1
80 3 6 0 1 9.81 0.5 2.70944905281 1.01789311407 1 Marco  286.2286374229998 0.064 0.587287635827 1.19155593874 1 1 4 0.99 1
81 4 6 0 0 9.81 0.5 2.3570098877 0.665453948953 1 Marco  290.0288526009999 0.064 0.314326837348 1.19155593874 1 1 4 0.99 0
82 4 6 0 0 8.3385 0.5 3.10756611824 1.21205072024 1 Marco  293.4815709559998 0.064 0.412101130756 1.395515398 1 1 4 0.99 0
83 3 4.5 0 0 12.753 0.5 1.37332892418 0.178314187052 1 Marco  297.68334930699984 0.064 0.182118541101 0.695014737127 1 1 4 0.99 0
84 4 6 0 0 12.753 0.5 2.44475102425 1.02269433642 1 Marco  300.1601771380001 0.064 0.233724872147 0.922056687823 1 1 4 0.99 0
85 4 6 0 1 8.3385 0.5 2.82490301132 0.929387613326 1 Marco  303.69604826700015 0.064 0.694841921534 1.395515398 1 1 4 0.99 1
86 4 4.5 0 0 8.3385 0.5 2.28438997269 0.729827743632 1 Marco  307.619750029 0.064 0.295793119535 1.05456222905 1 1 4 0.99 0
87 3 4.5 0 1 11.2815 0.5 1.88913702965 0.605010342686 1 Marco  311.0071122089994 0.064 0.361804978612 0.784126686962 1 1 4 0.99 1
88 3 4.5 0 0 11.2815 0.5 1.84974598885 0.565619301884 1 Marco  313.9934812669999 0.064 0.199770465095 0.784126686962 1 1 4 0.99 0
89 4 4.5 0 0 6.867 0.5 2.48374891281 0.709418037992 1 Marco  316.9467459489997 0.064 0.373420877081 1.27433087482 1 1 4 0.99 0
90 3 6 0 1 12.753 0.5 1.83581209183 0.413755404005 1 Marco  320.54207550699994 0.064 0.442169255192 0.922056687823 1 1 4 0.99 1
91 4 4.5 0 1 9.81 0.5 1.90498900414 0.505535041593 1 Marco  323.4929418849997 0.064 0.412682457007 0.899453962542 1 1 4 0.99 1
92 4 4.5 0 0 9.81 0.5 2.48174595833 1.08229199579 1 Marco  326.4965983689999 0.064 0.244250368606 0.899453962542 1 1 4 0.99 0
93 4 6 0 1 11.2815 0.5 2.12886404991 0.589242160293 1 Marco  330.0837061889997 0.064 0.48615356787 1.03962188962 1 1 4 0.99 1
94 4 6 0 1 9.81 0.5 2.76738405228 1.07582811353 1 Marco  333.50070892999975 0.064 0.58017223181 1.19155593874 1 1 4 0.99 1
95 4 4.5 0 1 8.3385 0.5 2.45841312408 0.90385089503 1 Marco  337.1787071529998 0.064 0.480737592977 1.05456222905 1 1 4 0.99 1
96 4 6 0 1 6.867 0.5 3.49589514732 1.31213815975 1 Marco  340.7271485299998 0.064 0.82410990455 1.68375698758 1 1 4 0.99 1
97 4 4.5 0 0 11.2815 0.5 1.93569588661 0.65156919965 1 Marco  345.32326988099976 0.064 0.20870098601 0.784126686962 1 1 4 0.99 0
98 3 6 0 0 6.867 0.5 2.95599889755 0.772241909977 1 Marco  348.3575502039994 0.064 0.501542583021 1.68375698758 1 1 4 0.99 0
99 3 6 0 0 12.753 0.5 1.98010897636 0.558052288541 1 Marco  352.415185072 0.064 0.2499937942 0.922056687823 1 1 4 0.99 0
100 3 4.5 0 1 6.867 0.5 3.06793498993 1.29360411511 1 Marco  355.4963318029995 0.064 0.594691954629 1.27433087482 1 1 4 0.99 1
101 3 6 0 0 8.3385 0.5 2.42552089691 0.530005498916 1 Marco  359.66017899100007 0.064 0.364694607483 1.395515398 1 1 4 0.99 0
102 4 6 0 0 6.867 0.5 3.2694671154 1.08571012783 1 Marco  363.1924862400001 0.064 0.453298173846 1.68375698758 1 1 4 0.99 0
103 4 4.5 0 0 12.753 0.5 1.33306503296 0.138050295832 1 Marco  367.5723835009994 0.064 0.191941221837 0.695014737127 1 1 4 0.99 0
104 3 4.5 0 0 9.81 0.5 1.64057397842 0.241120015882 1 Marco  369.9966286019999 0.064 0.261368218887 0.899453962542 1 1 4 0.99 0
105 3 4.5 0 1 9.81 0.5 1.96745014191 0.567996179365 1 Marco  372.7442114329997 0.064 0.41027861884 0.899453962542 1 1 4 0.99 1
106 3 6 0 0 9.81 0.5 2.39199399948 0.700438060739 1 Marco  375.80358863499987 0.064 0.320303443152 1.19155593874 1 1 4 0.99 0
107 3 4.5 0 0 8.3385 0.5 2.13739514351 0.582832914454 1 Marco  379.29929791799987 0.064 0.299808950254 1.05456222905 1 1 4 0.99 0
108 4 6 0 0 11.2815 0.5 2.25523710251 0.71561521289 1 Marco  382.53045565999946 0.064 0.291731543442 1.03962188962 1 1 4 0.99 0
109 3 6 0 0 11.2815 0.5 2.0684940815 0.528872191879 1 Marco  385.88652816299964 0.064 0.300570790915 1.03962188962 1 1 4 0.99 0
110 4 4.5 0 1 12.753 0.5 1.5943710804 0.399356343271 1 Marco  389.06032176400004 0.064 0.343442208819 0.695014737127 1 1 4 0.99 1
111 3 6 0 1 6.867 0.5 3.40417504311 1.22041805553 1 Marco  391.7498364519997 0.064 0.805902415567 1.68375698758 1 1 4 0.99 1
112 3 6 0 1 8.3385 0.5 3.09629797935 1.20078258136 1 Marco  396.25484014299946 0.064 0.683705169035 1.395515398 1 1 4 0.99 1
113 3 6 0 1 11.2815 0.5 2.60689115524 1.06726926562 1 Marco  400.4486637310001 0.064 0.479183307967 1.03962188962 1 1 4 0.99 1
114 4 4.5 0 1 11.2815 0.5 1.86073803902 0.576611352055 1 Marco  404.141855631 0.064 0.366414344172 0.784126686962 1 1 4 0.99 1
115 3 4.5 0 1 8.3385 0.5 2.85278296471 1.29822073565 1 Marco  407.09614007100026 0.064 0.487530320327 1.05456222905 1 1 4 0.99 1
116 3 4.5 0 1 12.753 0.5 1.73875904083 0.543744303705 1 Marco  411.0592826809998 0.064 0.341148185995 0.695014737127 1 1 4 0.99 1
117 4 6 0 1 12.753 0.5 2.40767002106 0.985613333234 1 Marco  413.8878219829994 0.064 0.436391114226 0.922056687823 1 1 4 0.99 1
118 4 4.5 0 1 6.867 0.5 2.41888618469 0.644555309873 1 Marco  417.39500857799976 0.064 0.611610161259 1.27433087482 1 1 4 0.99 1
119 3 4.5 0 0 6.867 0.5 2.55767512321 0.783344248396 1 Marco  420.9129986050002 0.064 0.368616927666 1.27433087482 1 1 4 0.99 0
120 3 4.5 0 1 11.2815 0.5 1.95185804367 0.667731356709 1 Marco  424.5784883389997 0.064 0.365103960718 0.784126686962 1 1 4 0.99 1
121 3 4.5 0 0 11.2815 0.5 1.74348306656 0.459356379597 1 Marco  427.63037436800005 0.064 0.215891817597 0.784126686962 1 1 4 0.99 0
122 3 4.5 0 1 8.3385 0.5 2.07402682304 0.519464593989 1 Marco  430.4735447339999 0.064 0.524147569357 1.05456222905 1 1 4 0.99 1
123 3 6 0 0 11.2815 0.5 2.408244133 0.868622243377 1 Marco  433.65204501900007 0.064 0.301873421668 1.03962188962 1 1 4 0.99 0
124 4 6 0 0 9.81 0.5 2.73461294174 1.043057003 1 Marco  437.16142867300005 0.064 0.31202214098 1.19155593874 1 1 4 0.99 0
125 3 4.5 0 1 12.753 0.5 1.45785784721 0.262843110086 1 Marco  440.99283933399965 0.064 0.322569303579 0.695014737127 1 1 4 0.99 1
126 4 6 0 1 9.81 0.5 2.80026984215 1.10871390341 1 Marco  443.5523714000001 0.064 0.574339875378 1.19155593874 1 1 4 0.99 1
127 4 6 0 1 8.3385 0.5 2.7969288826 0.901413484603 1 Marco  447.45798225399994 0.064 0.683489692829 1.395515398 1 1 4 0.99 1
128 4 4.5 0 0 8.3385 0.5 2.09506106377 0.540498834712 1 Marco  451.3628706589998 0.064 0.284573396305 1.05456222905 1 1 4 0.99 0
129 3 4.5 0 1 6.867 0.5 2.90240716934 1.12807629452 1 Marco  454.54299169800015 0.064 0.619010620701 1.27433087482 1 1 4 0.99 1
130 4 4.5 0 1 11.2815 0.5 1.6971950531 0.413068366139 1 Marco  458.5535173219996 0.064 0.361091170716 0.784126686962 1 1 4 0.99 1
131 3 6 0 1 9.81 0.5 2.95181512833 1.26025918958 1 Marco  461.35111083099946 0.064 0.579017514972 1.19155593874 1 1 4 0.99 1
132 3 6 0 1 12.753 0.5 2.47641396523 1.0543572774 1 Marco  465.4035605499994 0.064 0.459487353519 0.922056687823 1 1 4 0.99 1
133 3 6 0 0 6.867 0.5 3.64789700508 1.46414001751 1 Marco  468.9939109480001 0.064 0.442238783457 1.68375698758 1 1 4 0.99 0
134 3 6 0 1 8.3385 0.5 3.04091310501 1.14539770701 1 Marco  473.7416831740002 0.064 0.69378430046 1.395515398 1 1 4 0.99 1
135 3 6 0 0 12.753 0.5 1.66427707672 0.242220388898 1 Marco  477.88163968699973 0.064 0.27398579143 0.922056687823 1 1 4 0.99 0
136 4 4.5 0 1 6.867 0.5 2.36957502365 0.595244148832 1 Marco  480.6650430509999 0.064 0.616136456107 1.27433087482 1 1 4 0.99 1
137 3 6 0 0 8.3385 0.5 2.57356500626 0.67804960826 1 Marco  484.1256409259995 0.064 0.402138963619 1.395515398 1 1 4 0.99 0
138 4 4.5 0 0 9.81 0.5 2.05552792549 0.65607396295 1 Marco  487.8027331590001 0.064 0.238691082898 0.899453962542 1 1 4 0.99 0
139 3 4.5 0 0 9.81 0.5 1.69859600067 0.29914203813 1 Marco  490.96525473699967 0.064 0.248293142761 0.899453962542 1 1 4 0.99 0
140 4 6 0 0 12.753 0.5 1.67489290237 0.252836214551 1 Marco  493.7610283949998 0.064 0.243644839544 0.922056687823 1 1 4 0.99 0
141 4 6 0 1 12.753 0.5 1.817237854 0.395181166181 1 Marco  496.5348091999995 0.064 0.460205984341 0.922056687823 1 1 4 0.99 1
142 3 6 0 1 11.2815 0.5 2.36911392212 0.829492032501 1 Marco  499.44535246800024 0.064 0.468208084078 1.03962188962 1 1 4 0.99 1
143 3 4.5 0 1 9.81 0.5 1.5187330246 0.119279062055 1 Marco  502.9173013969994 0.064 0.410686393383 0.899453962542 1 1 4 0.99 1
144 4 4.5 0 1 12.753 0.5 1.51470899582 0.319694258692 1 Marco  505.53354367799966 0.064 0.344170877039 0.695014737127 1 1 4 0.99 1
145 4 6 0 0 11.2815 0.5 2.33314204216 0.793520152542 1 Marco  508.14949874299964 0.064 0.295241096557 1.03962188962 1 1 4 0.99 0
146 3 4.5 0 0 8.3385 0.5 2.28367900848 0.729116779429 1 Marco  511.58039263799947 0.064 0.305393314647 1.05456222905 1 1 4 0.99 0
147 3 6 0 0 9.81 0.5 2.47873902321 0.787183084467 1 Marco  514.9846382999995 0.064 0.342082115425 1.19155593874 1 1 4 0.99 0
148 3 6 0 1 6.867 0.5 3.05823707581 0.87448008823 1 Marco  518.5537414569999 0.064 0.758460275316 1.68375698758 1 1 4 0.99 1
149 4 6 0 0 8.3385 0.5 3.36333298683 1.46781758884 1 Marco  522.7157493119994 0.064 0.350150785602 1.395515398 1 1 4 0.99 0
150 4 6 0 1 6.867 0.5 2.92626404762 0.742507060047 1 Marco  527.1760132109994 0.064 0.794129387785 1.68375698758 1 1 4 0.99 1
151 4 4.5 0 0 11.2815 0.5 1.72822618484 0.444099497883 1 Marco  531.1894411510002 0.064 0.217231632424 0.784126686962 1 1 4 0.99 0
152 4 4.5 0 1 8.3385 0.5 2.12426710129 0.569704872233 1 Marco  534.0310016089998 0.064 0.501367866513 1.05456222905 1 1 4 0.99 1
153 4 4.5 0 0 6.867 0.5 2.4604408741 0.686109999281 1 Marco  537.247999964 0.064 0.324322042712 1.27433087482 1 1 4 0.99 0
154 4 6 0 0 6.867 0.5 3.91452693939 1.73076995182 1 Marco  540.808883486 0.064 0.425475229087 1.68375698758 1 1 4 0.99 0
155 4 6 0 1 11.2815 0.5 2.11215782166 0.572535932037 1 Marco  545.8236779419994 0.064 0.495889733096 1.03962188962 1 1 4 0.99 1
156 3 4.5 0 0 12.753 0.5 1.49149990082 0.29648516369 1 Marco  549.0299917829998 0.064 0.19532858293 0.695014737127 1 1 4 0.99 0
157 4 4.5 0 1 9.81 0.5 2.04977989197 0.650325929426 1 Marco  551.6106612479998 0.064 0.409458620734 0.899453962542 1 1 4 0.99 1
158 4 4.5 0 0 12.753 0.5 1.56557607651 0.37056133938 1 Marco  554.7696096119998 0.064 0.19085411513 0.695014737127 1 1 4 0.99 0
159 3 4.5 0 0 6.867 0.5 2.66143989563 0.887109020811 1 Marco  557.4409331839997 0.064 0.354147322492 1.27433087482 1 1 4 0.99 0
160 4 4.5 0 1 12.753 0.5 1.53884601593 0.343831278803 1 Marco  561.2098830289997 0.064 0.336164721222 0.695014737127 1 1 4 0.99 1
161 4 4.5 0 0 6.867 0.5 2.03928303719 0.264952162367 1 Marco  563.8336563160001 0.064 0.370239676669 1.27433087482 1 1 4 0.99 0
162 4 4.5 0 0 9.81 0.5 2.027094841 0.627640878462 1 Marco  566.9747825519999 0.064 0.224901658698 0.899453962542 1 1 4 0.99 0
163 3 4.5 0 1 6.867 0.5 2.77513313293 1.00080225812 1 Marco  570.098067422 0.064 0.626457122778 1.27433087482 1 1 4 0.99 1
164 4 6 0 1 12.753 0.5 2.52911305428 1.10705636645 1 Marco  573.9604502929997 0.064 0.424657068938 0.922056687823 1 1 4 0.99 1
165 3 6 0 0 9.81 0.5 2.76763701439 1.07608107565 1 Marco  577.599691034 0.064 0.343400655534 1.19155593874 1 1 4 0.99 0
166 3 6 0 1 12.753 0.5 2.53956198692 1.1175052991 1 Marco  581.4682236829995 0.064 0.431999207668 0.922056687823 1 1 4 0.99 1
167 4 6 0 0 6.867 0.5 3.13056397438 0.946806986805 1 Marco  585.0984609529996 0.064 0.464764832259 1.68375698758 1 1 4 0.99 0
168 4 4.5 0 1 11.2815 0.5 1.97104597092 0.686919283955 1 Marco  589.3401537869995 0.064 0.377941248615 0.784126686962 1 1 4 0.99 1
169 4 6 0 0 11.2815 0.5 2.37243199348 0.832810103866 1 Marco  592.4150809080002 0.064 0.291036453854 1.03962188962 1 1 4 0.99 0
170 3 6 0 1 6.867 0.5 4.23218011856 2.04842313099 1 Marco  595.8867501699997 0.064 0.833542795994 1.68375698758 1 1 4 0.99 1
171 3 4.5 0 1 9.81 0.5 1.72073078156 0.321276819013 1 Marco  601.2156484919997 0.064 0.429943102529 0.899453962542 1 1 4 0.99 1
172 4 6 0 0 9.81 0.5 1.69543910027 0.00388316152354 1 Marco  604.0451859690002 0.064 0.316885836652 1.19155593874 1 1 4 0.99 0
173 3 4.5 0 1 11.2815 0.5 1.68149495125 0.397368264286 1 Marco  606.8415054429997 0.064 0.377133049697 0.784126686962 1 1 4 0.99 1
174 4 6 0 1 11.2815 0.5 2.20143294334 0.661811053726 1 Marco  609.6269487749996 0.064 0.509642740806 1.03962188962 1 1 4 0.99 1
175 3 4.5 0 1 12.753 0.5 1.6267991066 0.431784369471 1 Marco  612.9252709779994 0.064 0.315845889209 0.695014737127 1 1 4 0.99 1
176 3 6 0 0 12.753 0.5 1.8929309845 0.470874296674 1 Marco  615.6439443949994 0.064 0.259313174994 0.922056687823 1 1 4 0.99 0
177 3 6 0 0 8.3385 0.5 2.99643182755 1.10091642955 1 Marco  618.62310987 0.064 0.411498511772 1.395515398 1 1 4 0.99 0
178 3 4.5 0 1 8.3385 0.5 2.7253510952 1.17078886614 1 Marco  622.7189165069994 0.064 0.494665795454 1.05456222905 1 1 4 0.99 1
179 4 4.5 0 0 8.3385 0.5 2.10450696945 0.549944740397 1 Marco  626.5486646519994 0.064 0.301788536449 1.05456222905 1 1 4 0.99 0
180 4 4.5 0 0 12.753 0.5 1.60507798195 0.410063244821 1 Marco  629.7522438489996 0.064 0.203501245373 0.695014737127 1 1 4 0.99 0
181 4 6 0 1 6.867 0.5 3.90728211403 1.72352512645 1 Marco  632.4489624150001 0.064 0.821959754259 1.68375698758 1 1 4 0.99 1
182 3 6 0 0 11.2815 0.5 2.2053399086 0.665718018982 1 Marco  637.4480661090001 0.064 0.290060657704 1.03962188962 1 1 4 0.99 0
183 3 4.5 0 0 6.867 0.5 2.6474480629 0.873117188078 1 Marco  640.7605803209999 0.064 0.375540346074 1.27433087482 1 1 4 0.99 0
184 4 4.5 0 0 11.2815 0.5 1.71477794647 0.43065125951 1 Marco  644.514205335 0.064 0.215711943044 0.784126686962 1 1 4 0.99 0
185 3 6 0 1 8.3385 0.5 3.11230421066 1.21678881267 1 Marco  647.3222793309997 0.064 0.632603375668 1.395515398 1 1 4 0.99 1
186 4 6 0 0 12.753 0.5 2.13813686371 0.716080175886 1 Marco  651.5325846079995 0.064 0.265931034263 0.922056687823 1 1 4 0.99 0
187 4 6 0 1 8.3385 0.5 2.97412395477 1.07860855678 1 Marco  654.7615736649996 0.064 0.67301685027 1.395515398 1 1 4 0.99 1
188 3 6 0 1 11.2815 0.5 1.88751006126 0.347888171646 1 Marco  658.840993582 0.064 0.506995583147 1.03962188962 1 1 4 0.99 1
189 3 6 0 1 9.81 0.5 2.93493700027 1.24338106153 1 Marco  661.8224954910002 0.064 0.562841757289 1.19155593874 1 1 4 0.99 1
190 4 4.5 0 1 6.867 0.5 4.0359377861 2.26160691128 1 Marco  665.8624299399999 0.064 0.589419520356 1.27433087482 1 1 4 0.99 1
191 3 4.5 0 0 8.3385 0.5 2.32528305054 0.770720821482 1 Marco  671.0038346339998 0.064 0.281020612389 1.05456222905 1 1 4 0.99 0
192 3 6 0 0 6.867 0.5 3.35503101349 1.17127402591 1 Marco  674.4239823130001 0.064 0.439194964663 1.68375698758 1 1 4 0.99 0
193 3 4.5 0 0 12.753 0.5 1.45248603821 0.257471301081 1 Marco  678.8922935350001 0.064 0.183411637947 0.695014737127 1 1 4 0.99 0
194 4 4.5 0 1 9.81 0.5 2.20461201668 0.805158054136 1 Marco  681.4546169539999 0.064 0.409400259006 0.899453962542 1 1 4 0.99 1
195 4 6 0 0 8.3385 0.5 3.05011701584 1.15460161784 1 Marco  684.7552266539997 0.064 0.396158180538 1.395515398 1 1 4 0.99 0
196 3 4.5 0 0 9.81 0.5 2.00299906731 0.603545104765 1 Marco  688.9109325439995 0.064 0.233431610212 0.899453962542 1 1 4 0.99 0
197 4 4.5 0 1 8.3385 0.5 2.71887993813 1.16431770907 1 Marco  692.020379908 0.064 0.516367278025 1.05456222905 1 1 4 0.99 1
198 4 6 0 1 9.81 0.5 2.42305588722 0.73149994848 1 Marco  695.8348254969997 0.064 0.550692727657 1.19155593874 1 1 4 0.99 1
199 3 4.5 0 0 11.2815 0.5 1.59709692001 0.312970233052 1 Marco  699.3523327439998 0.064 0.203188659569 0.784126686962 1 1 4 0.99 0
200 4 6 0 0 9.81 0.5 4.62625312805 2.93469718931 1 Marco  702.0447245119994 0.064 0.305459174712 1.19155593874 1 1 4 0.99 0
201 3 4.5 0 1 11.2815 0.5 1.34642100334 0.06229431638 1 Marco  707.7744083019998 0.064 0.353013159905 0.784126686962 1 1 4 0.99 1
202 4 4.5 0 0 12.753 0.5 10.1211578846 8.92614314747 1 Marco  720.1781878289994 0.064 0.200749913154 0.695014737127 1 1 4 0.99 0
203 3 4.5 0 1 9.81 0.5 1.84187316895 0.442419206404 1 Marco  721.4703733959996 0.064 0.443940401096 0.899453962542 1 1 4 0.99 1
204 4 6 0 1 6.867 0.5 2.99626207352 0.812505085941 1 Marco  724.417772322 0.064 0.808037314714 1.68375698758 1 1 4 0.99 1
205 3 6 0 1 12.753 0.5 1.89214801788 0.47009133006 1 Marco  728.5262702749997 0.064 0.417503174371 0.922056687823 1 1 4 0.99 1
206 4 6 0 0 6.867 0.5 2.98060417175 0.796847184177 1 Marco  731.5149412410001 0.064 0.504698756133 1.68375698758 1 1 4 0.99 0
207 3 4.5 0 0 6.867 0.5 2.38020420074 0.605873325925 1 Marco  735.5933584959994 0.064 0.318668574781 1.27433087482 1 1 4 0.99 0
208 3 6 0 1 8.3385 0.5 2.95770597458 1.06219057658 1 Marco  739.0866547650003 0.064 0.632252178363 1.395515398 1 1 4 0.99 1
209 4 6 0 1 11.2815 0.5 2.26880598068 0.729184091064 1 Marco  743.1535320719995 0.064 0.505435581009 1.03962188962 1 1 4 0.99 1
210 4 4.5 0 0 11.2815 0.5 1.78172302246 0.497596335499 1 Marco  746.5272119129995 0.064 0.208853253643 0.784126686962 1 1 4 0.99 0
211 3 6 0 0 8.3385 0.5 2.68024206161 0.784726663619 1 Marco  749.4149339340001 0.064 0.41211422246 1.395515398 1 1 4 0.99 0
212 3 6 0 0 6.867 0.5 3.1063439846 0.922586997028 1 Marco  753.193799361 0.064 0.488561542686 1.68375698758 1 1 4 0.99 0
213 3 6 0 0 12.753 0.5 2.21440601349 0.792349325666 1 Marco  757.4103704069994 0.064 0.262918804853 0.922056687823 1 1 4 0.99 0
214 4 6 0 1 8.3385 0.5 2.97336411476 1.07784871677 1 Marco  760.709957004 0.064 0.676707098363 1.395515398 1 1 4 0.99 1
215 4 4.5 0 1 9.81 0.5 2.04395484924 0.644500886701 1 Marco  764.7766847410003 0.064 0.411863833512 0.899453962542 1 1 4 0.99 1
216 3 4.5 0 0 9.81 0.5 1.9774479866 0.577994024061 1 Marco  767.9116103369997 0.064 0.268383264081 0.899453962542 1 1 4 0.99 0
217 4 6 0 1 12.753 0.5 1.92845082283 0.506394135007 1 Marco  771.0056802339996 0.064 0.415589664703 0.922056687823 1 1 4 0.99 1
218 4 4.5 0 1 6.867 0.5 2.45982480049 0.685493925672 1 Marco  774.0306500429997 0.064 0.615633772644 1.27433087482 1 1 4 0.99 1
219 4 4.5 0 0 8.3385 0.5 2.25895786285 0.704395633799 1 Marco  777.581562634 0.064 0.308136125625 1.05456222905 1 1 4 0.99 0
220 3 4.5 0 1 6.867 0.5 3.01363492012 1.2393040453 1 Marco  780.9356845659995 0.064 0.619426644212 1.27433087482 1 1 4 0.99 1
221 3 4.5 0 0 11.2815 0.5 1.78310918808 0.498982501118 1 Marco  785.0356481939998 0.064 0.202981051804 0.784126686962 1 1 4 0.99 0
222 4 6 0 0 11.2815 0.5 3.27017092705 1.73054903743 1 Marco  787.9360452179999 0.064 0.297419645556 1.03962188962 1 1 4 0.99 0
223 3 6 0 1 6.867 0.5 3.18227100372 0.998514016148 1 Marco  792.303804954 0.064 0.821717613533 1.68375698758 1 1 4 0.99 1
224 3 4.5 0 0 8.3385 0.5 2.19973492622 0.645172697169 1 Marco  796.5840661329994 0.064 0.293170632394 1.05456222905 1 1 4 0.99 0
225 4 4.5 0 1 8.3385 0.5 2.242426157 0.687863927943 1 Marco  799.8860373549996 0.064 0.474806658963 1.05456222905 1 1 4 0.99 1
226 4 6 0 1 9.81 0.5 3.19703698158 1.50548104284 1 Marco  803.240108516 0.064 0.570077280275 1.19155593874 1 1 4 0.99 1
227 3 4.5 0 1 8.3385 0.5 47.8659148216 46.3113525926 1 Marco  807.5461912319997 0.064 0.511768597221 1.05456222905 1 1 4 0.99 1
228 4 4.5 0 0 6.867 0.5 1.97600698471 0.201676109892 1 Marco  856.5187452800001 0.064 0.355432527901 1.27433087482 1 1 4 0.99 0
229 3 4.5 0 0 12.753 0.5 1.48263287544 0.287618138315 1 Marco  859.5822844639997 0.064 0.20202466652 0.695014737127 1 1 4 0.99 0
230 4 4.5 0 0 9.81 0.5 2.03160095215 0.632146989607 1 Marco  862.1613753339998 0.064 0.265853700614 0.899453962542 1 1 4 0.99 0
231 3 6 0 1 11.2815 0.5 2.35554409027 0.815922200653 1 Marco  865.3007414060003 0.064 0.475686785643 1.03962188962 1 1 4 0.99 1
232 4 4.5 0 1 12.753 0.5 1.4799079895 0.284893252375 1 Marco  868.7635499839998 0.064 0.323950334332 0.695014737127 1 1 4 0.99 1
233 4 4.5 0 1 11.2815 0.5 1.78930020332 0.505173516362 1 Marco  871.3481683049995 0.064 0.391198811185 0.784126686962 1 1 4 0.99 1
234 3 6 0 0 9.81 0.5 2.50387001038 0.812314071634 1 Marco  874.2247811159996 0.064 0.332815927716 1.19155593874 1 1 4 0.99 0
235 3 4.5 0 1 12.753 0.5 1.4541220665 0.25910732937 1 Marco  877.8288991740001 0.064 0.328353109469 0.695014737127 1 1 4 0.99 1
236 3 6 0 1 9.81 0.5 2.5505759716 0.859020032861 1 Marco  880.385386211 0.064 0.56032640478 1.19155593874 1 1 4 0.99 1
237 3 6 0 0 11.2815 0.5 2.44213700294 0.902515113327 1 Marco  884.0370510729999 0.064 0.275395318391 1.03962188962 1 1 4 0.99 0
238 4 6 0 0 12.753 0.5 1.97773790359 0.555681215772 1 Marco  887.5775795139998 0.064 0.274469533708 0.922056687823 1 1 4 0.99 0
239 4 6 0 0 8.3385 0.5 2.72746896744 0.831953569442 1 Marco  890.6680611249994 0.064 0.367353552653 1.395515398 1 1 4 0.99 0
240 3 4.5 0 1 12.753 0.5 1.42312097549 0.228106238367 1 Marco  894.4890533789994 0.064 0.338787819929 0.695014737127 1 1 4 0.99 1
241 4 4.5 0 0 12.753 0.5 1.3777179718 0.182703234674 1 Marco  896.9996389620001 0.064 0.206118907 0.695014737127 1 1 4 0.99 0
242 3 4.5 0 0 11.2815 0.5 1.34628891945 0.0621622324871 1 Marco  899.4730946489999 0.064 0.22459751706 0.784126686962 1 1 4 0.99 0
243 4 6 0 1 11.2815 0.5 2.32212305069 0.782501161071 1 Marco  901.9243081759996 0.064 0.484995843535 1.03962188962 1 1 4 0.99 1
244 4 4.5 0 1 12.753 0.5 1.75098991394 0.555975176813 1 Marco  905.3577375819996 0.064 0.341999810383 0.695014737127 1 1 4 0.99 1
245 3 4.5 0 0 6.867 0.5 2.61543297768 0.841102102857 1 Marco  908.2177535149995 0.064 0.334080633728 1.27433087482 1 1 4 0.99 0
246 3 6 0 0 9.81 0.5 2.45548200607 0.763926067331 1 Marco  911.9273733029995 0.064 0.355339535006 1.19155593874 1 1 4 0.99 0
247 3 6 0 1 8.3385 0.5 2.97935199738 1.08383659938 1 Marco  915.488574256 0.064 0.673934327115 1.395515398 1 1 4 0.99 1
248 3 4.5 0 0 9.81 0.5 1.94927000999 0.549816047453 1 Marco  919.5708332510003 0.064 0.267495709332 0.899453962542 1 1 4 0.99 0
249 4 6 0 1 6.867 0.5 3.00138998032 0.817632992741 1 Marco  922.6371663259997 0.064 0.837176908195 1.68375698758 1 1 4 0.99 1
250 4 4.5 0 0 11.2815 0.5 1.95355701447 0.669430327504 1 Marco  926.7426567299999 0.064 0.211297597028 0.784126686962 1 1 4 0.99 0
251 3 6 0 0 12.753 0.5 2.02865099907 0.606594311246 1 Marco  929.7959139929999 0.064 0.267949632683 0.922056687823 1 1 4 0.99 0
252 4 6 0 1 8.3385 0.5 2.42779707909 0.53228168109 1 Marco  932.9318773859995 0.064 0.654524712747 1.395515398 1 1 4 0.99 1
253 4 6 0 0 9.81 0.5 2.78605294228 1.09449700353 1 Marco  936.4787779239996 0.064 0.323160849213 1.19155593874 1 1 4 0.99 0
254 3 6 0 1 6.867 0.5 2.95960116386 0.775844176289 1 Marco  940.3672723359996 0.064 0.824459637992 1.68375698758 1 1 4 0.99 1
255 3 4.5 0 1 6.867 0.5 3.13346505165 1.35913417683 1 Marco  944.4287209419999 0.064 0.63116077411 1.27433087482 1 1 4 0.99 1
256 4 4.5 0 1 8.3385 0.5 2.54203891754 0.987476688487 1 Marco  948.6580015330001 0.064 0.497310392603 1.05456222905 1 1 4 0.99 1
257 4 6 0 1 12.753 0.5 2.27980899811 0.857752310285 1 Marco  952.3182460809994 0.064 0.419622431008 0.922056687823 1 1 4 0.99 1
258 3 6 0 0 6.867 0.5 3.20418906212 1.02043207454 1 Marco  955.6821836419995 0.064 0.433722694219 1.68375698758 1 1 4 0.99 0
259 4 6 0 0 11.2815 0.5 1.95993614197 0.42031425235 1 Marco  959.984825898 0.064 0.288981506651 1.03962188962 1 1 4 0.99 0
260 3 6 0 0 8.3385 0.5 3.32660698891 1.43109159091 1 Marco  963.0389309869997 0.064 0.359113359531 1.395515398 1 1 4 0.99 0
261 4 4.5 0 1 9.81 0.5 2.41049003601 1.01103607347 1 Marco  967.477481117 0.064 0.415781426596 0.899453962542 1 1 4 0.99 1
262 4 6 0 0 6.867 0.5 3.62953805923 1.44578107166 1 Marco  970.9862664129996 0.064 0.425701982472 1.68375698758 1 1 4 0.99 0
263 3 6 0 1 9.81 0.5 2.67874312401 0.987187185266 1 Marco  975.713682732 0.064 0.556654098199 1.19155593874 1 1 4 0.99 1
264 4 4.5 0 0 8.3385 0.5 2.20360994339 0.649047714335 1 Marco  979.4975596200002 0.064 0.289599017508 1.05456222905 1 1 4 0.99 0
265 3 4.5 0 0 8.3385 0.5 2.22840595245 0.673843723399 1 Marco  982.8087051370003 0.064 0.278113442796 1.05456222905 1 1 4 0.99 0
266 3 6 0 0 11.2815 0.5 2.62935495377 1.08973306415 1 Marco  986.1400771230001 0.064 0.27552759238 1.03962188962 1 1 4 0.99 0
267 4 6 0 1 9.81 0.5 2.9520778656 1.26052192686 1 Marco  989.8632670629995 0.064 0.58763222949 1.19155593874 1 1 4 0.99 1
268 4 4.5 0 0 6.867 0.5 2.54285097122 0.768520096403 1 Marco  993.9114493540001 0.064 0.37384635966 1.27433087482 1 1 4 0.99 0
269 4 6 0 0 12.753 0.5 2.2868771553 0.864820467481 1 Marco  997.5594943629994 0.064 0.253680189221 0.922056687823 1 1 4 0.99 0
270 3 4.5 0 1 11.2815 0.5 1.71194696426 0.427820277302 1 Marco  1000.9446749190001 0.064 0.383931269452 0.784126686962 1 1 4 0.99 1
271 4 6 0 0 8.3385 0.5 2.56541395187 0.669898553878 1 Marco  1003.7514924950001 0.064 0.351398056855 1.395515398 1 1 4 0.99 0
272 3 6 0 1 12.753 0.5 1.94864082336 0.526584135541 1 Marco  1007.411026582 0.064 0.420695677765 0.922056687823 1 1 4 0.99 1
273 4 4.5 0 1 11.2815 0.5 1.80175089836 0.517624211399 1 Marco  1010.4627206079995 0.064 0.36667065769 0.784126686962 1 1 4 0.99 1
274 3 4.5 0 0 12.753 0.5 1.56673312187 0.371718384745 1 Marco  1013.370775632 0.064 0.194288784826 0.695014737127 1 1 4 0.99 0
275 3 6 0 1 11.2815 0.5 3.18095898628 1.64133709666 1 Marco  1016.0485245319996 0.064 0.51466039162 1.03962188962 1 1 4 0.99 1
276 4 4.5 0 1 6.867 0.5 2.63986802101 0.865537146192 1 Marco  1020.3104504189996 0.064 0.582790728705 1.27433087482 1 1 4 0.99 1
277 4 4.5 0 0 9.81 0.5 2.33509302139 0.935639058851 1 Marco  1024.0475020989998 0.064 0.235840441472 0.899453962542 1 1 4 0.99 0
278 3 4.5 0 1 8.3385 0.5 1.84597086906 0.29140864001 1 Marco  1027.498494675 0.064 0.515809419399 1.05456222905 1 1 4 0.99 1
279 3 4.5 0 1 9.81 0.5 1.69420719147 0.294753228925 1 Marco  1030.4500608529997 0.064 0.420965116851 0.899453962542 1 1 4 0.99 1
280 3 4.5 0 0 9.81 0.5 1.91667985916 0.51722589662 1 Marco  1033.2496041980003 0.064 0.225765420249 0.899453962542 1 1 4 0.99 0
281 4 4.5 0 0 12.753 0.5 1.73956799507 0.544553257944 1 Marco  1036.278501879 0.064 0.199870257275 0.695014737127 1 1 4 0.99 0
282 3 6 0 0 6.867 0.5 3.03345894814 0.84970196056 1 Marco  1039.1104424759997 0.064 0.446569707155 1.68375698758 1 1 4 0.99 0
283 3 4.5 0 0 12.753 0.5 1.67902302742 0.484008290293 1 Marco  1043.249325621 0.064 0.20016498447 0.695014737127 1 1 4 0.99 0
284 3 4.5 0 1 8.3385 0.5 2.99220919609 1.43764696704 1 Marco  1046.0416846130001 0.064 0.492431732673 1.05456222905 1 1 4 0.99 1
285 4 6 0 1 8.3385 0.5 3.02327299118 1.12775759318 1 Marco  1050.141102992 0.064 0.633387361756 1.395515398 1 1 4 0.99 1
286 3 6 0 0 8.3385 0.5 2.97633695602 1.08082155803 1 Marco  1054.2746641779995 0.064 0.352606060219 1.395515398 1 1 4 0.99 0
287 4 4.5 0 1 9.81 0.5 8.47333097458 7.07387701204 1 Marco  1059.926865341 0.064 0.436893645982 0.899453962542 1 1 4 0.99 1
288 4 6 0 0 8.3385 0.5 2.69366383553 0.798148437529 1 Marco  1067.9127524550004 0.064 0.37398092554 1.395515398 1 1 4 0.99 0
289 4 6 0 1 11.2815 0.5 2.20094513893 0.661323249313 1 Marco  1071.6947915220007 0.064 0.49098288481 1.03962188962 1 1 4 0.99 1
290 3 6 0 0 11.2815 0.5 2.30080890656 0.761187016937 1 Marco  1075.0127218870002 0.064 0.291820117599 1.03962188962 1 1 4 0.99 0
291 4 4.5 0 1 8.3385 0.5 2.32631206512 0.77174983607 1 Marco  1078.411165899999 0.064 0.52171263223 1.05456222905 1 1 4 0.99 1
292 4 6 0 0 11.2815 0.5 2.22701120377 0.687389314148 1 Marco  1081.8484022390003 0.064 0.286169766317 1.03962188962 1 1 4 0.99 0
293 4 6 0 0 9.81 0.5 2.76119709015 1.06964115141 1 Marco  1085.1784506799995 0.064 0.32963127653 1.19155593874 1 1 4 0.99 0
294 3 4.5 0 0 8.3385 0.5 2.08178901672 0.527226787669 1 Marco  1089.0280969140003 0.064 0.286519310107 1.05456222905 1 1 4 0.99 0
295 4 4.5 0 0 6.867 0.5 2.62066602707 0.84633515225 1 Marco  1092.2095392089996 0.064 0.364314068269 1.27433087482 1 1 4 0.99 0
296 3 6 0 1 8.3385 0.5 3.7989192009 1.9034038029 1 Marco  1095.9460949929999 0.064 0.63706503706 1.395515398 1 1 4 0.99 1
297 4 4.5 0 0 11.2815 0.5 1.79603004456 0.511903357594 1 Marco  1100.855966305 0.064 0.223797383492 0.784126686962 1 1 4 0.99 0
298 4 6 0 1 6.867 0.5 3.52623200417 1.34247501659 1 Marco  1103.7346855699998 0.064 0.808423766093 1.68375698758 1 1 4 0.99 1
299 3 6 0 1 6.867 0.5 3.28504300117 1.1012860136 1 Marco  1108.3730459859999 0.064 0.759432959591 1.68375698758 1 1 4 0.99 1
300 3 4.5 0 1 12.753 0.5 1.68077206612 0.485757328989 1 Marco  1112.762750336 0.064 0.342839916106 0.695014737127 1 1 4 0.99 1
301 4 4.5 0 0 8.3385 0.5 2.10133981705 0.546777587992 1 Marco  1115.5597108679995 0.064 0.268509584357 1.05456222905 1 1 4 0.99 0
302 3 4.5 0 0 11.2815 0.5 1.68495798111 0.400831294148 1 Marco  1118.7696798420002 0.064 0.232088311211 0.784126686962 1 1 4 0.99 0
303 4 4.5 0 1 6.867 0.5 3.06138205528 1.28705118046 1 Marco  1121.542575435 0.064 0.631474861029 1.27433087482 1 1 4 0.99 1
304 4 6 0 1 9.81 0.5 2.88126802444 1.1897120857 1 Marco  1125.71100664 0.064 0.564792378647 1.19155593874 1 1 4 0.99 1
305 3 6 0 1 12.753 0.5 2.58591103554 1.16385434771 1 Marco  1129.705334761 0.064 0.449195687981 0.922056687823 1 1 4 0.99 1
306 4 4.5 0 0 9.81 0.5 1.81738615036 0.417932187818 1 Marco  1133.4040889440003 0.064 0.24190284039 0.899453962542 1 1 4 0.99 0
307 4 4.5 0 1 11.2815 0.5 1.69902586937 0.414899182408 1 Marco  1136.3244490790003 0.064 0.380510074928 0.784126686962 1 1 4 0.99 1
308 4 6 0 0 12.753 0.5 2.1253361702 0.703279482374 1 Marco  1139.1247996879993 0.064 0.270022352492 0.922056687823 1 1 4 0.99 0
309 4 4.5 0 1 12.753 0.5 1.76737308502 0.572358347895 1 Marco  1142.344059773999 0.064 0.320894462712 0.695014737127 1 1 4 0.99 1
310 3 4.5 0 1 6.867 0.5 2.463960886 0.689630011182 1 Marco  1145.220393382 0.064 0.636825852927 1.27433087482 1 1 4 0.99 1
311 4 6 0 0 6.867 0.5 3.15868711472 0.97493012714 1 Marco  1148.7773927830003 0.064 0.478973003561 1.68375698758 1 1 4 0.99 0
312 3 4.5 0 1 9.81 0.5 1.76175713539 0.362303172849 1 Marco  1153.0404498219996 0.064 0.4237667734 0.899453962542 1 1 4 0.99 1
313 3 6 0 0 9.81 0.5 2.04892015457 0.35736421583 1 Marco  1155.902142515999 0.064 0.349092107211 1.19155593874 1 1 4 0.99 0
314 3 6 0 1 9.81 0.5 2.39974308014 0.708187141397 1 Marco  1159.0570767120007 0.064 0.579919233511 1.19155593874 1 1 4 0.99 1
315 4 6 0 1 12.753 0.5 2.0945789814 0.672522293577 1 Marco  1162.5526121879993 0.064 0.415963822897 0.922056687823 1 1 4 0.99 1
316 3 4.5 0 1 11.2815 0.5 1.90687084198 0.622744155018 1 Marco  1165.7512291660005 0.064 0.358347286016 0.784126686962 1 1 4 0.99 1
317 3 4.5 0 0 6.867 0.5 2.78406095505 1.00973008023 1 Marco  1168.755639301 0.064 0.364906708765 1.27433087482 1 1 4 0.99 0
318 3 6 0 0 12.753 0.5 2.64389181137 1.22183512355 1 Marco  1172.6327653360004 0.064 0.23574910366 0.922056687823 1 1 4 0.99 0
319 3 6 0 1 11.2815 0.5 2.65368103981 1.11405915019 1 Marco  1176.3968883630005 0.064 0.503015706665 1.03962188962 1 1 4 0.99 1
