trial vx vy vz LongOcclusion g timeStill rTime TemporalError environment id pupiltime IOD OccludedTimeOfTrajectory FlightDuration Drag DragFirst block accuracy LongOcclusion
0 3 6 0 1 9.81 0.5 1.79775595665 0.106200017908 1 Cristina  2.2417013379999844 0.055 0.580911330976 1.19155593874 1 1 4 0.91 1
1 3 4.5 0 1 12.753 0.5 1.34725904465 0.15224430752 1 Cristina  5.141616529999737 0.055 0.316090858474 0.695014737127 1 1 4 0.91 1
2 3 6 0 1 6.867 0.5 2.09388208389 -0.0898749036827 1 Cristina  7.592462433000037 0.055 0.831429201458 1.68375698758 1 1 4 0.91 1
3 3 4.5 0 0 8.3385 0.5 1.66336083412 0.108798605067 1 Cristina  10.804050930999438 0.055 0.308200557631 1.05456222905 1 1 4 0.91 0
4 4 6 0 1 8.3385 0.5 1.87091302872 -0.024602369279 1 Cristina  13.572981174999768 0.055 0.674672393014 1.395515398 1 1 4 0.91 1
5 3 4.5 0 0 9.81 0.5 1.51539897919 0.115945016645 1 Cristina  16.568092153999714 0.055 0.23113631297 0.899453962542 1 1 4 0.91 0
6 4 6 0 1 12.753 0.5 1.54104709625 0.11899040843 1 Cristina  19.187075891999484 0.055 0.422781277096 0.922056687823 1 1 4 0.91 1
7 4 4.5 0 1 9.81 0.5 1.50558805466 0.106134092115 1 Cristina  21.849608974999683 0.055 0.444721777345 0.899453962542 1 1 4 0.91 1
8 3 6 0 0 6.867 0.5 2.29439806938 0.110641081806 1 Cristina  24.463152872000137 0.055 0.43226121187 1.68375698758 1 1 4 0.91 0
9 4 6 0 0 6.867 0.5 2.21438097954 0.0306239919624 1 Cristina  27.88186714299991 0.055 0.458877300435 1.68375698758 1 1 4 0.91 0
10 3 4.5 0 1 8.3385 0.5 1.62210679054 0.0675445614878 1 Cristina  31.219451141999343 0.055 0.491195581476 1.05456222905 1 1 4 0.91 1
11 4 4.5 0 1 12.753 0.5 1.35136008263 0.156345345499 1 Cristina  33.96711314000004 0.055 0.321499386531 0.695014737127 1 1 4 0.91 1
12 4 4.5 0 1 6.867 0.5 1.7565870285 -0.0177438463157 1 Cristina  36.45075640699997 0.055 0.633009661718 1.27433087482 1 1 4 0.91 1
13 4 4.5 0 1 8.3385 0.5 1.58087611198 0.0263138829295 1 Cristina  39.304415556000095 0.055 0.514143328836 1.05456222905 1 1 4 0.91 1
14 3 4.5 0 0 11.2815 0.5 1.42656898499 0.142442298024 1 Cristina  42.00999571800003 0.055 0.199646190972 0.784126686962 1 1 4 0.91 0
15 4 6 0 0 8.3385 0.5 1.96802902222 0.0725136242207 1 Cristina  44.53432198700011 0.055 0.374543246924 1.395515398 1 1 4 0.91 0
16 4 4.5 0 0 9.81 0.5 1.4911699295 0.0917159669626 1 Cristina  47.621171415999925 0.055 0.258069791737 0.899453962542 1 1 4 0.91 0
17 3 6 0 1 8.3385 0.5 1.89023590088 -0.00527949711716 1 Cristina  50.23622308999984 0.055 0.694641467531 1.395515398 1 1 4 0.91 1
18 3 4.5 0 1 11.2815 0.5 1.41591310501 0.131786418049 1 Cristina  53.23684123199928 0.055 0.386722693593 0.784126686962 1 1 4 0.91 1
19 3 6 0 0 8.3385 0.5 1.99390006065 0.0983846626576 1 Cristina  55.7718489559993 0.055 0.376508863272 1.395515398 1 1 4 0.91 0
20 4 4.5 0 0 12.753 0.5 1.34313392639 0.148119189264 1 Cristina  58.876656863999415 0.055 0.182785158504 0.695014737127 1 1 4 0.91 0
21 4 4.5 0 0 8.3385 0.5 1.66522288322 0.11066065417 1 Cristina  61.33421772699967 0.055 0.31420373365 1.05456222905 1 1 4 0.91 0
22 4 6 0 0 12.753 0.5 1.54270505905 0.120648371229 1 Cristina  64.11282305999976 0.055 0.261228683991 0.922056687823 1 1 4 0.91 0
23 3 4.5 0 1 6.867 0.5 1.77139902115 -0.00293185367048 1 Cristina  66.77221918599935 0.055 0.578945170371 1.27433087482 1 1 4 0.91 1
24 4 6 0 1 9.81 0.5 1.7399430275 0.0483870887544 1 Cristina  69.64282616699984 0.055 0.56747322215 1.19155593874 1 1 4 0.91 1
25 3 4.5 0 0 12.753 0.5 1.39678883553 0.201774098398 1 Cristina  72.50497049099977 0.055 0.19060174942 0.695014737127 1 1 4 0.91 0
26 3 6 0 1 12.753 0.5 1.52633786201 0.104281174192 1 Cristina  75.00674235599945 0.055 0.448699547907 0.922056687823 1 1 4 0.91 1
27 4 4.5 0 0 11.2815 0.5 1.47880291939 0.194676232426 1 Cristina  77.65463757599991 0.055 0.232902916594 0.784126686962 1 1 4 0.91 0
28 4 6 0 1 6.867 0.5 1.96102905273 -0.222727934841 1 Cristina  80.22528458999932 0.055 0.819739468691 1.68375698758 1 1 4 0.91 1
29 3 4.5 0 0 6.867 0.5 1.86657905579 0.092248180967 1 Cristina  83.33019605999925 0.055 0.323169023858 1.27433087482 1 1 4 0.91 0
30 4 4.5 0 1 11.2815 0.5 1.4306139946 0.146487307637 1 Cristina  86.30788076499994 0.055 0.382485525109 0.784126686962 1 1 4 0.91 1
31 4 4.5 0 0 6.867 0.5 1.87547397614 0.101143101316 1 Cristina  88.83290338000006 0.055 0.330116656468 1.27433087482 1 1 4 0.91 0
32 4 6 0 1 11.2815 0.5 1.63533401489 0.0957121252743 1 Cristina  91.81158863499968 0.055 0.474886546996 1.03962188962 1 1 4 0.91 1
33 3 6 0 0 9.81 0.5 1.8539249897 0.162369050958 1 Cristina  94.56785438799943 0.055 0.329873958716 1.19155593874 1 1 4 0.91 0
34 3 6 0 0 12.753 0.5 1.60858511925 0.186528431425 1 Cristina  97.51587056599965 0.055 0.24543078776 0.922056687823 1 1 4 0.91 0
35 4 6 0 0 9.81 0.5 1.78677201271 0.0952160739686 1 Cristina  100.23343649899925 0.055 0.303319553605 1.19155593874 1 1 4 0.91 0
36 3 6 0 0 11.2815 0.5 1.74956798553 0.209946095916 1 Cristina  103.14797318899946 0.055 0.307031726852 1.03962188962 1 1 4 0.91 0
37 3 6 0 1 11.2815 0.5 1.74329900742 0.203677117798 1 Cristina  105.99213096999938 0.055 0.468763559597 1.03962188962 1 1 4 0.91 1
38 4 6 0 0 11.2815 0.5 1.72769594193 0.188074052307 1 Cristina  108.83624100699944 0.055 0.300929587043 1.03962188962 1 1 4 0.91 0
39 3 4.5 0 1 9.81 0.5 1.56276607513 0.163312112592 1 Cristina  111.66890793699986 0.055 0.410479163911 0.899453962542 1 1 4 0.91 1
40 3 6 0 0 11.2815 0.5 1.61262798309 0.073006093475 1 Cristina  114.31938619799985 0.055 0.29344255855 1.03962188962 1 1 4 0.91 0
41 3 6 0 0 12.753 0.5 1.56094503403 0.138888346204 1 Cristina  117.06624939499943 0.055 0.237268258758 0.922056687823 1 1 4 0.91 0
42 3 6 0 0 9.81 0.5 1.86361312866 0.17205718992 1 Cristina  119.72115312400001 0.055 0.346997971574 1.19155593874 1 1 4 0.91 0
43 3 4.5 0 0 9.81 0.5 1.53434514999 0.134891187452 1 Cristina  122.7116910349996 0.055 0.267018632983 0.899453962542 1 1 4 0.91 0
44 4 4.5 0 0 12.753 0.5 1.29845309258 0.103438355448 1 Cristina  125.35407975199996 0.055 0.207968104462 0.695014737127 1 1 4 0.91 0
45 4 6 0 0 6.867 0.5 2.3398809433 0.156123955723 1 Cristina  127.77662454399979 0.055 0.428949258389 1.68375698758 1 1 4 0.91 0
46 4 6 0 1 9.81 0.5 1.74934601784 0.0577900790956 1 Cristina  131.2325670729997 0.055 0.545389652861 1.19155593874 1 1 4 0.91 1
47 4 6 0 1 6.867 0.5 2.05420589447 -0.129551093105 1 Cristina  134.10411183899942 0.055 0.807815739641 1.68375698758 1 1 4 0.91 1
48 3 6 0 1 9.81 0.5 1.7338039875 0.0422480487611 1 Cristina  137.26662306599974 0.055 0.551388041002 1.19155593874 1 1 4 0.91 1
49 4 4.5 0 0 8.3385 0.5 1.71506881714 0.160506588084 1 Cristina  140.10587063599996 0.055 0.295733129841 1.05456222905 1 1 4 0.91 0
50 3 4.5 0 1 6.867 0.5 1.78485798836 0.0105271135384 1 Cristina  142.91693035299977 0.055 0.632714860792 1.27433087482 1 1 4 0.91 1
51 3 4.5 0 1 9.81 0.5 1.55917286873 0.159718906187 1 Cristina  145.80264703000012 0.055 0.417782404165 0.899453962542 1 1 4 0.91 1
52 3 4.5 0 1 8.3385 0.5 1.63984799385 0.0852857647959 1 Cristina  148.48108117999982 0.055 0.509542768075 1.05456222905 1 1 4 0.91 1
53 4 6 0 0 11.2815 0.5 1.71219706535 0.172575175735 1 Cristina  151.21614199599935 0.055 0.308972090519 1.03962188962 1 1 4 0.91 0
54 3 6 0 1 12.753 0.5 1.59146094322 0.169404255399 1 Cristina  154.03574804899927 0.055 0.446551081782 0.922056687823 1 1 4 0.91 1
55 4 6 0 0 8.3385 0.5 2.0155570507 0.120041652709 1 Cristina  156.7541363929995 0.055 0.41215253764 1.395515398 1 1 4 0.91 0
56 3 4.5 0 0 8.3385 0.5 1.73260998726 0.178047758204 1 Cristina  159.85321491099967 0.055 0.309988753357 1.05456222905 1 1 4 0.91 0
57 4 4.5 0 0 9.81 0.5 1.53302407265 0.133570110105 1 Cristina  162.70480886899986 0.055 0.233321323036 0.899453962542 1 1 4 0.91 0
58 4 4.5 0 1 9.81 0.5 1.52876710892 0.129313146375 1 Cristina  165.33602225199957 0.055 0.424722126557 0.899453962542 1 1 4 0.91 1
59 3 4.5 0 1 11.2815 0.5 1.44025206566 0.156125378697 1 Cristina  167.9662418959997 0.055 0.370011405002 0.784126686962 1 1 4 0.91 1
60 3 4.5 0 0 12.753 0.5 1.42114496231 0.226130225183 1 Cristina  170.5292907969997 0.055 0.189425182123 0.695014737127 1 1 4 0.91 0
61 4 4.5 0 0 6.867 0.5 1.8638958931 0.0895650182778 1 Cristina  173.07441748199926 0.055 0.381063238623 1.27433087482 1 1 4 0.91 0
62 3 6 0 0 6.867 0.5 2.29252791405 0.108770926472 1 Cristina  176.06911863499954 0.055 0.434923710815 1.68375698758 1 1 4 0.91 0
63 3 4.5 0 1 12.753 0.5 1.35590600967 0.160891272547 1 Cristina  179.4518918499998 0.055 0.33392726951 0.695014737127 1 1 4 0.91 1
64 3 6 0 1 11.2815 0.5 1.64955091476 0.109929025146 1 Cristina  181.9094313329997 0.055 0.503692160596 1.03962188962 1 1 4 0.91 1
65 4 4.5 0 1 11.2815 0.5 1.44474005699 0.16061337003 1 Cristina  184.657750974 0.055 0.360867854692 0.784126686962 1 1 4 0.91 1
66 3 4.5 0 0 11.2815 0.5 1.45807409286 0.173947405903 1 Cristina  187.21406425499936 0.055 0.220720521587 0.784126686962 1 1 4 0.91 0
67 4 6 0 1 12.753 0.5 1.55973792076 0.137681232938 1 Cristina  189.77452237799935 0.055 0.457275076146 0.922056687823 1 1 4 0.91 1
68 4 6 0 0 12.753 0.5 1.59239816666 0.170341478834 1 Cristina  192.43658975400012 0.055 0.259744308576 0.922056687823 1 1 4 0.91 0
69 4 4.5 0 1 8.3385 0.5 1.68705701828 0.132494789225 1 Cristina  195.13602932899994 0.055 0.52507379477 1.05456222905 1 1 4 0.91 1
70 4 6 0 1 8.3385 0.5 1.8884909153 -0.0070244826976 1 Cristina  197.9133078879995 0.055 0.67892655881 1.395515398 1 1 4 0.91 1
71 3 4.5 0 0 6.867 0.5 1.8532781601 0.078947285276 1 Cristina  200.9280192440001 0.055 0.333745928996 1.27433087482 1 1 4 0.91 0
72 4 4.5 0 0 11.2815 0.5 1.46477293968 0.18064625272 1 Cristina  203.88215831199977 0.055 0.223987173575 0.784126686962 1 1 4 0.91 0
73 3 6 0 0 8.3385 0.5 2.02529501915 0.129779621154 1 Cristina  206.47768657799952 0.055 0.350596524869 1.395515398 1 1 4 0.91 0
74 3 6 0 1 8.3385 0.5 1.94051194191 0.0449965439137 1 Cristina  209.58911865899972 0.055 0.676633612195 1.395515398 1 1 4 0.91 1
75 4 4.5 0 1 12.753 0.5 1.39446187019 0.199447133066 1 Cristina  212.62621950999983 0.055 0.318767371808 0.695014737127 1 1 4 0.91 1
76 4 4.5 0 1 6.867 0.5 1.77690196037 0.00257108555376 1 Cristina  215.15114508499937 0.055 0.625647673396 1.27433087482 1 1 4 0.91 1
77 4 6 0 0 9.81 0.5 1.82399010658 0.132434167841 1 Cristina  218.0292147149994 0.055 0.305050100356 1.19155593874 1 1 4 0.91 0
78 4 6 0 1 11.2815 0.5 1.66510891914 0.125487029525 1 Cristina  220.96376696100015 0.055 0.475028624651 1.03962188962 1 1 4 0.91 1
79 3 6 0 1 6.867 0.5 2.21683502197 0.0330780343971 1 Cristina  223.71757854599946 0.055 0.806132160514 1.68375698758 1 1 4 0.91 1
80 4 6 0 1 8.3385 0.5 1.91987705231 0.0243616543111 1 Cristina  227.03028556199934 0.055 0.667251606879 1.395515398 1 1 4 0.91 1
81 4 6 0 0 12.753 0.5 1.56169390678 0.139637218961 1 Cristina  230.05307469699983 0.055 0.261350509917 0.922056687823 1 1 4 0.91 0
82 4 6 0 0 9.81 0.5 1.85253119469 0.160975255945 1 Cristina  232.72117561899995 0.055 0.341561322062 1.19155593874 1 1 4 0.91 0
83 3 4.5 0 1 11.2815 0.5 1.45084905624 0.166722369282 1 Cristina  235.67612514199936 0.055 0.362401783079 0.784126686962 1 1 4 0.91 1
84 4 4.5 0 0 6.867 0.5 1.90303993225 0.128709057432 1 Cristina  238.22916600999997 0.055 0.367007769299 1.27433087482 1 1 4 0.91 0
85 3 4.5 0 1 9.81 0.5 1.53332400322 0.133870040678 1 Cristina  241.23632036399977 0.055 0.418179225971 0.899453962542 1 1 4 0.91 1
86 4 4.5 0 0 11.2815 0.5 1.46743702888 0.183310341923 1 Cristina  243.8736813409996 0.055 0.210608453639 0.784126686962 1 1 4 0.91 0
87 3 6 0 1 8.3385 0.5 1.95203089714 0.0565154991444 1 Cristina  246.4429980219993 0.055 0.647887584093 1.395515398 1 1 4 0.91 1
88 3 6 0 1 9.81 0.5 1.82633495331 0.134779014566 1 Cristina  249.50736257900007 0.055 0.574256576474 1.19155593874 1 1 4 0.91 1
89 3 6 0 1 6.867 0.5 2.14780187607 -0.0359551115074 1 Cristina  252.4361545339998 0.055 0.839730420985 1.68375698758 1 1 4 0.91 1
90 3 4.5 0 1 6.867 0.5 1.84752583504 0.0731949602181 1 Cristina  255.6969148549997 0.055 0.587403276619 1.27433087482 1 1 4 0.91 1
91 4 4.5 0 1 9.81 0.5 1.55706000328 0.157606040739 1 Cristina  258.6530639100001 0.055 0.444041873227 0.899453962542 1 1 4 0.91 1
92 4 6 0 1 12.753 0.5 1.58669400215 0.164637314329 1 Cristina  261.32029275900004 0.055 0.455796505531 0.922056687823 1 1 4 0.91 1
93 3 6 0 1 11.2815 0.5 1.67548584938 0.135863959762 1 Cristina  264.022026052 0.055 0.514885453645 1.03962188962 1 1 4 0.91 1
94 4 6 0 0 11.2815 0.5 1.73566603661 0.196044146988 1 Cristina  266.8027973829994 0.055 0.272449140218 1.03962188962 1 1 4 0.91 0
95 4 6 0 0 6.867 0.5 2.37771487236 0.193957884785 1 Cristina  269.6400324649994 0.055 0.457161519764 1.68375698758 1 1 4 0.91 0
96 4 4.5 0 0 12.753 0.5 1.37851381302 0.183499075891 1 Cristina  273.1211695239999 0.055 0.188934899681 0.695014737127 1 1 4 0.91 0
97 3 6 0 1 12.753 0.5 1.59927892685 0.177222239027 1 Cristina  275.60236289299974 0.055 0.44111327225 0.922056687823 1 1 4 0.91 1
98 3 6 0 0 11.2815 0.5 1.78168201447 0.242060124847 1 Cristina  278.30087170299976 0.055 0.298401048281 1.03962188962 1 1 4 0.91 0
99 3 4.5 0 0 6.867 0.5 2.01293110847 0.238600233656 1 Cristina  281.1884606879994 0.055 0.33045367397 1.27433087482 1 1 4 0.91 0
100 4 4.5 0 1 6.867 0.5 1.82792687416 0.0535959993416 1 Cristina  284.3244465629996 0.055 0.587107487851 1.27433087482 1 1 4 0.91 1
101 4 4.5 0 1 12.753 0.5 1.36124014854 0.166225411417 1 Cristina  287.26487153699964 0.055 0.34738740995 0.695014737127 1 1 4 0.91 1
102 4 6 0 0 8.3385 0.5 1.9896569252 0.0941415272054 1 Cristina  289.73494250299973 0.055 0.375238353873 1.395515398 1 1 4 0.91 0
103 3 4.5 0 0 12.753 0.5 1.34186196327 0.146847226145 1 Cristina  292.84266378899974 0.055 0.193567331505 0.695014737127 1 1 4 0.91 0
104 3 6 0 0 6.867 0.5 2.33636212349 0.152605135914 1 Cristina  295.2870856339996 0.055 0.439865991187 1.68375698758 1 1 4 0.91 0
105 3 4.5 0 0 9.81 0.5 1.55452299118 0.155069028639 1 Cristina  298.7482628019998 0.055 0.254142799309 0.899453962542 1 1 4 0.91 0
106 4 4.5 0 0 8.3385 0.5 1.71231007576 0.157747846705 1 Cristina  301.41225730099995 0.055 0.30104671539 1.05456222905 1 1 4 0.91 0
107 4 6 0 1 9.81 0.5 1.75214099884 0.0605850600984 1 Cristina  304.2290506319996 0.055 0.589700512215 1.19155593874 1 1 4 0.91 1
108 4 4.5 0 0 9.81 0.5 1.49791097641 0.0984570138681 1 Cristina  307.08388098999967 0.055 0.268581737913 0.899453962542 1 1 4 0.91 0
109 4 6 0 1 11.2815 0.5 1.65426802635 0.114646136734 1 Cristina  309.70758985500015 0.055 0.485650563942 1.03962188962 1 1 4 0.91 1
110 3 6 0 0 8.3385 0.5 2.05874300003 0.163227602034 1 Cristina  312.48164798499965 0.055 0.409892719645 1.395515398 1 1 4 0.91 0
111 4 6 0 1 6.867 0.5 2.07694005966 -0.106816927914 1 Cristina  315.6355486129996 0.055 0.768500341679 1.68375698758 1 1 4 0.91 1
112 3 4.5 0 1 8.3385 0.5 1.69920396805 0.144641738993 1 Cristina  318.8163538459994 0.055 0.515592808074 1.05456222905 1 1 4 0.91 1
113 3 4.5 0 0 8.3385 0.5 1.69964909554 0.145086866481 1 Cristina  321.6282487009994 0.055 0.278833838491 1.05456222905 1 1 4 0.91 0
114 3 6 0 0 12.753 0.5 1.59786391258 0.17580722476 1 Cristina  324.4476366539993 0.055 0.239338309486 0.922056687823 1 1 4 0.91 0
115 4 4.5 0 1 8.3385 0.5 1.59012508392 0.0355628548686 1 Cristina  327.155777942 0.055 0.522311507955 1.05456222905 1 1 4 0.91 1
116 3 4.5 0 1 12.753 0.5 1.41637301445 0.221358277323 1 Cristina  329.85049586700006 0.055 0.331947256371 0.695014737127 1 1 4 0.91 1
117 3 4.5 0 0 11.2815 0.5 1.45730996132 0.173183274357 1 Cristina  332.3720991379996 0.055 0.230936210744 0.784126686962 1 1 4 0.91 0
118 4 4.5 0 1 11.2815 0.5 1.51095914841 0.226832461445 1 Cristina  334.93312987899935 0.055 0.391815594101 0.784126686962 1 1 4 0.91 1
119 3 6 0 0 9.81 0.5 1.8468310833 0.155275144556 1 Cristina  337.56906815899947 0.055 0.325473316857 1.19155593874 1 1 4 0.91 0
120 3 6 0 1 11.2815 0.5 1.60716795921 0.067546069595 1 Cristina  340.539097414 0.055 0.503945002649 1.03962188962 1 1 4 0.91 1
121 3 4.5 0 1 6.867 0.5 1.79636192322 0.0220310483986 1 Cristina  343.25152689100014 0.055 0.635865910227 1.27433087482 1 1 4 0.91 1
122 4 6 0 0 8.3385 0.5 1.96931314468 0.0737977466878 1 Cristina  346.38978615699943 0.055 0.387078475271 1.395515398 1 1 4 0.91 0
123 4 6 0 1 9.81 0.5 1.71365499496 0.0220990562226 1 Cristina  349.2009940429998 0.055 0.589556615877 1.19155593874 1 1 4 0.91 1
124 3 6 0 0 9.81 0.5 1.81904387474 0.127487935999 1 Cristina  352.0086242950001 0.055 0.342294946181 1.19155593874 1 1 4 0.91 0
125 4 4.5 0 0 6.867 0.5 1.92309617996 0.148765305143 1 Cristina  354.9517806169997 0.055 0.327767358129 1.27433087482 1 1 4 0.91 0
126 3 4.5 0 0 12.753 0.5 1.4033510685 0.208336331369 1 Cristina  357.9810194109996 0.055 0.195433791522 0.695014737127 1 1 4 0.91 0
127 4 4.5 0 1 9.81 0.5 1.56812095642 0.168666993879 1 Cristina  360.4922970769994 0.055 0.435766862837 0.899453962542 1 1 4 0.91 1
128 4 4.5 0 1 11.2815 0.5 1.51145601273 0.227329325764 1 Cristina  363.16368561299987 0.055 0.373343150865 0.784126686962 1 1 4 0.91 1
129 3 6 0 1 8.3385 0.5 1.89922904968 0.00371365168655 1 Cristina  365.78000128499934 0.055 0.643731058711 1.395515398 1 1 4 0.91 1
130 4 6 0 0 12.753 0.5 1.60647892952 0.184422241697 1 Cristina  368.80862098599937 0.055 0.246078444985 0.922056687823 1 1 4 0.91 0
131 3 4.5 0 0 9.81 0.5 1.66196990013 0.262515937589 1 Cristina  371.5223382869999 0.055 0.233380867032 0.899453962542 1 1 4 0.91 0
132 3 6 0 0 12.753 0.5 1.70421600342 0.282159315595 1 Cristina  374.2916225019999 0.055 0.265744324899 0.922056687823 1 1 4 0.91 0
133 4 4.5 0 1 12.753 0.5 1.34990501404 0.154890276911 1 Cristina  377.0956676959995 0.055 0.342349997736 0.695014737127 1 1 4 0.91 1
134 3 6 0 0 6.867 0.5 2.33573794365 0.151980956074 1 Cristina  379.57385045499996 0.055 0.426761241045 1.68375698758 1 1 4 0.91 0
135 4 6 0 1 6.867 0.5 2.11555981636 -0.0681971712151 1 Cristina  383.0315500779998 0.055 0.781588627263 1.68375698758 1 1 4 0.91 1
136 3 6 0 0 8.3385 0.5 2.03248286247 0.136967464476 1 Cristina  386.25421993999953 0.055 0.386667364619 1.395515398 1 1 4 0.91 0
137 4 6 0 1 12.753 0.5 1.56537008286 0.143313395032 1 Cristina  389.38986784899953 0.055 0.440080929086 0.922056687823 1 1 4 0.91 1
138 3 4.5 0 1 11.2815 0.5 1.49068713188 0.20656044492 1 Cristina  392.02773304899983 0.055 0.387050504098 0.784126686962 1 1 4 0.91 1
139 4 4.5 0 0 8.3385 0.5 1.74195289612 0.187390667063 1 Cristina  394.6250499789994 0.055 0.284923228704 1.05456222905 1 1 4 0.91 0
140 4 6 0 0 11.2815 0.5 1.68875694275 0.149135053131 1 Cristina  397.4656740679993 0.055 0.299470616795 1.03962188962 1 1 4 0.91 0
141 4 4.5 0 0 9.81 0.5 1.65640807152 0.256954108976 1 Cristina  400.2645150640001 0.055 0.253962436354 0.899453962542 1 1 4 0.91 0
142 3 4.5 0 0 6.867 0.5 1.84968805313 0.0753571783119 1 Cristina  403.0355308419994 0.055 0.354224979797 1.27433087482 1 1 4 0.91 0
143 3 6 0 1 12.753 0.5 1.58915805817 0.167101370344 1 Cristina  405.9903047429998 0.055 0.440897597815 0.922056687823 1 1 4 0.91 1
144 4 4.5 0 1 6.867 0.5 1.78782296181 0.0134920869881 1 Cristina  408.69649062999997 0.055 0.598639676417 1.27433087482 1 1 4 0.91 1
145 3 4.5 0 0 11.2815 0.5 1.41731286049 0.133186173527 1 Cristina  411.62084967699957 0.055 0.223804975148 0.784126686962 1 1 4 0.91 0
146 4 4.5 0 1 8.3385 0.5 1.65886712074 0.104304891688 1 Cristina  414.1468327049997 0.055 0.516042602788 1.05456222905 1 1 4 0.91 1
147 4 6 0 0 9.81 0.5 1.793820858 0.10226491926 1 Cristina  416.91166022000016 0.055 0.301873783424 1.19155593874 1 1 4 0.91 0
148 3 4.5 0 1 12.753 0.5 1.37966704369 0.184652306559 1 Cristina  419.78475975999936 0.055 0.315765604181 0.695014737127 1 1 4 0.91 1
149 4 6 0 1 11.2815 0.5 1.60537290573 0.065751016113 1 Cristina  422.29047967299994 0.055 0.485255869193 1.03962188962 1 1 4 0.91 1
150 3 6 0 1 6.867 0.5 2.13419294357 -0.0495640440025 1 Cristina  425.010986796 0.055 0.813478367308 1.68375698758 1 1 4 0.91 1
151 3 4.5 0 0 8.3385 0.5 1.5977139473 0.0431517182414 1 Cristina  428.25105526900006 0.055 0.279741291529 1.05456222905 1 1 4 0.91 0
152 3 6 0 1 9.81 0.5 1.69105291367 -0.000503025076193 1 Cristina  430.95584448799946 0.055 0.591595757916 1.19155593874 1 1 4 0.91 1
153 4 6 0 0 6.867 0.5 2.33535885811 0.151601870533 1 Cristina  433.7483025649999 0.055 0.444890739096 1.68375698758 1 1 4 0.91 0
154 3 4.5 0 1 9.81 0.5 1.58315896988 0.183705007337 1 Cristina  437.21257442599926 0.055 0.426156913836 0.899453962542 1 1 4 0.91 1
155 3 6 0 0 11.2815 0.5 1.70029616356 0.160674273941 1 Cristina  439.90755685800013 0.055 0.30921257948 1.03962188962 1 1 4 0.91 0
156 3 4.5 0 1 8.3385 0.5 1.57775402069 0.0231917916362 1 Cristina  442.72359404799954 0.055 0.503599553558 1.05456222905 1 1 4 0.91 1
157 4 4.5 0 0 11.2815 0.5 1.4963760376 0.212249350636 1 Cristina  445.39980613399985 0.055 0.220051486694 0.784126686962 1 1 4 0.91 0
158 4 4.5 0 0 12.753 0.5 1.33979797363 0.144783236505 1 Cristina  447.9981876639995 0.055 0.194885984454 0.695014737127 1 1 4 0.91 0
159 4 6 0 1 8.3385 0.5 1.87649106979 -0.0190243282024 1 Cristina  450.439013917 0.055 0.647722958153 1.395515398 1 1 4 0.91 1
160 3 4.5 0 1 9.81 0.5 1.44545197487 0.045998012327 1 Cristina  453.41521744500005 0.055 0.431549923906 0.899453962542 1 1 4 0.91 1
161 3 4.5 0 1 11.2815 0.5 1.43819403648 0.154067349522 1 Cristina  455.98711674900005 0.055 0.385496503842 0.784126686962 1 1 4 0.91 1
162 4 6 0 1 12.753 0.5 1.46879005432 0.0467333664985 1 Cristina  458.5243097779994 0.055 0.41492566902 0.922056687823 1 1 4 0.91 1
163 4 6 0 0 9.81 0.5 1.83256101608 0.141005077341 1 Cristina  461.08401615 0.055 0.355861202524 1.19155593874 1 1 4 0.91 0
164 4 6 0 1 6.867 0.5 2.08369493484 -0.100062052731 1 Cristina  464.0411411689993 0.055 0.768607491109 1.68375698758 1 1 4 0.91 1
165 3 4.5 0 0 12.753 0.5 1.31783699989 0.122822262766 1 Cristina  467.2470810449995 0.055 0.206915061233 0.695014737127 1 1 4 0.91 0
166 3 4.5 0 1 12.753 0.5 1.42763495445 0.232620217325 1 Cristina  469.66208325499974 0.055 0.324697173282 0.695014737127 1 1 4 0.91 1
167 4 6 0 0 11.2815 0.5 1.61193990707 0.0723180174557 1 Cristina  472.1927808579994 0.055 0.302147412068 1.03962188962 1 1 4 0.91 0
168 4 4.5 0 1 12.753 0.5 1.24689698219 0.0518822450656 1 Cristina  474.91098619399963 0.055 0.338897535998 0.695014737127 1 1 4 0.91 1
169 4 4.5 0 0 8.3385 0.5 1.7178068161 0.163244587046 1 Cristina  477.2600831189993 0.055 0.27949433233 1.05456222905 1 1 4 0.91 0
170 3 6 0 0 12.753 0.5 1.53709697723 0.115040289411 1 Cristina  480.08624009100004 0.055 0.244628672206 0.922056687823 1 1 4 0.91 0
171 3 6 0 1 12.753 0.5 1.60225510597 0.180198418149 1 Cristina  482.73679234799965 0.055 0.429691883496 0.922056687823 1 1 4 0.91 1
172 3 6 0 1 8.3385 0.5 1.85213184357 -0.0433835544292 1 Cristina  485.4508691909996 0.055 0.668836471154 1.395515398 1 1 4 0.91 1
173 4 4.5 0 1 8.3385 0.5 1.52661204338 -0.027950185674 1 Cristina  488.43023798299964 0.055 0.502153892769 1.05456222905 1 1 4 0.91 1
174 4 4.5 0 0 12.753 0.5 1.31142807007 0.116413332941 1 Cristina  491.0598782999996 0.055 0.194124432324 0.695014737127 1 1 4 0.91 0
175 3 6 0 0 8.3385 0.5 1.99518108368 0.0996656856831 1 Cristina  493.46350262099986 0.055 0.389771955745 1.395515398 1 1 4 0.91 0
176 3 6 0 0 9.81 0.5 1.81884694099 0.127291002252 1 Cristina  496.564607669 0.055 0.321447704615 1.19155593874 1 1 4 0.91 0
177 3 4.5 0 1 8.3385 0.5 1.67415094376 0.119588714701 1 Cristina  499.48799242399946 0.055 0.48011364364 1.05456222905 1 1 4 0.91 1
178 4 6 0 1 8.3385 0.5 1.87490677834 -0.0206086196605 1 Cristina  502.2797671519993 0.055 0.674084659622 1.395515398 1 1 4 0.91 1
179 3 6 0 1 11.2815 0.5 1.66256117821 0.122939288589 1 Cristina  505.26026408099915 0.055 0.516950402205 1.03962188962 1 1 4 0.91 1
180 4 4.5 0 1 9.81 0.5 1.52519321442 0.125739251875 1 Cristina  508.03026486699946 0.055 0.411918450152 0.899453962542 1 1 4 0.91 1
181 3 6 0 1 9.81 0.5 1.68491411209 -0.0066418266509 1 Cristina  510.66004707400043 0.055 0.568971410556 1.19155593874 1 1 4 0.91 1
182 3 6 0 1 6.867 0.5 2.05761885643 -0.126138131145 1 Cristina  513.4498993389998 0.055 0.840176740249 1.68375698758 1 1 4 0.91 1
183 4 6 0 0 8.3385 0.5 2.027780056 0.132264658004 1 Cristina  516.6130323810003 0.055 0.398578040904 1.395515398 1 1 4 0.91 0
184 3 4.5 0 0 8.3385 0.5 1.66328382492 0.108721595866 1 Cristina  519.750098219999 0.055 0.305849962815 1.05456222905 1 1 4 0.91 0
185 4 6 0 0 12.753 0.5 1.57642388344 0.154367195615 1 Cristina  522.5346900060003 0.055 0.23195618979 0.922056687823 1 1 4 0.91 0
186 4 4.5 0 1 6.867 0.5 1.68954896927 -0.0847819055504 1 Cristina  525.2162576809997 0.055 0.623655636773 1.27433087482 1 1 4 0.91 1
187 3 4.5 0 1 6.867 0.5 1.81781101227 0.0434801374489 1 Cristina  528.0158486810005 0.055 0.617327409717 1.27433087482 1 1 4 0.91 1
188 4 4.5 0 0 11.2815 0.5 1.41642999649 0.132303309529 1 Cristina  530.9270555519988 0.055 0.217950160788 0.784126686962 1 1 4 0.91 0
189 4 6 0 1 9.81 0.5 1.77718901634 0.0856330776002 1 Cristina  533.467930668 0.055 0.543932761117 1.19155593874 1 1 4 0.91 1
190 4 4.5 0 0 9.81 0.5 1.55082583427 0.151371871732 1 Cristina  536.347999958999 0.055 0.238508193094 0.899453962542 1 1 4 0.91 0
191 4 6 0 1 11.2815 0.5 1.59874486923 0.0591229796139 1 Cristina  539.0243319119991 0.055 0.494597411318 1.03962188962 1 1 4 0.91 1
192 4 6 0 0 6.867 0.5 2.2813141346 0.0975571470222 1 Cristina  541.7282596550003 0.055 0.488357277776 1.68375698758 1 1 4 0.91 0
193 3 6 0 0 11.2815 0.5 1.64495015144 0.105328261825 1 Cristina  545.1119218670001 0.055 0.27329311468 1.03962188962 1 1 4 0.91 0
194 4 4.5 0 0 6.867 0.5 1.89723181725 0.122900942426 1 Cristina  547.8605240240004 0.055 0.328088108925 1.27433087482 1 1 4 0.91 0
195 3 4.5 0 0 6.867 0.5 1.92359685898 0.149265984159 1 Cristina  550.8800549819998 0.055 0.349225907084 1.27433087482 1 1 4 0.91 0
196 3 4.5 0 0 11.2815 0.5 1.4440510273 0.159924340336 1 Cristina  553.8700737369991 0.055 0.217092949787 0.784126686962 1 1 4 0.91 0
197 3 6 0 0 6.867 0.5 2.33333706856 0.149580080982 1 Cristina  556.416935835 0.055 0.501195095244 1.68375698758 1 1 4 0.91 0
198 4 4.5 0 1 11.2815 0.5 1.50546598434 0.221339297383 1 Cristina  559.8538398760002 0.055 0.37981305105 0.784126686962 1 1 4 0.91 1
199 3 4.5 0 0 9.81 0.5 1.51749396324 0.1180400007 1 Cristina  562.4651612980006 0.055 0.24045619167 0.899453962542 1 1 4 0.91 0
200 3 4.5 0 1 12.753 0.5 1.37383389473 0.178819157602 1 Cristina  565.1007678249998 0.055 0.335670372704 0.695014737127 1 1 4 0.91 1
201 3 6 0 1 9.81 0.5 1.70967793465 0.0181219959046 1 Cristina  567.5789408869996 0.055 0.585733139562 1.19155593874 1 1 4 0.91 1
202 3 4.5 0 0 11.2815 0.5 1.40765404701 0.123527360051 1 Cristina  570.4100345559991 0.055 0.212879764514 0.784126686962 1 1 4 0.91 0
203 4 6 0 0 6.867 0.5 2.26840591431 0.0846489267311 1 Cristina  572.9194984249998 0.055 0.465833041715 1.68375698758 1 1 4 0.91 0
204 4 4.5 0 1 8.3385 0.5 1.59416484833 0.0396026192729 1 Cristina  576.2926974659995 0.055 0.498526513537 1.05456222905 1 1 4 0.91 1
205 4 4.5 0 1 6.867 0.5 1.74497485161 -0.0293560232109 1 Cristina  579.0030235240001 0.055 0.58768960227 1.27433087482 1 1 4 0.91 1
206 4 6 0 1 8.3385 0.5 1.82836985588 -0.0671455421153 1 Cristina  581.8465931349992 0.055 0.68397253543 1.395515398 1 1 4 0.91 1
207 3 6 0 1 8.3385 0.5 1.9867978096 0.0912824116048 1 Cristina  584.773198857999 0.055 0.642766819338 1.395515398 1 1 4 0.91 1
208 3 6 0 0 6.867 0.5 2.25966215134 0.0759051637611 1 Cristina  587.8618718019998 0.055 0.500611195468 1.68375698758 1 1 4 0.91 0
209 3 4.5 0 1 9.81 0.5 1.60731005669 0.207856094145 1 Cristina  591.2267022389997 0.055 0.423849271986 0.899453962542 1 1 4 0.91 1
210 4 6 0 1 9.81 0.5 1.68930482864 -0.00225111009817 1 Cristina  593.9407377429989 0.055 0.544476895193 1.19155593874 1 1 4 0.91 1
211 3 6 0 0 12.753 0.5 1.57799482346 0.155938135633 1 Cristina  596.7201445809997 0.055 0.268802892609 0.922056687823 1 1 4 0.91 0
212 3 4.5 0 0 8.3385 0.5 1.58109211922 0.0265298901622 1 Cristina  599.4161669149989 0.055 0.289021830191 1.05456222905 1 1 4 0.91 0
213 3 6 0 1 6.867 0.5 2.00018692017 -0.18357006741 1 Cristina  602.1145132699994 0.055 0.820503726264 1.68375698758 1 1 4 0.91 1
214 4 4.5 0 0 12.753 0.5 1.31792807579 0.122913338663 1 Cristina  605.2283607990003 0.055 0.178025451418 0.695014737127 1 1 4 0.91 0
215 3 6 0 0 9.81 0.5 1.81463980675 0.123083868005 1 Cristina  607.6625106860001 0.055 0.354223320887 1.19155593874 1 1 4 0.91 0
216 3 4.5 0 1 11.2815 0.5 1.36816096306 0.0840342760968 1 Cristina  610.5758199749989 0.055 0.38681983431 0.784126686962 1 1 4 0.91 1
217 4 6 0 1 11.2815 0.5 1.64486813545 0.105246245834 1 Cristina  613.051742359 0.055 0.494097599551 1.03962188962 1 1 4 0.91 1
218 4 4.5 0 1 9.81 0.5 1.43803286552 0.0385789029825 1 Cristina  616.0436492079998 0.055 0.419295722112 0.899453962542 1 1 4 0.91 1
219 3 6 0 1 12.753 0.5 1.53260397911 0.110547291288 1 Cristina  618.3570757549996 0.055 0.445238809848 0.922056687823 1 1 4 0.91 1
220 4 6 0 0 12.753 0.5 1.57684898376 0.154792295942 1 Cristina  620.9941622300003 0.055 0.236575850299 0.922056687823 1 1 4 0.91 0
221 3 4.5 0 0 6.867 0.5 1.96481585503 0.190484980207 1 Cristina  623.6824719469996 0.055 0.342593053751 1.27433087482 1 1 4 0.91 0
222 4 6 0 1 6.867 0.5 2.13459300995 -0.0491639776268 1 Cristina  626.7603970649989 0.055 0.777062803928 1.68375698758 1 1 4 0.91 1
223 4 6 0 1 12.753 0.5 1.77237415314 0.350317465314 1 Cristina  630.011923264 0.055 0.452621586396 0.922056687823 1 1 4 0.91 1
224 4 4.5 0 0 8.3385 0.5 1.70533394814 0.150771719081 1 Cristina  632.8856997640005 0.055 0.3114495828 1.05456222905 1 1 4 0.91 0
225 3 6 0 0 8.3385 0.5 2.02400398254 0.128488584548 1 Cristina  635.7054141469989 0.055 0.412917867918 1.395515398 1 1 4 0.91 0
226 3 6 0 1 11.2815 0.5 1.66632390022 0.126702010605 1 Cristina  638.8411305179989 0.055 0.476059824939 1.03962188962 1 1 4 0.91 1
227 3 4.5 0 0 12.753 0.5 1.3779270649 0.182912327768 1 Cristina  641.6094954749997 0.055 0.195863559446 0.695014737127 1 1 4 0.91 0
228 3 4.5 0 1 8.3385 0.5 1.57357883453 0.0190166054789 1 Cristina  644.0887462569999 0.055 0.518948033866 1.05456222905 1 1 4 0.91 1
229 3 4.5 0 1 6.867 0.5 1.76656508446 -0.00776579036177 1 Cristina  646.7413096419996 0.055 0.624027479295 1.27433087482 1 1 4 0.91 1
230 4 4.5 0 0 6.867 0.5 1.8544690609 0.0801381860787 1 Cristina  649.6299873750004 0.055 0.37558414284 1.27433087482 1 1 4 0.91 0
231 3 4.5 0 0 9.81 0.5 1.58051490784 0.181060945295 1 Cristina  652.5643171439997 0.055 0.233357607156 0.899453962542 1 1 4 0.91 0
232 4 4.5 0 1 12.753 0.5 1.3916490078 0.19663427067 1 Cristina  655.2413907159998 0.055 0.338851929637 0.695014737127 1 1 4 0.91 1
233 4 6 0 0 11.2815 0.5 1.63706183434 0.0974399447171 1 Cristina  657.7620884540001 0.055 0.305395290377 1.03962188962 1 1 4 0.91 0
234 4 4.5 0 1 11.2815 0.5 1.47727918625 0.193152499287 1 Cristina  660.5237123489997 0.055 0.352930544299 0.784126686962 1 1 4 0.91 1
235 4 4.5 0 0 9.81 0.5 1.54762005806 0.148166095518 1 Cristina  663.1107812279997 0.055 0.235887202756 0.899453962542 1 1 4 0.91 0
236 4 6 0 0 8.3385 0.5 1.97856378555 0.0830483875569 1 Cristina  665.7311231739995 0.055 0.37812782844 1.395515398 1 1 4 0.91 0
237 3 6 0 0 11.2815 0.5 1.64041590691 0.100794017288 1 Cristina  668.8426809889997 0.055 0.269997502876 1.03962188962 1 1 4 0.91 0
238 4 6 0 0 9.81 0.5 1.83157086372 0.140014924982 1 Cristina  671.5600882749995 0.055 0.318653126876 1.19155593874 1 1 4 0.91 0
239 4 4.5 0 0 11.2815 0.5 1.46725702286 0.183130335896 1 Cristina  674.4991438299994 0.055 0.207170715631 0.784126686962 1 1 4 0.91 0
240 4 4.5 0 0 11.2815 0.5 1.44847989082 0.164353203862 1 Cristina  677.0675663930006 0.055 0.222250781001 0.784126686962 1 1 4 0.91 0
241 3 4.5 0 0 8.3385 0.5 1.70629787445 0.151735645396 1 Cristina  679.6208778139999 0.055 0.270655163909 1.05456222905 1 1 4 0.91 0
242 4 6 0 0 6.867 0.5 2.29848694801 0.114729960438 1 Cristina  682.4075656750001 0.055 0.474593174513 1.68375698758 1 1 4 0.91 0
243 3 6 0 0 12.753 0.5 1.5453608036 0.123304115781 1 Cristina  685.8111721840005 0.055 0.258035355794 0.922056687823 1 1 4 0.91 0
244 4 6 0 1 11.2815 0.5 1.60612797737 0.066506087753 1 Cristina  688.4672811070004 0.055 0.50643320177 1.03962188962 1 1 4 0.91 1
245 4 4.5 0 0 6.867 0.5 1.89658713341 0.122256258588 1 Cristina  691.1726271550006 0.055 0.370975573146 1.27433087482 1 1 4 0.91 0
246 3 4.5 0 1 11.2815 0.5 1.45614004135 0.17201335439 1 Cristina  694.1735894839994 0.055 0.370319941955 0.784126686962 1 1 4 0.91 1
247 3 6 0 1 6.867 0.5 2.03631401062 -0.147442976955 1 Cristina  696.7298010969998 0.055 0.81228444182 1.68375698758 1 1 4 0.91 1
248 4 6 0 0 12.753 0.5 1.54506087303 0.123004185209 1 Cristina  699.8964581270002 0.055 0.253256552267 0.922056687823 1 1 4 0.91 0
249 3 4.5 0 1 8.3385 0.5 1.60525608063 0.0506938515727 1 Cristina  702.5426868179993 0.055 0.510745693267 1.05456222905 1 1 4 0.91 1
250 3 6 0 0 9.81 0.5 1.718708992 0.0271530532624 1 Cristina  705.2596762399999 0.055 0.316305971932 1.19155593874 1 1 4 0.91 0
251 4 6 0 0 8.3385 0.5 1.95852279663 0.0630073986348 1 Cristina  708.0837753349997 0.055 0.361168574624 1.395515398 1 1 4 0.91 0
252 4 6 0 1 8.3385 0.5 1.75823807716 -0.137277320832 1 Cristina  711.153250549999 0.055 0.680456750776 1.395515398 1 1 4 0.91 1
253 3 4.5 0 0 12.753 0.5 1.36555194855 0.17053721142 1 Cristina  714.0164647430001 0.055 0.182560998756 0.695014737127 1 1 4 0.91 0
254 4 4.5 0 0 8.3385 0.5 1.66550588608 0.110943657023 1 Cristina  716.4620185680005 0.055 0.267706153678 1.05456222905 1 1 4 0.91 0
255 3 6 0 0 11.2815 0.5 1.67533612251 0.135714232895 1 Cristina  719.2404888520005 0.055 0.302903015039 1.03962188962 1 1 4 0.91 0
256 4 4.5 0 1 6.867 0.5 1.79123687744 0.0169060026222 1 Cristina  722.0214369189989 0.055 0.596925783094 1.27433087482 1 1 4 0.91 1
257 3 4.5 0 1 6.867 0.5 1.80264616013 0.0283152853066 1 Cristina  724.9267142269991 0.055 0.616026881404 1.27433087482 1 1 4 0.91 1
258 3 4.5 0 1 9.81 0.5 1.47871613503 0.0792621724832 1 Cristina  727.8067730379998 0.055 0.405270675353 0.899453962542 1 1 4 0.91 1
259 3 6 0 0 6.867 0.5 2.38619613647 0.202439148899 1 Cristina  730.4008191700004 0.055 0.449911644422 1.68375698758 1 1 4 0.91 0
260 3 6 0 1 11.2815 0.5 1.74246001244 0.202838122818 1 Cristina  733.8707850250003 0.055 0.514916540781 1.03962188962 1 1 4 0.91 1
261 4 4.5 0 1 8.3385 0.5 1.55789494514 0.00333271608989 1 Cristina  736.7286134269989 0.055 0.507809614052 1.05456222905 1 1 4 0.91 1
262 4 6 0 0 9.81 0.5 1.80827498436 0.116719045618 1 Cristina  739.3626464599993 0.055 0.348719008187 1.19155593874 1 1 4 0.91 0
263 4 4.5 0 0 12.753 0.5 1.32693696022 0.131922223093 1 Cristina  742.2832623059994 0.055 0.187404345689 0.695014737127 1 1 4 0.91 0
264 4 4.5 0 0 9.81 0.5 1.59561300278 0.196159040235 1 Cristina  744.7121967640005 0.055 0.236728245119 0.899453962542 1 1 4 0.91 0
265 4 4.5 0 1 12.753 0.5 1.50262904167 0.307614304544 1 Cristina  747.4227737749998 0.055 0.32284116658 0.695014737127 1 1 4 0.91 1
266 3 4.5 0 0 6.867 0.5 1.90817117691 0.133840302091 1 Cristina  750.0260120230005 0.055 0.375438828737 1.27433087482 1 1 4 0.91 0
267 4 6 0 1 12.753 0.5 1.67443704605 0.252380358228 1 Cristina  753.043413241 0.055 0.443059405746 0.922056687823 1 1 4 0.91 1
268 3 6 0 0 8.3385 0.5 1.91288685799 0.0173714599904 1 Cristina  755.8394049179997 0.055 0.395793903433 1.395515398 1 1 4 0.91 0
269 4 6 0 1 9.81 0.5 1.79822206497 0.10666612623 1 Cristina  758.8541942919992 0.055 0.571759517299 1.19155593874 1 1 4 0.91 1
270 3 6 0 1 8.3385 0.5 1.95950818062 0.0639927826222 1 Cristina  761.7548224809989 0.055 0.677459861375 1.395515398 1 1 4 0.91 1
271 3 4.5 0 1 12.753 0.5 1.47894406319 0.283929326059 1 Cristina  764.831069335999 0.055 0.313753789686 0.695014737127 1 1 4 0.91 1
272 3 4.5 0 0 11.2815 0.5 1.50689888 0.222772193043 1 Cristina  767.3851279689998 0.055 0.233124315673 0.784126686962 1 1 4 0.91 0
273 3 6 0 1 9.81 0.5 1.725481987 0.0339260482575 1 Cristina  770.0039314639989 0.055 0.558229742123 1.19155593874 1 1 4 0.91 1
274 4 6 0 0 11.2815 0.5 1.75592780113 0.216305911514 1 Cristina  772.8142202720001 0.055 0.305063911685 1.03962188962 1 1 4 0.91 0
275 3 6 0 1 12.753 0.5 1.64837288857 0.226316200742 1 Cristina  775.6628316979995 0.055 0.439132248592 0.922056687823 1 1 4 0.91 1
276 4 6 0 1 6.867 0.5 2.10206007957 -0.081696908001 1 Cristina  778.4314121990001 0.055 0.781535581427 1.68375698758 1 1 4 0.91 1
277 4 4.5 0 1 9.81 0.5 1.5470559597 0.14760199716 1 Cristina  781.646452349999 0.055 0.412511048645 0.899453962542 1 1 4 0.91 1
278 3 4.5 0 0 9.81 0.5 1.57115912437 0.171705161833 1 Cristina  784.300266117999 0.055 0.262230452333 0.899453962542 1 1 4 0.91 0
279 4 4.5 0 1 11.2815 0.5 1.45972681046 0.175600123494 1 Cristina  786.9838274429994 0.055 0.359934885351 0.784126686962 1 1 4 0.91 1
280 4 4.5 0 1 8.3385 0.5 1.62797498703 0.0734127579753 1 Cristina  789.5695393449996 0.055 0.511262026694 1.05456222905 1 1 4 0.91 1
281 3 4.5 0 1 8.3385 0.5 1.67891597748 0.124353748423 1 Cristina  792.3131525409999 0.055 0.513772493608 1.05456222905 1 1 4 0.91 1
282 4 6 0 0 11.2815 0.5 1.72106909752 0.181447207901 1 Cristina  795.1031936369991 0.055 0.279721962991 1.03962188962 1 1 4 0.91 0
283 3 6 0 1 8.3385 0.5 1.96269798279 0.067182584792 1 Cristina  797.9326366319992 0.055 0.629354995097 1.395515398 1 1 4 0.91 1
284 3 4.5 0 0 8.3385 0.5 4.59964895248 3.04508672343 1 Cristina  801.9867507970002 0.055 0.314997503772 1.05456222905 1 1 4 0.91 0
285 4 6 0 0 8.3385 0.5 2.02542686462 0.129911466628 1 Cristina  806.6842267519996 0.055 0.377320497435 1.395515398 1 1 4 0.91 0
286 4 4.5 0 0 11.2815 0.5 1.47930216789 0.195175480931 1 Cristina  809.8149842009998 0.055 0.198632181602 0.784126686962 1 1 4 0.91 0
287 3 6 0 0 11.2815 0.5 1.72602415085 0.18640226123 1 Cristina  812.3959217349993 0.055 0.268395826718 1.03962188962 1 1 4 0.91 0
288 4 6 0 1 9.81 0.5 1.73874783516 0.0471918964173 1 Cristina  815.2282695309996 0.055 0.589132527405 1.19155593874 1 1 4 0.91 1
289 3 6 0 0 12.753 0.5 1.65732598305 0.235269295225 1 Cristina  818.089706234 0.055 0.238578300685 0.922056687823 1 1 4 0.91 0
290 4 6 0 0 12.753 0.5 1.59928894043 0.177232252607 1 Cristina  820.8463789299994 0.055 0.241377780326 0.922056687823 1 1 4 0.91 0
291 4 4.5 0 0 6.867 0.5 1.89737892151 0.12304804669 1 Cristina  823.5360075069993 0.055 0.346413900745 1.27433087482 1 1 4 0.91 0
292 3 4.5 0 1 9.81 0.5 1.5541908741 0.154736911558 1 Cristina  826.5424165670001 0.055 0.443262800304 0.899453962542 1 1 4 0.91 1
293 4 6 0 1 11.2815 0.5 1.69124293327 0.151621043655 1 Cristina  829.2268974709996 0.055 0.495200854904 1.03962188962 1 1 4 0.91 1
294 3 4.5 0 1 11.2815 0.5 1.57204699516 0.287920308201 1 Cristina  832.0189174329998 0.055 0.379399404632 0.784126686962 1 1 4 0.91 1
295 3 6 0 1 6.867 0.5 2.11082410812 -0.0729328794518 1 Cristina  834.7000473620001 0.055 0.81311120905 1.68375698758 1 1 4 0.91 1
296 4 6 0 1 6.867 0.5 2.13564801216 -0.0481089754143 1 Cristina  837.9303394120006 0.055 0.827167082397 1.68375698758 1 1 4 0.91 1
297 4 4.5 0 0 12.753 0.5 1.37486290932 0.17984817219 1 Cristina  841.1867191259998 0.055 0.20631293254 0.695014737127 1 1 4 0.91 0
298 4 4.5 0 1 12.753 0.5 1.50672006607 0.311705328943 1 Cristina  843.630830649 0.055 0.314933942838 0.695014737127 1 1 4 0.91 1
299 4 6 0 1 8.3385 0.5 1.92355918884 0.0280437908467 1 Cristina  846.2440687650005 0.055 0.677687683149 1.395515398 1 1 4 0.91 1
300 3 4.5 0 1 6.867 0.5 1.79889583588 0.0245649610573 1 Cristina  849.2665819530002 0.055 0.628197719958 1.27433087482 1 1 4 0.91 1
301 4 4.5 0 0 8.3385 0.5 1.73327517509 0.17871294604 1 Cristina  852.1801687239995 0.055 0.275916585849 1.05456222905 1 1 4 0.91 0
302 3 4.5 0 0 6.867 0.5 1.92907190323 0.15474102841 1 Cristina  855.018173427 0.055 0.370739470033 1.27433087482 1 1 4 0.91 0
303 3 6 0 1 9.81 0.5 1.86061191559 0.169055976846 1 Cristina  858.025276886 0.055 0.550969525547 1.19155593874 1 1 4 0.91 1
304 4 4.5 0 1 9.81 0.5 1.55180692673 0.152352964185 1 Cristina  860.988494958 0.055 0.420499786658 0.899453962542 1 1 4 0.91 1
305 4 4.5 0 0 9.81 0.5 1.58552789688 0.186073934339 1 Cristina  863.6635585390004 0.055 0.246800533881 0.899453962542 1 1 4 0.91 0
306 4 6 0 0 6.867 0.5 2.41127896309 0.227521975513 1 Cristina  866.3671794009997 0.055 0.492016722268 1.68375698758 1 1 4 0.91 0
307 3 4.5 0 1 12.753 0.5 1.40330982208 0.208295084955 1 Cristina  869.8883375899995 0.055 0.34089538406 0.695014737127 1 1 4 0.91 1
308 3 4.5 0 0 9.81 0.5 1.64640593529 0.246951972746 1 Cristina  872.4092488289998 0.055 0.245863329435 0.899453962542 1 1 4 0.91 0
309 3 6 0 0 8.3385 0.5 2.03754401207 0.142028614074 1 Cristina  875.1575071100006 0.055 0.384957100004 1.395515398 1 1 4 0.91 0
310 3 4.5 0 0 11.2815 0.5 1.52426600456 0.240139317601 1 Cristina  878.2892009340003 0.055 0.213463843413 0.784126686962 1 1 4 0.91 0
311 4 6 0 0 9.81 0.5 1.89100289345 0.199446954706 1 Cristina  880.9214268080004 0.055 0.325856224072 1.19155593874 1 1 4 0.91 0
312 3 6 0 0 6.867 0.5 2.37997198105 0.196214993473 1 Cristina  883.925278923999 0.055 0.444618602508 1.68375698758 1 1 4 0.91 0
313 4 4.5 0 1 11.2815 0.5 1.41578698158 0.131660294621 1 Cristina  887.4166497269989 0.055 0.357565514313 0.784126686962 1 1 4 0.91 1
314 3 6 0 1 11.2815 0.5 1.66606807709 0.126446187469 1 Cristina  889.9319304209994 0.055 0.503825768768 1.03962188962 1 1 4 0.91 1
315 4 4.5 0 1 6.867 0.5 1.79916501045 0.0248341356331 1 Cristina  892.7095010889998 0.055 0.630880638388 1.27433087482 1 1 4 0.91 1
316 3 4.5 0 0 12.753 0.5 1.38176393509 0.186749197962 1 Cristina  895.6066975089989 0.055 0.196213139124 0.695014737127 1 1 4 0.91 0
317 3 6 0 0 9.81 0.5 1.85725903511 0.165703096369 1 Cristina  898.0677545019998 0.055 0.349993749017 1.19155593874 1 1 4 0.91 0
318 3 6 0 1 12.753 0.5 1.64027404785 0.218217360029 1 Cristina  901.0417573700006 0.055 0.436259926466 0.922056687823 1 1 4 0.91 1
319 4 6 0 1 12.753 0.5 1.52293014526 0.100873457441 1 Cristina  903.8081872789999 0.055 0.447883736031 0.922056687823 1 1 4 0.91 1
