trial vx vy vz LongOcclusion g timeStill rTime TemporalError environment id pupiltime IOD OccludedTimeOfTrajectory FlightDuration Drag DragFirst block accuracy LongOcclusion
0 4 4.5 0 0 8.3385 0.5 2.19915795326 0.644595724208 1 Juan  2.4252932330000476 0.066 0.277232063412 1.05456222905 1 1 2 0.21 0
1 3 6 0 0 6.867 0.5 2.22605419159 0.0422972040138 1 Juan  5.732887695000045 0.066 0.466134060749 1.68375698758 1 1 2 0.21 0
2 3 6 0 1 6.867 0.5 2.24484682083 0.0610898332558 1 Juan  9.058093235999877 0.066 0.767563683191 1.68375698758 1 1 2 0.21 1
3 4 6 0 0 9.81 0.5 1.68868303299 -0.00287290575246 1 Juan  12.409425015000124 0.066 0.323557126269 1.19155593874 1 1 2 0.21 0
4 3 6 0 1 12.753 0.5 1.62817001343 0.206113325605 1 Juan  15.221345319999728 0.066 0.453791528937 0.922056687823 1 1 2 0.21 1
5 3 4.5 0 0 8.3385 0.5 1.65563607216 0.101073843104 1 Juan  17.976277902999755 0.066 0.282870733281 1.05456222905 1 1 2 0.21 0
6 3 6 0 1 11.2815 0.5 1.50011777878 -0.0395041108402 1 Juan  20.735421476999818 0.066 0.480132702291 1.03962188962 1 1 2 0.21 1
7 4 4.5 0 0 6.867 0.5 2.00210690498 0.227776030164 1 Juan  23.349898004999886 0.066 0.347411895941 1.27433087482 1 1 2 0.21 0
8 4 4.5 0 1 8.3385 0.5 1.65601205826 0.101449829203 1 Juan  26.477935388999867 0.066 0.502200945382 1.05456222905 1 1 2 0.21 1
9 3 4.5 0 1 9.81 0.5 1.56737399101 0.167920028471 1 Juan  29.25028808900015 0.066 0.413220136176 0.899453962542 1 1 2 0.21 1
10 4 4.5 0 1 11.2815 0.5 1.35491704941 0.0707903624462 1 Juan  31.951801003000128 0.066 0.380978409798 0.784126686962 1 1 2 0.21 1
11 3 4.5 0 0 6.867 0.5 1.53297305107 -0.241357823748 1 Juan  34.408730506999746 0.066 0.380109408484 1.27433087482 1 1 2 0.21 0
12 3 6 0 0 8.3385 0.5 1.96858716011 0.0730717621144 1 Juan  37.06921943599991 0.066 0.379269505639 1.395515398 1 1 2 0.21 0
13 3 6 0 0 9.81 0.5 1.8573448658 0.165788927057 1 Juan  40.14597640900001 0.066 0.32344237249 1.19155593874 1 1 2 0.21 0
14 3 4.5 0 1 8.3385 0.5 1.54963088036 -0.00493134869893 1 Juan  43.105067511000016 0.066 0.499507939037 1.05456222905 1 1 2 0.21 1
15 3 6 0 0 11.2815 0.5 1.86582899094 0.326207101318 1 Juan  45.77788607899993 0.066 0.303550587384 1.03962188962 1 1 2 0.21 0
16 4 4.5 0 1 6.867 0.5 1.67557692528 -0.0987539495415 1 Juan  48.75726370199982 0.066 0.576018343428 1.27433087482 1 1 2 0.21 1
17 3 4.5 0 0 9.81 0.5 1.54570007324 0.1462461107 1 Juan  51.527535231 0.066 0.23033657442 0.899453962542 1 1 2 0.21 0
18 4 6 0 0 11.2815 0.5 1.62297606468 0.0833541750638 1 Juan  54.18963342500001 0.066 0.288006384374 1.03962188962 1 1 2 0.21 0
19 4 4.5 0 1 9.81 0.5 1.47253608704 0.0730821244943 1 Juan  56.91526572700013 0.066 0.437715943099 0.899453962542 1 1 2 0.21 1
20 3 6 0 0 12.753 0.5 1.54918408394 0.127127396116 1 Juan  59.51139576100013 0.066 0.259972012014 0.922056687823 1 1 2 0.21 0
21 4 6 0 1 9.81 0.5 1.64829993248 -0.0432560062621 1 Juan  62.17392133900012 0.066 0.537111962013 1.19155593874 1 1 2 0.21 1
22 3 4.5 0 0 11.2815 0.5 1.35686302185 0.0727363348889 1 Juan  64.92472824000015 0.066 0.218230464527 0.784126686962 1 1 2 0.21 0
23 3 6 0 1 9.81 0.5 1.7671289444 0.075573005655 1 Juan  67.40472006699974 0.066 0.572412019467 1.19155593874 1 1 2 0.21 1
24 4 6 0 0 12.753 0.5 1.46151900291 0.0394623150916 1 Juan  70.28651159499987 0.066 0.259187858947 0.922056687823 1 1 2 0.21 0
25 4 6 0 1 12.753 0.5 1.44894385338 0.0268871655555 1 Juan  72.84621207100008 0.066 0.420608354963 0.922056687823 1 1 2 0.21 1
26 4 6 0 1 8.3385 0.5 1.56013202667 -0.335383371324 1 Juan  75.41400351499988 0.066 0.639462944902 1.395515398 1 1 2 0.21 1
27 3 4.5 0 1 12.753 0.5 1.33766889572 0.142654158594 1 Juan  78.08636892899995 0.066 0.329111174697 0.695014737127 1 1 2 0.21 1
28 4 4.5 0 0 12.753 0.5 1.32837986946 0.133365132334 1 Juan  80.53678045100014 0.066 0.202581683987 0.695014737127 1 1 2 0.21 0
29 4 6 0 1 11.2815 0.5 1.62471103668 0.0850891470639 1 Juan  82.99523707199978 0.066 0.487819831514 1.03962188962 1 1 2 0.21 1
30 3 6 0 1 8.3385 0.5 2.01620292664 0.12068752864 1 Juan  85.72772312300003 0.066 0.676771640188 1.395515398 1 1 2 0.21 1
31 3 4.5 0 1 11.2815 0.5 1.42688393593 0.142757248967 1 Juan  88.8448934109997 0.066 0.380773610549 0.784126686962 1 1 2 0.21 1
32 4 4.5 0 0 9.81 0.5 1.48529791832 0.0858439557779 1 Juan  91.38782373899994 0.066 0.239415523704 0.899453962542 1 1 2 0.21 0
33 4 4.5 0 0 11.2815 0.5 1.4467151165 0.162588429539 1 Juan  93.976530421 0.066 0.224784907668 0.784126686962 1 1 2 0.21 0
34 4 4.5 0 1 12.753 0.5 1.2687869072 0.0737721700686 1 Juan  96.54513000899988 0.066 0.329702847523 0.695014737127 1 1 2 0.21 1
35 4 6 0 0 8.3385 0.5 1.99296116829 0.0974457702931 1 Juan  98.91859443800013 0.066 0.360483376989 1.395515398 1 1 2 0.21 0
36 4 6 0 0 6.867 0.5 2.23461890221 0.0508619146309 1 Juan  102.03263010499995 0.066 0.432885326592 1.68375698758 1 1 2 0.21 0
37 4 6 0 1 6.867 0.5 2.19398903847 0.0102320508919 1 Juan  105.39350159300011 0.066 0.766039190738 1.68375698758 1 1 2 0.21 1
38 3 4.5 0 0 12.753 0.5 1.38679599762 0.191781260492 1 Juan  108.72414558999981 0.066 0.204016016245 0.695014737127 1 1 2 0.21 0
39 3 4.5 0 1 6.867 0.5 1.56754207611 -0.206788798708 1 Juan  111.22122705999982 0.066 0.608304760191 1.27433087482 1 1 2 0.21 1
40 4 6 0 0 12.753 0.5 1.54067707062 0.118620382795 1 Juan  113.897482029 0.066 0.258739760448 0.922056687823 1 1 2 0.21 0
41 3 4.5 0 1 6.867 0.5 1.89894104004 0.12461016522 1 Juan  116.55626337900003 0.066 0.631967323088 1.27433087482 1 1 2 0.21 1
42 4 6 0 0 8.3385 0.5 2.07053589821 0.175020500213 1 Juan  119.56165874499993 0.066 0.356262526272 1.395515398 1 1 2 0.21 0
43 3 4.5 0 1 9.81 0.5 1.45712399483 0.0576700322855 1 Juan  122.74563658999978 0.066 0.426327784494 0.899453962542 1 1 2 0.21 1
44 4 4.5 0 1 11.2815 0.5 1.3004128933 0.0162862063336 1 Juan  125.30222808799999 0.066 0.372541630197 0.784126686962 1 1 2 0.21 1
45 4 4.5 0 1 9.81 0.5 1.31568789482 -0.0837660677206 1 Juan  127.7016509770001 0.066 0.420728478747 0.899453962542 1 1 2 0.21 1
46 4 6 0 1 8.3385 0.5 1.71700406075 -0.178511337251 1 Juan  130.11923454499993 0.066 0.697722776605 1.395515398 1 1 2 0.21 1
47 3 4.5 0 0 8.3385 0.5 1.67949700356 0.124934774501 1 Juan  132.95107538599996 0.066 0.304572428797 1.05456222905 1 1 2 0.21 0
48 3 6 0 0 6.867 0.5 2.20157814026 0.0178211526833 1 Juan  135.75585048999983 0.066 0.433132555453 1.68375698758 1 1 2 0.21 0
49 3 4.5 0 0 6.867 0.5 1.8623380661 0.0880071912819 1 Juan  139.09670877500002 0.066 0.379728752839 1.27433087482 1 1 2 0.21 0
50 4 4.5 0 0 12.753 0.5 1.39248204231 0.197467305185 1 Juan  142.07027328200002 0.066 0.196410270886 0.695014737127 1 1 2 0.21 0
51 3 4.5 0 1 11.2815 0.5 1.34642601013 0.0622993231701 1 Juan  144.5758204509998 0.066 0.36477364482 0.784126686962 1 1 2 0.21 1
52 3 4.5 0 1 8.3385 0.5 1.47065281868 -0.083909410375 1 Juan  147.03853921900009 0.066 0.500279561833 1.05456222905 1 1 2 0.21 1
53 3 4.5 0 0 9.81 0.5 1.39813709259 -0.00131686995146 1 Juan  149.60491788599984 0.066 0.250994842382 0.899453962542 1 1 2 0.21 0
54 4 4.5 0 0 11.2815 0.5 1.27226305008 -0.0118636368824 1 Juan  152.11513173599997 0.066 0.226351878077 0.784126686962 1 1 2 0.21 0
55 3 4.5 0 0 11.2815 0.5 1.49109101295 0.206964325993 1 Juan  154.5110750509998 0.066 0.219557503022 0.784126686962 1 1 2 0.21 0
56 4 4.5 0 0 6.867 0.5 1.75065302849 -0.023677846331 1 Juan  157.10298086600005 0.066 0.356497770804 1.27433087482 1 1 2 0.21 0
57 4 4.5 0 1 6.867 0.5 1.78907203674 0.014741161924 1 Juan  159.9552231980001 0.066 0.592189173666 1.27433087482 1 1 2 0.21 1
58 3 6 0 0 12.753 0.5 1.42393684387 0.00188015604926 1 Juan  162.8814151409997 0.066 0.25093770529 0.922056687823 1 1 2 0.21 0
59 4 4.5 0 1 12.753 0.5 1.168197155 -0.0268175821286 1 Juan  165.39289330600013 0.066 0.336351470497 0.695014737127 1 1 2 0.21 1
60 3 6 0 1 11.2815 0.5 1.49527311325 -0.0443487763675 1 Juan  167.69015030599985 0.066 0.493899106792 1.03962188962 1 1 2 0.21 1
61 4 6 0 0 11.2815 0.5 1.52437281609 -0.0152490735324 1 Juan  170.31681014900005 0.066 0.285161324692 1.03962188962 1 1 2 0.21 0
62 3 4.5 0 1 12.753 0.5 1.23737001419 0.0423552770633 1 Juan  172.95011574199998 0.066 0.316013615379 0.695014737127 1 1 2 0.21 1
63 4 6 0 1 6.867 0.5 1.90109610558 -0.282660882 1 Juan  175.27967208500013 0.066 0.786769546749 1.68375698758 1 1 2 0.21 1
64 4 4.5 0 1 8.3385 0.5 1.4547688961 -0.0997933329519 1 Juan  178.282699375 0.066 0.477020538336 1.05456222905 1 1 2 0.21 1
65 4 4.5 0 0 8.3385 0.5 1.62043499947 0.0658727704112 1 Juan  180.8493844069999 0.066 0.290824367454 1.05456222905 1 1 2 0.21 0
66 4 6 0 0 6.867 0.5 2.40550208092 0.221745093342 1 Juan  183.5784264230001 0.066 0.466854342198 1.68375698758 1 1 2 0.21 0
67 4 6 0 1 11.2815 0.5 1.51742720604 -0.0221946835788 1 Juan  187.11089502899995 0.066 0.479941452379 1.03962188962 1 1 2 0.21 1
68 3 6 0 0 11.2815 0.5 1.61970114708 0.0800792574612 1 Juan  189.7381430659998 0.066 0.273194884424 1.03962188962 1 1 2 0.21 0
69 4 6 0 0 9.81 0.5 1.72170209885 0.0301461601045 1 Juan  192.4914934389999 0.066 0.299747665264 1.19155593874 1 1 2 0.21 0
70 3 6 0 1 6.867 0.5 2.16574382782 -0.0180131597557 1 Juan  195.33287189700013 0.066 0.833670272514 1.68375698758 1 1 2 0.21 1
71 4 6 0 1 12.753 0.5 1.54691314697 0.12485645915 1 Juan  198.60555623899972 0.066 0.441709088726 0.922056687823 1 1 2 0.21 1
72 4 6 0 1 9.81 0.5 1.76131701469 0.0697610759522 1 Juan  201.276083536 0.066 0.560999839345 1.19155593874 1 1 2 0.21 1
73 4 4.5 0 0 9.81 0.5 1.39452409744 -0.00492986509917 1 Juan  204.1541733529998 0.066 0.23326924104 0.899453962542 1 1 2 0.21 0
74 3 6 0 1 8.3385 0.5 1.92866396904 0.0331485710439 1 Juan  206.68230206399994 0.066 0.697629897237 1.395515398 1 1 2 0.21 1
75 3 6 0 1 9.81 0.5 1.72568893433 0.0341329955842 1 Juan  209.71733920199995 0.066 0.590010088092 1.19155593874 1 1 2 0.21 1
76 3 6 0 0 9.81 0.5 1.52739286423 -0.164163074515 1 Juan  212.55680717799987 0.066 0.325785147688 1.19155593874 1 1 2 0.21 0
77 3 6 0 0 8.3385 0.5 2.16870498657 0.273189588576 1 Juan  215.20840436499975 0.066 0.366927116415 1.395515398 1 1 2 0.21 0
78 3 4.5 0 0 12.753 0.5 1.36555600166 0.170541264536 1 Juan  218.50274296299995 0.066 0.20384911596 0.695014737127 1 1 2 0.21 0
79 3 6 0 1 12.753 0.5 1.44981098175 0.0277542939277 1 Juan  220.9753659449998 0.066 0.449892225554 0.922056687823 1 1 2 0.21 1
80 4 4.5 0 0 12.753 0.5 1.28480386734 0.0897891302127 1 Juan  223.52669700800016 0.066 0.188939653579 0.695014737127 1 1 2 0.21 0
81 4 4.5 0 0 11.2815 0.5 1.28033208847 -0.00379459849126 1 Juan  225.9240759639997 0.066 0.228608418564 0.784126686962 1 1 2 0.21 0
82 3 4.5 0 1 8.3385 0.5 1.59188604355 0.0373238144938 1 Juan  228.2977236249999 0.066 0.490923459999 1.05456222905 1 1 2 0.21 1
83 3 6 0 0 6.867 0.5 2.177932024 -0.00582496357346 1 Juan  231.00892913300004 0.066 0.447076453372 1.68375698758 1 1 2 0.21 0
84 4 4.5 0 1 11.2815 0.5 1.47145605087 0.187329363911 1 Juan  234.3203371149998 0.066 0.353688905777 0.784126686962 1 1 2 0.21 1
85 3 6 0 1 8.3385 0.5 1.87453913689 -0.0209762611095 1 Juan  236.90612232600006 0.066 0.670732242472 1.395515398 1 1 2 0.21 1
86 3 6 0 0 8.3385 0.5 1.90642285347 0.0109074554738 1 Juan  239.88279285499993 0.066 0.349355348086 1.395515398 1 1 2 0.21 0
87 3 6 0 1 12.753 0.5 1.50493907928 0.0828823914619 1 Juan  242.90997935399992 0.066 0.447621422496 0.922056687823 1 1 2 0.21 1
88 4 6 0 0 9.81 0.5 1.5817091465 -0.109846792242 1 Juan  245.52484045599977 0.066 0.299438564955 1.19155593874 1 1 2 0.21 0
89 4 6 0 0 12.753 0.5 1.63533115387 0.213274466047 1 Juan  248.23561526799995 0.066 0.248147885012 0.922056687823 1 1 2 0.21 0
90 3 6 0 1 11.2815 0.5 1.60677886009 0.0671569704739 1 Juan  250.99441166999986 0.066 0.483280652932 1.03962188962 1 1 2 0.21 1
91 3 4.5 0 1 9.81 0.5 6.60085892677 5.20140496423 1 Juan  253.69823171000007 0.066 0.44503715935 0.899453962542 1 1 2 0.21 1
92 3 4.5 0 1 11.2815 0.5 1.33667397499 0.0525472880291 1 Juan  261.43306152000014 0.066 0.372682283751 0.784126686962 1 1 2 0.21 1
93 3 6 0 0 11.2815 0.5 1.52785801888 -0.0117638707431 1 Juan  263.87379997000016 0.066 0.266822359666 1.03962188962 1 1 2 0.21 0
94 3 4.5 0 0 11.2815 0.5 1.32441997528 0.040293288319 1 Juan  266.5228838769999 0.066 0.227854277325 0.784126686962 1 1 2 0.21 0
95 3 4.5 0 0 9.81 0.5 1.49715900421 0.0977050416696 1 Juan  268.94604676100016 0.066 0.243151749445 0.899453962542 1 1 2 0.21 0
96 3 4.5 0 0 6.867 0.5 1.82855391502 0.0542230402046 1 Juan  271.560792965 0.066 0.336918875217 1.27433087482 1 1 2 0.21 0
97 4 4.5 0 1 6.867 0.5 1.75748586655 -0.0168450082725 1 Juan  274.5213337089999 0.066 0.605894224658 1.27433087482 1 1 2 0.21 1
98 3 6 0 1 9.81 0.5 1.77071881294 0.0791628742005 1 Juan  277.3957390149999 0.066 0.577205866 1.19155593874 1 1 2 0.21 1
99 4 4.5 0 1 8.3385 0.5 1.65487885475 0.100316625697 1 Juan  280.2709137080001 0.066 0.499800807552 1.05456222905 1 1 2 0.21 1
100 3 4.5 0 0 8.3385 0.5 1.73582386971 0.18126164065 1 Juan  283.03139249000014 0.066 0.288502207558 1.05456222905 1 1 2 0.21 0
101 4 4.5 0 1 9.81 0.5 1.42570090294 0.026246940397 1 Juan  285.897847665 0.066 0.410788112528 0.899453962542 1 1 2 0.21 1
102 4 6 0 0 8.3385 0.5 1.98272800446 0.0872126064595 1 Juan  288.4403212970001 0.066 0.362784747024 1.395515398 1 1 2 0.21 0
103 4 6 0 0 11.2815 0.5 1.61876296997 0.0791410803525 1 Juan  291.55717897199975 0.066 0.299977952123 1.03962188962 1 1 2 0.21 0
104 4 6 0 0 6.867 0.5 2.18689012527 0.00313313769912 1 Juan  294.269549181 0.066 0.443679505573 1.68375698758 1 1 2 0.21 0
105 3 6 0 0 12.753 0.5 1.50326991081 0.0812132229896 1 Juan  297.57767224200006 0.066 0.266015966849 0.922056687823 1 1 2 0.21 0
106 4 4.5 0 0 9.81 0.5 1.40138578415 0.00193182160737 1 Juan  300.213835991 0.066 0.233895618002 0.899453962542 1 1 2 0.21 0
107 3 4.5 0 1 12.753 0.5 1.23524880409 0.040234066965 1 Juan  302.713825714 0.066 0.339742591907 0.695014737127 1 1 2 0.21 1
108 3 6 0 1 6.867 0.5 2.14905691147 -0.034700076107 1 Juan  305.07918193199976 0.066 0.839205142343 1.68375698758 1 1 2 0.21 1
109 4 6 0 1 12.753 0.5 1.52030110359 0.0982444157691 1 Juan  308.33770877200004 0.066 0.424329830572 0.922056687823 1 1 2 0.21 1
110 4 4.5 0 0 8.3385 0.5 1.59230113029 0.03773890124 1 Juan  310.98912366900004 0.066 0.288413255253 1.05456222905 1 1 2 0.21 0
111 4 6 0 1 11.2815 0.5 1.54167914391 0.00205725428741 1 Juan  313.67488206300004 0.066 0.491788070468 1.03962188962 1 1 2 0.21 1
112 3 4.5 0 1 6.867 0.5 1.77209305763 -0.00223781718672 1 Juan  316.3145401249999 0.066 0.589789567464 1.27433087482 1 1 2 0.21 1
113 4 6 0 1 6.867 0.5 2.18680405617 0.00304706859206 1 Juan  319.21217060599975 0.066 0.807622779398 1.68375698758 1 1 2 0.21 1
114 4 4.5 0 0 6.867 0.5 1.95482802391 0.180497149091 1 Juan  322.51460860999987 0.066 0.319733547914 1.27433087482 1 1 2 0.21 0
115 4 4.5 0 1 12.753 0.5 1.37681102753 0.181796290399 1 Juan  325.5993569080001 0.066 0.328314564255 0.695014737127 1 1 2 0.21 1
116 4 6 0 1 9.81 0.5 1.86627817154 0.174722232797 1 Juan  328.07374824499993 0.066 0.540218180149 1.19155593874 1 1 2 0.21 1
117 3 4.5 0 0 12.753 0.5 1.39154195786 0.196527220728 1 Juan  331.05727645800016 0.066 0.200829877164 0.695014737127 1 1 2 0.21 0
118 3 6 0 0 9.81 0.5 1.83716702461 0.14561108587 1 Juan  333.57320566399994 0.066 0.318961885724 1.19155593874 1 1 2 0.21 0
119 4 6 0 1 8.3385 0.5 1.94218587875 0.0466704807576 1 Juan  336.51867840800014 0.066 0.633949999865 1.395515398 1 1 2 0.21 1
120 3 6 0 1 11.2815 0.5 1.82009601593 0.280474126312 1 Juan  339.58079832600015 0.066 0.504019472859 1.03962188962 1 1 2 0.21 1
121 3 4.5 0 1 8.3385 0.5 1.77811384201 0.223551612956 1 Juan  342.5261142989998 0.066 0.491383572382 1.05456222905 1 1 2 0.21 1
122 4 4.5 0 1 9.81 0.5 1.4958050251 0.0963510625589 1 Juan  345.40041656099993 0.066 0.408674720517 0.899453962542 1 1 2 0.21 1
123 4 6 0 1 9.81 0.5 1.68967318535 -0.00188275339345 1 Juan  347.99002977600003 0.066 0.584099821561 1.19155593874 1 1 2 0.21 1
124 4 4.5 0 0 12.753 0.5 1.41310596466 0.218091227533 1 Juan  350.7826586619999 0.066 0.19002737846 0.695014737127 1 1 2 0.21 0
125 3 6 0 0 9.81 0.5 1.78654909134 0.0949931525971 1 Juan  353.33758943199973 0.066 0.33598462362 1.19155593874 1 1 2 0.21 0
126 4 6 0 0 8.3385 0.5 1.84671592712 -0.048799470872 1 Juan  356.2417458679997 0.066 0.386703732208 1.395515398 1 1 2 0.21 0
127 4 6 0 1 6.867 0.5 2.1429400444 -0.0408169431725 1 Juan  359.2080613529997 0.066 0.815902767373 1.68375698758 1 1 2 0.21 1
128 3 4.5 0 0 6.867 0.5 1.9150390625 0.140708187681 1 Juan  362.47864144100004 0.066 0.373199727029 1.27433087482 1 1 2 0.21 0
129 4 4.5 0 1 8.3385 0.5 1.65267586708 0.0981136380259 1 Juan  365.4822125840001 0.066 0.519101080635 1.05456222905 1 1 2 0.21 1
130 4 6 0 1 8.3385 0.5 2.49730706215 0.601791664153 1 Juan  368.2519773169997 0.066 0.650579245889 1.395515398 1 1 2 0.21 1
131 4 6 0 1 11.2815 0.5 1.71855902672 0.1789371371 1 Juan  371.8716264300001 0.066 0.512287782742 1.03962188962 1 1 2 0.21 1
132 4 6 0 1 12.753 0.5 1.45914101601 0.0370843281837 1 Juan  374.69629375800014 0.066 0.418636986593 0.922056687823 1 1 2 0.21 1
133 3 4.5 0 0 9.81 0.5 1.43376016617 0.0343062036264 1 Juan  377.2538815319999 0.066 0.259722747999 0.899453962542 1 1 2 0.21 0
134 3 6 0 1 12.753 0.5 1.55228805542 0.130231367597 1 Juan  379.81011136899997 0.066 0.437698431667 0.922056687823 1 1 2 0.21 1
135 3 6 0 0 6.867 0.5 2.27631092072 0.0925539331398 1 Juan  382.48393958999986 0.066 0.450212233681 1.68375698758 1 1 2 0.21 0
136 4 4.5 0 0 11.2815 0.5 1.44038295746 0.156256270497 1 Juan  385.8861107489997 0.066 0.198051554932 0.784126686962 1 1 2 0.21 0
137 3 4.5 0 0 12.753 0.5 1.33254098892 0.137526251795 1 Juan  388.45181251099984 0.066 0.202860251748 0.695014737127 1 1 2 0.21 0
138 4 6 0 0 12.753 0.5 1.54219293594 0.120136248121 1 Juan  390.90523525699973 0.066 0.24578929556 0.922056687823 1 1 2 0.21 0
139 4 4.5 0 0 6.867 0.5 1.64180183411 -0.132529040713 1 Juan  393.5768400349998 0.066 0.370497913472 1.27433087482 1 1 2 0.21 0
140 4 6 0 0 11.2815 0.5 2.04562211037 0.506000220749 1 Juan  396.32890301099997 0.066 0.26761825122 1.03962188962 1 1 2 0.21 0
141 4 4.5 0 1 6.867 0.5 1.94255709648 0.168226221662 1 Juan  399.5080463029999 0.066 0.57874954127 1.27433087482 1 1 2 0.21 1
142 3 6 0 0 11.2815 0.5 1.74752902985 0.207907140228 1 Juan  402.5406682739999 0.066 0.299213821001 1.03962188962 1 1 2 0.21 0
143 3 4.5 0 1 11.2815 0.5 1.43553900719 0.151412320225 1 Juan  405.41305050899973 0.066 0.353633920146 0.784126686962 1 1 2 0.21 1
144 3 4.5 0 0 11.2815 0.5 1.40701413155 0.122887444584 1 Juan  407.95366302 0.066 0.20491147338 0.784126686962 1 1 2 0.21 0
145 3 4.5 0 1 6.867 0.5 1.82519602776 0.0508651529366 1 Juan  410.491693166 0.066 0.620296764757 1.27433087482 1 1 2 0.21 1
146 3 4.5 0 1 12.753 0.5 1.32389593124 0.128881194116 1 Juan  413.40996861799977 0.066 0.346683677146 0.695014737127 1 1 2 0.21 1
147 4 4.5 0 0 9.81 0.5 1.35383081436 -0.0456231481802 1 Juan  415.85592783899983 0.066 0.236212218368 0.899453962542 1 1 2 0.21 0
148 4 4.5 0 1 12.753 0.5 1.23190188408 0.0368871469516 1 Juan  418.3635200650001 0.066 0.329558377219 0.695014737127 1 1 2 0.21 1
149 4 4.5 0 1 11.2815 0.5 1.29377102852 0.00964434155696 1 Juan  420.7039279589999 0.066 0.390691405709 0.784126686962 1 1 2 0.21 1
150 3 4.5 0 0 8.3385 0.5 1.56613492966 0.0115727006022 1 Juan  423.11569186299994 0.066 0.305143297885 1.05456222905 1 1 2 0.21 0
151 3 6 0 1 6.867 0.5 2.12767100334 -0.0560859842339 1 Juan  425.8112371809998 0.066 0.758761474336 1.68375698758 1 1 2 0.21 1
152 4 6 0 0 9.81 0.5 1.63157105446 -0.0599848842833 1 Juan  429.06620062599995 0.066 0.351891421278 1.19155593874 1 1 2 0.21 0
153 3 6 0 0 12.753 0.5 1.65802407265 0.235967384824 1 Juan  431.77582243899997 0.066 0.249298852859 0.922056687823 1 1 2 0.21 0
154 4 6 0 0 6.867 0.5 2.22101688385 0.0372598962746 1 Juan  434.55623902399975 0.066 0.482778562749 1.68375698758 1 1 2 0.21 0
155 3 4.5 0 1 9.81 0.5 1.44323205948 0.043778096937 1 Juan  437.87147408600003 0.066 0.429993355433 0.899453962542 1 1 2 0.21 1
156 3 6 0 1 8.3385 0.5 1.68921899796 -0.206296400041 1 Juan  440.4284569739998 0.066 0.637623789781 1.395515398 1 1 2 0.21 1
157 3 6 0 1 9.81 0.5 1.65436506271 -0.0371908760283 1 Juan  443.2433940390001 0.066 0.567294535682 1.19155593874 1 1 2 0.21 1
158 3 6 0 0 8.3385 0.5 1.82593393326 -0.069581464738 1 Juan  446.0248393050001 0.066 0.364082344495 1.395515398 1 1 2 0.21 0
159 4 4.5 0 0 8.3385 0.5 1.5089828968 -0.04557933225 1 Juan  448.9439108639999 0.066 0.316257950897 1.05456222905 1 1 2 0.21 0
160 4 6 0 0 11.2815 0.5 1.6226849556 0.0830630659787 1 Juan  451.57782847399994 0.066 0.306745445965 1.03962188962 1 1 2 0.21 0
161 3 6 0 1 11.2815 0.5 1.49235081673 -0.0472710728915 1 Juan  454.30176594199975 0.066 0.519637925683 1.03962188962 1 1 2 0.21 1
162 4 4.5 0 0 8.3385 0.5 1.55699896812 0.00243673906963 1 Juan  456.896187587 0.066 0.281547722905 1.05456222905 1 1 2 0.21 0
163 4 4.5 0 1 12.753 0.5 1.33645701408 0.141442276956 1 Juan  459.5774286689998 0.066 0.345723298841 0.695014737127 1 1 2 0.21 1
164 3 4.5 0 1 8.3385 0.5 1.48519897461 -0.0693632544454 1 Juan  462.0256543989999 0.066 0.519047016159 1.05456222905 1 1 2 0.21 1
165 4 4.5 0 0 11.2815 0.5 1.34173083305 0.0576041460919 1 Juan  464.638562523 0.066 0.2001838616 0.784126686962 1 1 2 0.21 0
166 3 6 0 0 8.3385 0.5 1.91828203201 0.0227666340169 1 Juan  467.09327955499975 0.066 0.389990613462 1.395515398 1 1 2 0.21 0
167 4 4.5 0 0 9.81 0.5 1.4240090847 0.0245551221597 1 Juan  470.14449852300004 0.066 0.262939103881 0.899453962542 1 1 2 0.21 0
168 4 6 0 0 6.867 0.5 2.20505404472 0.021297057148 1 Juan  472.69434739999997 0.066 0.430539496195 1.68375698758 1 1 2 0.21 0
169 3 6 0 0 9.81 0.5 1.73198795319 0.0404320144441 1 Juan  476.01166627400016 0.066 0.318828180689 1.19155593874 1 1 2 0.21 0
170 3 4.5 0 0 9.81 0.5 4.80456209183 3.40510812929 1 Juan  478.86466316199994 0.066 0.265871312964 0.899453962542 1 1 2 0.21 0
171 3 4.5 0 0 11.2815 0.5 1.42170190811 0.13757522115 1 Juan  484.7711232239999 0.066 0.217510738715 0.784126686962 1 1 2 0.21 0
172 4 4.5 0 0 12.753 0.5 1.31474995613 0.119735219004 1 Juan  487.29659937099996 0.066 0.18178913841 0.695014737127 1 1 2 0.21 0
173 4 6 0 0 12.753 0.5 1.47041606903 0.048359381208 1 Juan  489.7319487159998 0.066 0.241728972873 0.922056687823 1 1 2 0.21 0
174 3 6 0 1 9.81 0.5 1.62882089615 -0.0627350425933 1 Juan  492.3206796989998 0.066 0.542038162376 1.19155593874 1 1 2 0.21 1
175 3 6 0 1 6.867 0.5 2.22590994835 0.0421529607735 1 Juan  495.03459985200016 0.066 0.80844758923 1.68375698758 1 1 2 0.21 1
176 4 6 0 0 9.81 0.5 1.75938892365 0.0678329849031 1 Juan  498.376504028 0.066 0.342984679279 1.19155593874 1 1 2 0.21 0
177 4 6 0 1 12.753 0.5 1.4312889576 0.00923226977302 1 Juan  501.23605387099997 0.066 0.419625114325 0.922056687823 1 1 2 0.21 1
178 3 4.5 0 0 6.867 0.5 1.87192296982 0.0975920949989 1 Juan  503.7981631970001 0.066 0.32546274355 1.27433087482 1 1 2 0.21 0
179 3 4.5 0 0 8.3385 0.5 1.62529993057 0.0707377015177 1 Juan  506.800552014 0.066 0.294534654132 1.05456222905 1 1 2 0.21 0
180 4 6 0 1 11.2815 0.5 1.62421298027 0.0845910906522 1 Juan  509.5465952740001 0.066 0.507896951508 1.03962188962 1 1 2 0.21 1
181 4 4.5 0 1 11.2815 0.5 1.32405185699 0.0399251700329 1 Juan  512.2737925259999 0.066 0.35775993817 0.784126686962 1 1 2 0.21 1
182 4 6 0 1 9.81 0.5 1.67497897148 -0.0165769672606 1 Juan  514.722170003 0.066 0.567426299002 1.19155593874 1 1 2 0.21 1
183 4 6 0 1 6.867 0.5 2.08465600014 -0.0991009874382 1 Juan  517.4961068070002 0.066 0.776702262229 1.68375698758 1 1 2 0.21 1
184 3 4.5 0 1 11.2815 0.5 1.64400100708 0.359874320118 1 Juan  520.7023411730001 0.066 0.356052056279 0.784126686962 1 1 2 0.21 1
185 3 6 0 0 6.867 0.5 2.25812196732 0.0743649797401 1 Juan  523.4556693579998 0.066 0.439595670553 1.68375698758 1 1 2 0.21 0
186 3 6 0 0 12.753 0.5 1.54535508156 0.123298393735 1 Juan  526.8130282540001 0.066 0.241394880009 0.922056687823 1 1 2 0.21 0
187 3 6 0 0 11.2815 0.5 1.68760704994 0.147985160324 1 Juan  529.4821621679998 0.066 0.308248891838 1.03962188962 1 1 2 0.21 0
188 3 4.5 0 1 9.81 0.5 1.45124697685 0.0517930143106 1 Juan  532.2786087019999 0.066 0.44913545303 0.899453962542 1 1 2 0.21 1
189 4 6 0 1 8.3385 0.5 1.97588610649 0.080370708495 1 Juan  534.8308337240001 0.066 0.661374038533 1.395515398 1 1 2 0.21 1
190 3 6 0 1 8.3385 0.5 1.83575201035 -0.0597633876506 1 Juan  537.921550136 0.066 0.651078165508 1.395515398 1 1 2 0.21 1
191 4 4.5 0 0 6.867 0.5 1.79608392715 0.0217530523354 1 Juan  540.8322938209999 0.066 0.354520571923 1.27433087482 1 1 2 0.21 0
192 4 4.5 0 1 9.81 0.5 1.60006117821 0.200607215666 1 Juan  543.750099199 0.066 0.426176014594 0.899453962542 1 1 2 0.21 1
193 3 4.5 0 0 12.753 0.5 1.31337404251 0.118359305384 1 Juan  546.4492374030001 0.066 0.206461728808 0.695014737127 1 1 2 0.21 0
194 3 6 0 1 12.753 0.5 1.86992001534 0.447863327512 1 Juan  548.8644814099998 0.066 0.436084508405 0.922056687823 1 1 2 0.21 1
195 3 4.5 0 1 12.753 0.5 1.17265081406 -0.022363923071 1 Juan  551.858167585 0.066 0.327544369489 0.695014737127 1 1 2 0.21 1
196 4 4.5 0 1 8.3385 0.5 1.51524090767 -0.0393213213857 1 Juan  554.1318376909999 0.066 0.521205362566 1.05456222905 1 1 2 0.21 1
197 4 4.5 0 1 6.867 0.5 1.75337982178 -0.0209510530418 1 Juan  556.7677605879999 0.066 0.586871785006 1.27433087482 1 1 2 0.21 1
198 3 4.5 0 1 6.867 0.5 1.67173600197 -0.102594872851 1 Juan  559.6209613870001 0.066 0.628046180742 1.27433087482 1 1 2 0.21 1
199 4 6 0 0 8.3385 0.5 1.85636782646 -0.0391475715343 1 Juan  562.4151026720001 0.066 0.41482295123 1.395515398 1 1 2 0.21 0
200 3 4.5 0 1 11.2815 0.5 1.42985200882 0.145725321858 1 Juan  565.3874147369997 0.066 0.359122922205 0.784126686962 1 1 2 0.21 1
201 4 4.5 0 1 9.81 0.5 1.34783196449 -0.051621998049 1 Juan  567.9422518890001 0.066 0.449018620006 0.899453962542 1 1 2 0.21 1
202 4 4.5 0 0 11.2815 0.5 1.37716889381 0.0930422068524 1 Juan  570.429187102 0.066 0.232460225174 0.784126686962 1 1 2 0.21 0
203 4 4.5 0 1 11.2815 0.5 1.36258006096 0.0784533739971 1 Juan  572.9163313280001 0.066 0.355189067786 0.784126686962 1 1 2 0.21 1
204 4 6 0 1 11.2815 0.5 1.5059800148 -0.0336418748172 1 Juan  575.3861221379998 0.066 0.506801222493 1.03962188962 1 1 2 0.21 1
205 4 4.5 0 0 8.3385 0.5 1.67828583717 0.123723608119 1 Juan  578.0270692969998 0.066 0.297604824741 1.05456222905 1 1 2 0.21 0
206 3 6 0 1 6.867 0.5 2.09502983093 -0.0887271566429 1 Juan  580.816165536 0.066 0.80416447906 1.68375698758 1 1 2 0.21 1
207 4 6 0 1 12.753 0.5 1.58008718491 0.158030497083 1 Juan  584.0368678079999 0.066 0.415534178971 0.922056687823 1 1 2 0.21 1
208 3 4.5 0 0 11.2815 0.5 1.3617079258 0.0775812388348 1 Juan  586.7367825189999 0.066 0.204208012815 0.784126686962 1 1 2 0.21 0
209 3 6 0 1 8.3385 0.5 1.92011499405 0.024599596053 1 Juan  589.231653202 0.066 0.644718046101 1.395515398 1 1 2 0.21 1
210 4 6 0 1 8.3385 0.5 1.72647595406 -0.16903944394 1 Juan  592.2641482620002 0.066 0.642724448977 1.395515398 1 1 2 0.21 1
211 4 4.5 0 0 9.81 0.5 1.46795201302 0.068498050474 1 Juan  595.0915404520001 0.066 0.259147875033 0.899453962542 1 1 2 0.21 0
212 3 6 0 0 12.753 0.5 1.56421089172 0.142154203901 1 Juan  597.6803410429998 0.066 0.274837258112 0.922056687823 1 1 2 0.21 0
213 4 4.5 0 0 12.753 0.5 1.26798796654 0.0729732294101 1 Juan  600.3788140440001 0.066 0.203118790806 0.695014737127 1 1 2 0.21 0
214 3 6 0 0 6.867 0.5 2.17808198929 -0.00567499828721 1 Juan  602.7528935079999 0.066 0.429891719596 1.68375698758 1 1 2 0.21 0
215 3 4.5 0 0 9.81 0.5 1.45829606056 0.0588420980203 1 Juan  606.0543247830001 0.066 0.253197670225 0.899453962542 1 1 2 0.21 0
216 4 6 0 1 6.867 0.5 2.02917599678 -0.154580990795 1 Juan  608.6095283529999 0.066 0.760091794148 1.68375698758 1 1 2 0.21 1
217 3 6 0 0 11.2815 0.5 1.55307292938 0.0134510397641 1 Juan  611.740868501 0.066 0.30293393043 1.03962188962 1 1 2 0.21 0
218 4 6 0 0 9.81 0.5 1.80152606964 0.109970130899 1 Juan  614.404510586 0.066 0.302171191858 1.19155593874 1 1 2 0.21 0
219 4 6 0 0 11.2815 0.5 1.58923220634 0.0496103167264 1 Juan  617.3069309279999 0.066 0.305126333894 1.03962188962 1 1 2 0.21 0
220 3 6 0 0 9.81 0.5 1.56949305534 -0.122062883398 1 Juan  620.0226206019997 0.066 0.34371478769 1.19155593874 1 1 2 0.21 0
221 4 4.5 0 1 6.867 0.5 1.56046104431 -0.213869830508 1 Juan  622.6957360820002 0.066 0.62972162736 1.27433087482 1 1 2 0.21 1
222 3 4.5 0 0 6.867 0.5 1.79307508469 0.0187442098671 1 Juan  625.3888618229998 0.066 0.355091959725 1.27433087482 1 1 2 0.21 0
223 4 6 0 1 9.81 0.5 1.56947803497 -0.122077903769 1 Juan  628.2925602139999 0.066 0.545987103642 1.19155593874 1 1 2 0.21 1
224 3 4.5 0 1 9.81 0.5 1.38346600533 -0.0159879572165 1 Juan  630.96310288 0.066 0.405989151282 0.899453962542 1 1 2 0.21 1
225 3 6 0 0 8.3385 0.5 1.9726088047 0.0770934067067 1 Juan  633.465707032 0.066 0.383380733794 1.395515398 1 1 2 0.21 0
226 3 6 0 1 11.2815 0.5 1.46425104141 -0.0753708482059 1 Juan  636.5602217559999 0.066 0.496452208217 1.03962188962 1 1 2 0.21 1
227 3 4.5 0 0 12.753 0.5 1.44527387619 0.250259139063 1 Juan  639.1202826379999 0.066 0.205102615437 0.695014737127 1 1 2 0.21 0
228 3 4.5 0 1 12.753 0.5 1.26350188255 0.0684871454257 1 Juan  641.6929456130001 0.066 0.339696731241 0.695014737127 1 1 2 0.21 1
229 4 4.5 0 1 8.3385 0.5 1.49043798447 -0.0641242445882 1 Juan  644.0768098439999 0.066 0.486624935966 1.05456222905 1 1 2 0.21 1
230 4 4.5 0 0 6.867 0.5 1.71408200264 -0.0602488721794 1 Juan  646.6881298630001 0.066 0.324088426912 1.27433087482 1 1 2 0.21 0
231 4 4.5 0 1 12.753 0.5 1.26972317696 0.0747084398288 1 Juan  649.4989714429998 0.066 0.344331744852 0.695014737127 1 1 2 0.21 1
232 3 4.5 0 1 8.3385 0.5 1.45648407936 -0.0980781496938 1 Juan  651.8709454250002 0.066 0.52261860569 1.05456222905 1 1 2 0.21 1
233 3 4.5 0 0 8.3385 0.5 1.71652698517 0.161964756114 1 Juan  654.4396031830001 0.066 0.301407003993 1.05456222905 1 1 2 0.21 0
234 3 6 0 1 9.81 0.5 1.89565896988 0.204103031137 1 Juan  657.276541581 0.066 0.583152746964 1.19155593874 1 1 2 0.21 1
235 3 6 0 1 12.753 0.5 1.55969905853 0.13764237071 1 Juan  660.3050257300001 0.066 0.419577978859 0.922056687823 1 1 2 0.21 1
236 4 6 0 0 8.3385 0.5 1.88576507568 -0.00975032231247 1 Juan  662.9822596569998 0.066 0.390593976049 1.395515398 1 1 2 0.21 0
237 3 4.5 0 1 6.867 0.5 1.8178999424 0.0435690675789 1 Juan  665.9647193219998 0.066 0.577503632934 1.27433087482 1 1 2 0.21 1
238 4 6 0 0 12.753 0.5 1.4588830471 0.0368263592811 1 Juan  668.9043316020002 0.066 0.24370954977 0.922056687823 1 1 2 0.21 0
239 4 6 0 0 6.867 0.5 2.2209239006 0.0371669130287 1 Juan  671.463028401 0.066 0.501227301715 1.68375698758 1 1 2 0.21 0
240 4 4.5 0 1 8.3385 0.5 1.55047392845 -0.00408830060323 1 Juan  674.799253103 0.066 0.489997929408 1.05456222905 1 1 2 0.21 1
241 3 4.5 0 0 11.2815 0.5 1.32857513428 0.0444484473156 1 Juan  677.484088529 0.066 0.233771236642 0.784126686962 1 1 2 0.21 0
242 4 4.5 0 1 12.753 0.5 1.20771694183 0.0127022047061 1 Juan  679.9100417250002 0.066 0.33460823661 0.695014737127 1 1 2 0.21 1
243 3 6 0 0 6.867 0.5 2.31189608574 0.128139098164 1 Juan  682.2227475179998 0.066 0.43568257493 1.68375698758 1 1 2 0.21 0
244 3 6 0 1 9.81 0.5 1.62989902496 -0.0616569137786 1 Juan  685.630418014 0.066 0.588117160054 1.19155593874 1 1 2 0.21 1
245 4 6 0 1 6.867 0.5 2.2097761631 0.0260191755257 1 Juan  688.3903854999999 0.066 0.794887080671 1.68375698758 1 1 2 0.21 1
246 4 4.5 0 1 6.867 0.5 1.74811697006 -0.0262139047569 1 Juan  691.6783288629999 0.066 0.598692872641 1.27433087482 1 1 2 0.21 1
247 3 6 0 0 8.3385 0.5 1.96880102158 0.0732856235799 1 Juan  694.5251128780001 0.066 0.378356258271 1.395515398 1 1 2 0.21 0
248 4 6 0 0 9.81 0.5 1.87684893608 0.185292997339 1 Juan  697.5903815799998 0.066 0.319589608877 1.19155593874 1 1 2 0.21 0
249 3 6 0 1 12.753 0.5 1.39814019203 -0.0239164957909 1 Juan  700.5976817119999 0.066 0.426194942473 0.922056687823 1 1 2 0.21 1
250 3 4.5 0 1 9.81 0.5 1.49425601959 0.0948020570505 1 Juan  703.1198972920001 0.066 0.437472064501 0.899453962542 1 1 2 0.21 1
251 4 4.5 0 0 11.2815 0.5 1.39493083954 0.110804152577 1 Juan  705.739323628 0.066 0.229467708806 0.784126686962 1 1 2 0.21 0
252 3 4.5 0 0 12.753 0.5 1.27607703209 0.0810622949618 1 Juan  708.2515278209999 0.066 0.184782407757 0.695014737127 1 1 2 0.21 0
253 3 4.5 0 0 6.867 0.5 1.84034109116 0.0660102163368 1 Juan  710.626222071 0.066 0.366792643288 1.27433087482 1 1 2 0.21 0
254 4 6 0 0 8.3385 0.5 1.944658041 0.0491426430043 1 Juan  713.5917892140001 0.066 0.370353597393 1.395515398 1 1 2 0.21 0
255 4 6 0 1 8.3385 0.5 1.85916304588 -0.0363523521129 1 Juan  716.6560130570001 0.066 0.664253021194 1.395515398 1 1 2 0.21 1
256 4 6 0 1 9.81 0.5 1.85607814789 0.164522209146 1 Juan  719.670685995 0.066 0.583471288839 1.19155593874 1 1 2 0.21 1
257 4 6 0 1 11.2815 0.5 1.62690091133 0.0872790217129 1 Juan  722.578490504 0.066 0.511251068485 1.03962188962 1 1 2 0.21 1
258 3 4.5 0 1 11.2815 0.5 1.42063212395 0.136505436985 1 Juan  725.3122889219999 0.066 0.378659706547 0.784126686962 1 1 2 0.21 1
259 3 6 0 0 12.753 0.5 1.48493504524 0.0628783574195 1 Juan  727.828087071 0.066 0.261847646369 0.922056687823 1 1 2 0.21 0
260 3 6 0 0 9.81 0.5 1.8980588913 0.206502952554 1 Juan  730.4200838880001 0.066 0.313932685942 1.19155593874 1 1 2 0.21 0
261 4 6 0 0 6.867 0.5 2.56952786446 0.385770876881 1 Juan  733.424695269 0.066 0.472121958826 1.68375698758 1 1 2 0.21 0
262 4 4.5 0 1 9.81 0.5 1.4847278595 0.0852738969553 1 Juan  737.0865545920001 0.066 0.422435576299 0.899453962542 1 1 2 0.21 1
263 3 4.5 0 0 9.81 0.5 1.5152630806 0.115809118055 1 Juan  739.6694822260001 0.066 0.256714442941 0.899453962542 1 1 2 0.21 0
264 3 4.5 0 1 8.3385 0.5 1.50991511345 -0.0446471156057 1 Juan  742.3066499060001 0.066 0.51457346532 1.05456222905 1 1 2 0.21 1
265 3 4.5 0 0 8.3385 0.5 1.8109600544 0.256397825343 1 Juan  744.9188749 0.066 0.315919597236 1.05456222905 1 1 2 0.21 0
266 4 4.5 0 0 12.753 0.5 1.2910130024 0.0959982652682 1 Juan  747.8488546560002 0.066 0.184405380167 0.695014737127 1 1 2 0.21 0
267 3 6 0 1 6.867 0.5 2.06725883484 -0.116498152737 1 Juan  750.2354645949999 0.066 0.822020370837 1.68375698758 1 1 2 0.21 1
268 4 6 0 0 12.753 0.5 1.5391471386 0.117090450773 1 Juan  753.4134641179999 0.066 0.238514735092 0.922056687823 1 1 2 0.21 0
269 4 4.5 0 0 8.3385 0.5 1.67821884155 0.123656612498 1 Juan  756.0663740760001 0.066 0.284033623864 1.05456222905 1 1 2 0.21 0
270 4 4.5 0 0 9.81 0.5 1.42575311661 0.0262991540659 1 Juan  758.8644274170001 0.066 0.259923380273 0.899453962542 1 1 2 0.21 0
271 4 4.5 0 1 11.2815 0.5 1.32740020752 0.0432735205578 1 Juan  761.4148306399998 0.066 0.367397142771 0.784126686962 1 1 2 0.21 1
272 3 4.5 0 1 12.753 0.5 1.25914812088 0.0641333837527 1 Juan  763.8588523499998 0.066 0.32120336379 0.695014737127 1 1 2 0.21 1
273 3 4.5 0 1 6.867 0.5 1.56270289421 -0.211627980608 1 Juan  766.249812431 0.066 0.633535275051 1.27433087482 1 1 2 0.21 1
274 3 6 0 1 8.3385 0.5 1.85710787773 -0.0384075202647 1 Juan  768.9384109279999 0.066 0.63832368006 1.395515398 1 1 2 0.21 1
275 4 6 0 0 11.2815 0.5 1.55822396278 0.0186020731656 1 Juan  771.897934909 0.066 0.310991953537 1.03962188962 1 1 2 0.21 0
276 3 6 0 0 11.2815 0.5 2.21013712883 0.670515239212 1 Juan  774.5816229329998 0.066 0.262923543686 1.03962188962 1 1 2 0.21 0
277 4 6 0 1 12.753 0.5 1.3357667923 -0.0862898955254 1 Juan  777.8819362180002 0.066 0.415532660544 0.922056687823 1 1 2 0.21 1
278 3 6 0 1 11.2815 0.5 1.60748887062 0.0678669810025 1 Juan  780.3491466370001 0.066 0.505651631957 1.03962188962 1 1 2 0.21 1
279 4 4.5 0 0 6.867 0.5 1.72189092636 -0.0524399484581 1 Juan  783.0474413829998 0.066 0.355412089096 1.27433087482 1 1 2 0.21 0
280 4 6 0 0 9.81 0.5 1.76086378098 0.0693078422334 1 Juan  785.8948294749998 0.066 0.307708190167 1.19155593874 1 1 2 0.21 0
281 4 4.5 0 0 8.3385 0.5 1.53278207779 -0.0217801512655 1 Juan  788.7834211999998 0.066 0.302064112546 1.05456222905 1 1 2 0.21 0
282 4 6 0 0 11.2815 0.5 1.51638484001 -0.0232370496066 1 Juan  791.4142087089999 0.066 0.281856308191 1.03962188962 1 1 2 0.21 0
283 3 6 0 1 9.81 0.5 1.72292304039 0.0313671016481 1 Juan  794.0597771590001 0.066 0.5802033065 1.19155593874 1 1 2 0.21 1
284 3 6 0 0 8.3385 0.5 2.03088283539 0.135367437392 1 Juan  796.8941019439999 0.066 0.386786908223 1.395515398 1 1 2 0.21 0
285 4 4.5 0 0 12.753 0.5 1.32464504242 0.129630305292 1 Juan  800.0360790320001 0.066 0.195452588125 0.695014737127 1 1 2 0.21 0
286 3 6 0 1 12.753 0.5 1.53258299828 0.110526310453 1 Juan  802.471309002 0.066 0.418300944365 0.922056687823 1 1 2 0.21 1
287 4 6 0 1 12.753 0.5 1.64159202576 0.219535337934 1 Juan  805.1230673589998 0.066 0.415836311466 0.922056687823 1 1 2 0.21 1
288 3 4.5 0 1 12.753 0.5 1.21315097809 0.018136240961 1 Juan  807.8835243200001 0.066 0.342224105958 0.695014737127 1 1 2 0.21 1
289 3 4.5 0 0 6.867 0.5 1.73934912682 -0.0349817480034 1 Juan  810.1906649309999 0.066 0.379494621733 1.27433087482 1 1 2 0.21 0
290 3 6 0 0 6.867 0.5 2.30338716507 0.119630177494 1 Juan  813.058473348 0.066 0.502606496195 1.68375698758 1 1 2 0.21 0
291 3 4.5 0 0 9.81 0.5 1.48746085167 0.0880068891275 1 Juan  816.484092318 0.066 0.235121404753 0.899453962542 1 1 2 0.21 0
292 4 6 0 0 6.867 0.5 2.32653307915 0.142776091572 1 Juan  819.101251094 0.066 0.482561081802 1.68375698758 1 1 2 0.21 0
293 4 4.5 0 0 6.867 0.5 1.71344900131 -0.0608818735069 1 Juan  824.151568498 0.066 0.32098740604 1.27433087482 1 1 2 0.21 0
294 3 6 0 0 9.81 0.5 1.69336509705 0.00180915830393 1 Juan  825.343440822 0.066 0.335212481456 1.19155593874 1 1 2 0.21 0
295 4 6 0 1 11.2815 0.5 1.35361909866 -0.186002790955 1 Juan  828.122513541 0.066 0.492435694325 1.03962188962 1 1 2 0.21 1
296 3 4.5 0 0 11.2815 0.5 1.04954886436 -0.234577822597 1 Juan  830.5826755359999 0.066 0.196940281602 0.784126686962 1 1 2 0.21 0
297 3 4.5 0 0 12.753 0.5 1.2630341053 0.0680193681735 1 Juan  832.7439124339999 0.066 0.200266852503 0.695014737127 1 1 2 0.21 0
298 3 6 0 1 11.2815 0.5 1.52977108955 -0.0098508000644 1 Juan  835.128897001 0.066 0.494960699364 1.03962188962 1 1 2 0.21 1
299 4 6 0 0 12.753 0.5 1.46238183975 0.0403251519294 1 Juan  837.7781482800001 0.066 0.233711367657 0.922056687823 1 1 2 0.21 0
300 4 4.5 0 0 9.81 0.5 1.4541580677 0.0547041051615 1 Juan  840.3518325800001 0.066 0.263377412864 0.899453962542 1 1 2 0.21 0
301 4 6 0 1 9.81 0.5 1.73187994957 0.0403240108277 1 Juan  842.9277510910001 0.066 0.570566745466 1.19155593874 1 1 2 0.21 1
302 4 4.5 0 1 9.81 0.5 1.59269213676 0.193238174223 1 Juan  845.7666931459999 0.066 0.416119599445 0.899453962542 1 1 2 0.21 1
303 3 6 0 1 8.3385 0.5 2.01556897163 0.120053573638 1 Juan  848.46323067 0.066 0.663460964953 1.395515398 1 1 2 0.21 1
304 3 6 0 0 12.753 0.5 1.65598416328 0.233927475461 1 Juan  851.5707178550001 0.066 0.236810786372 0.922056687823 1 1 2 0.21 0
305 3 4.5 0 1 8.3385 0.5 1.46186494827 -0.0926972807821 1 Juan  854.321712981 0.066 0.492398329528 1.05456222905 1 1 2 0.21 1
306 4 4.5 0 1 8.3385 0.5 1.42551088333 -0.129051345723 1 Juan  856.9100828380001 0.066 0.490705383452 1.05456222905 1 1 2 0.21 1
307 4 4.5 0 1 6.867 0.5 1.61408805847 -0.160242816347 1 Juan  859.4373791560001 0.066 0.60488395089 1.27433087482 1 1 2 0.21 1
308 3 4.5 0 1 9.81 0.5 1.51942706108 0.119973098539 1 Juan  862.1517980180001 0.066 0.414548936228 0.899453962542 1 1 2 0.21 1
309 3 4.5 0 0 8.3385 0.5 1.39002990723 -0.164532321828 1 Juan  864.794538356 0.066 0.300901728254 1.05456222905 1 1 2 0.21 0
310 3 6 0 1 6.867 0.5 2.09519910812 -0.0885578794518 1 Juan  867.3005921859999 0.066 0.798437250937 1.68375698758 1 1 2 0.21 1
311 4 6 0 1 8.3385 0.5 1.69445610046 -0.201059297532 1 Juan  870.5018455959998 0.066 0.656911729123 1.395515398 1 1 2 0.21 1
312 4 6 0 0 8.3385 0.5 1.83431720734 -0.0611981906596 1 Juan  873.2936173779999 0.066 0.412652560489 1.395515398 1 1 2 0.21 0
313 3 6 0 0 11.2815 0.5 1.63154292107 0.0919210314481 1 Juan  876.2686775960001 0.066 0.291916721312 1.03962188962 1 1 2 0.21 0
314 4 4.5 0 1 11.2815 0.5 1.32945418358 0.0453274966168 1 Juan  879.017087227 0.066 0.375342275672 0.784126686962 1 1 2 0.21 1
315 4 4.5 0 0 11.2815 0.5 1.20675110817 -0.0773755787922 1 Juan  881.4734957330002 0.066 0.221531184871 0.784126686962 1 1 2 0.21 0
316 3 4.5 0 1 11.2815 0.5 1.31275987625 0.0286331892895 1 Juan  883.8047018540001 0.066 0.361320083661 0.784126686962 1 1 2 0.21 1
317 3 4.5 0 1 6.867 0.5 1.56851387024 -0.20581700458 1 Juan  886.2289872179999 0.066 0.635808739563 1.27433087482 1 1 2 0.21 1
318 4 6 0 1 6.867 0.5 1.98287701607 -0.200879971508 1 Juan  888.8633521510001 0.066 0.765660934838 1.68375698758 1 1 2 0.21 1
319 4 4.5 0 1 12.753 0.5 1.27760481834 0.0825900812167 1 Juan  891.9522905419999 0.066 0.316798272643 0.695014737127 1 1 2 0.21 1
