trial vx vy vz LongOcclusion g timeStill rTime TemporalError environment id pupiltime IOD OccludedTimeOfTrajectory FlightDuration Drag DragFirst block accuracy LongOcclusion
0 3 6 0 0 11.2815 0.5 8.67474508286 7.13512319324 1 bjorn  2.9580265120002878 0.065 0.264226966307 1.03962188962 1 1 3 0.39 0
1 3 4.5 0 0 6.867 0.5 1.80342197418 0.029091099363 1 bjorn  12.747366132000025 0.065 0.332928018577 1.27433087482 1 1 3 0.39 0
2 4 6 0 1 9.81 0.5 1.78022408485 0.0886681461122 1 bjorn  15.6558450550001 0.065 0.589298810428 1.19155593874 1 1 3 0.39 1
3 3 4.5 0 1 9.81 0.5 1.39382100105 -0.00563296148894 1 bjorn  18.53235404500083 0.065 0.418402390435 0.899453962542 1 1 3 0.39 1
4 3 6 0 1 6.867 0.5 2.19284796715 0.00909097957229 1 bjorn  21.03811748500084 0.065 0.830826391874 1.68375698758 1 1 3 0.39 1
5 4 6 0 0 9.81 0.5 1.71394896507 0.0223930263307 1 bjorn  24.322197777000838 0.065 0.354187725886 1.19155593874 1 1 3 0.39 0
6 3 4.5 0 1 12.753 0.5 1.2270359993 0.0320212621707 1 bjorn  27.125603286000114 0.065 0.323828545266 0.695014737127 1 1 3 0.39 1
7 4 4.5 0 0 8.3385 0.5 1.56107521057 0.00651298151653 1 bjorn  29.458713427000475 0.065 0.267941749957 1.05456222905 1 1 3 0.39 0
8 4 6 0 0 12.753 0.5 1.46812915802 0.0460724701972 1 bjorn  32.120437856001445 0.065 0.231411819282 0.922056687823 1 1 3 0.39 0
9 3 6 0 0 12.753 0.5 1.45438289642 0.0323262086005 1 bjorn  34.704090246001215 0.065 0.236726886629 0.922056687823 1 1 3 0.39 0
10 3 4.5 0 1 6.867 0.5 1.74282002449 -0.0315108503288 1 bjorn  37.25632757099993 0.065 0.62253532329 1.27433087482 1 1 3 0.39 1
11 3 6 0 1 11.2815 0.5 1.60093092918 0.0613090395657 1 bjorn  40.100061373001154 0.065 0.518792793182 1.03962188962 1 1 3 0.39 1
12 3 4.5 0 1 11.2815 0.5 1.33307099342 0.0489443064617 1 bjorn  42.79874844400001 0.065 0.362252609008 0.784126686962 1 1 3 0.39 1
13 3 4.5 0 0 11.2815 0.5 1.33711409569 0.0529874087262 1 bjorn  45.22767837600077 0.065 0.203405597372 0.784126686962 1 1 3 0.39 0
14 3 4.5 0 1 8.3385 0.5 1.70054411888 0.145981889826 1 bjorn  47.65562842300096 0.065 0.510616322075 1.05456222905 1 1 3 0.39 1
15 3 4.5 0 0 12.753 0.5 1.3079969883 0.112982251169 1 bjorn  50.460217067000485 0.065 0.202932867957 0.695014737127 1 1 3 0.39 0
16 4 6 0 1 6.867 0.5 2.27733206749 0.0935750799141 1 bjorn  52.86359409600118 0.065 0.759281654164 1.68375698758 1 1 3 0.39 1
17 3 6 0 0 6.867 0.5 2.31521987915 0.131462891575 1 bjorn  56.23161253300168 0.065 0.423830088159 1.68375698758 1 1 3 0.39 0
18 4 4.5 0 0 9.81 0.5 1.54319691658 0.143742954038 1 bjorn  59.67994741000075 0.065 0.248942271187 0.899453962542 1 1 3 0.39 0
19 4 6 0 1 12.753 0.5 1.47086310387 0.0488064160438 1 bjorn  62.32221794399993 0.065 0.443117475783 0.922056687823 1 1 3 0.39 1
20 4 4.5 0 1 8.3385 0.5 1.59602499008 0.041462761027 1 bjorn  64.87291952000123 0.065 0.489070744383 1.05456222905 1 1 3 0.39 1
21 3 6 0 0 8.3385 0.5 1.84175682068 -0.0537585773174 1 bjorn  67.5801965390001 0.065 0.402265514311 1.395515398 1 1 3 0.39 0
22 4 6 0 0 6.867 0.5 2.37631702423 0.192560036655 1 bjorn  70.5325688060002 0.065 0.470012598794 1.68375698758 1 1 3 0.39 0
23 4 4.5 0 0 6.867 0.5 1.72488713264 -0.0494437421745 1 bjorn  74.0084869680013 0.065 0.375875107161 1.27433087482 1 1 3 0.39 0
24 3 6 0 1 9.81 0.5 1.70888710022 0.0173311614778 1 bjorn  76.84263645000101 0.065 0.547042571292 1.19155593874 1 1 3 0.39 1
25 4 4.5 0 1 12.753 0.5 1.30597996712 0.11096522999 1 bjorn  79.66845654600002 0.065 0.345452367373 0.695014737127 1 1 3 0.39 1
26 4 4.5 0 1 6.867 0.5 1.71560502052 -0.0587258542961 1 bjorn  82.07464383600018 0.065 0.596849722543 1.27433087482 1 1 3 0.39 1
27 4 4.5 0 1 9.81 0.5 1.41033196449 0.010878001951 1 bjorn  84.8739933120014 0.065 0.419921513625 0.899453962542 1 1 3 0.39 1
28 3 4.5 0 0 8.3385 0.5 1.53934597969 -0.0152162493642 1 bjorn  87.41420974100038 0.065 0.266972896116 1.05456222905 1 1 3 0.39 0
29 4 6 0 0 11.2815 0.5 1.49550890923 -0.0441129803928 1 bjorn  90.05093035400023 0.065 0.279507483547 1.03962188962 1 1 3 0.39 0
30 4 4.5 0 0 11.2815 0.5 1.35688209534 0.0727554083752 1 bjorn  92.64071358100045 0.065 0.197254920556 0.784126686962 1 1 3 0.39 0
31 3 6 0 0 9.81 0.5 1.63486909866 -0.0566868400786 1 bjorn  95.11044282900002 0.065 0.308324503538 1.19155593874 1 1 3 0.39 0
32 4 6 0 1 11.2815 0.5 1.55362391472 0.0140020251004 1 bjorn  97.84090462200038 0.065 0.517852073795 1.03962188962 1 1 3 0.39 1
33 4 6 0 1 8.3385 0.5 2.03604888916 0.140533491164 1 bjorn  100.49553703000129 0.065 0.644843536614 1.395515398 1 1 3 0.39 1
34 3 6 0 1 12.753 0.5 1.51992607117 0.0978693833442 1 bjorn  103.62280659600037 0.065 0.427461160959 0.922056687823 1 1 3 0.39 1
35 4 4.5 0 0 12.753 0.5 1.20901799202 0.0140032548923 1 bjorn  106.24060898300013 0.065 0.175944097831 0.695014737127 1 1 3 0.39 0
36 4 6 0 0 8.3385 0.5 1.83265113831 -0.0628642596904 1 bjorn  108.55305412600137 0.065 0.381530532526 1.395515398 1 1 3 0.39 0
37 3 6 0 1 8.3385 0.5 1.95369505882 0.0581796608266 1 bjorn  111.49540657700163 0.065 0.681291892334 1.395515398 1 1 3 0.39 1
38 4 4.5 0 1 11.2815 0.5 1.33579993248 0.0516732455181 1 bjorn  114.5439016270011 0.065 0.373960524327 0.784126686962 1 1 3 0.39 1
39 3 4.5 0 0 9.81 0.5 1.33886885643 -0.0605851061117 1 bjorn  117.0138818510004 0.065 0.262992381136 0.899453962542 1 1 3 0.39 0
40 3 6 0 0 6.867 0.5 2.23837995529 0.0546229677162 1 bjorn  119.42974805700032 0.065 0.470035463855 1.68375698758 1 1 3 0.39 0
41 4 4.5 0 1 6.867 0.5 1.60918402672 -0.165146848101 1 bjorn  122.76195193000058 0.065 0.630581814571 1.27433087482 1 1 3 0.39 1
42 3 4.5 0 0 12.753 0.5 1.24374580383 0.0487310667056 1 bjorn  125.49408679200133 0.065 0.196204845011 0.695014737127 1 1 3 0.39 0
43 4 4.5 0 1 9.81 0.5 1.36583399773 -0.0336199648154 1 bjorn  127.80080212900066 0.065 0.412186902851 0.899453962542 1 1 3 0.39 1
44 4 4.5 0 0 9.81 0.5 1.36167287827 -0.0377810842764 1 bjorn  130.26922273900163 0.065 0.235792818543 0.899453962542 1 1 3 0.39 0
45 3 6 0 0 11.2815 0.5 1.54503893852 0.00541704890411 1 bjorn  132.72957165300068 0.065 0.276059400674 1.03962188962 1 1 3 0.39 0
46 4 6 0 0 8.3385 0.5 1.89463996887 -0.000875429123995 1 bjorn  135.38516929400066 0.065 0.35287988738 1.395515398 1 1 3 0.39 0
47 3 6 0 1 6.867 0.5 2.25722503662 0.0734680490456 1 bjorn  138.3785549690001 0.065 0.782033395298 1.68375698758 1 1 3 0.39 1
48 4 6 0 1 9.81 0.5 1.71667695045 0.0251210117127 1 bjorn  141.74118787500083 0.065 0.591823081219 1.19155593874 1 1 3 0.39 1
49 3 4.5 0 1 11.2815 0.5 1.31145000458 0.0273233176159 1 bjorn  144.5510989100003 0.065 0.385088241764 0.784126686962 1 1 3 0.39 1
50 3 4.5 0 1 12.753 0.5 1.23085808754 0.0358433504123 1 bjorn  146.96674152700143 0.065 0.328298633679 0.695014737127 1 1 3 0.39 1
51 3 4.5 0 1 9.81 0.5 1.44583201408 0.0463780515421 1 bjorn  149.30524423899988 0.065 0.431570154881 0.899453962542 1 1 3 0.39 1
52 3 6 0 1 9.81 0.5 1.62354111671 -0.0680148220275 1 bjorn  151.83600796000064 0.065 0.578159501674 1.19155593874 1 1 3 0.39 1
53 4 4.5 0 1 11.2815 0.5 1.3365111351 0.0523844481396 1 bjorn  154.56335443600074 0.065 0.373721172806 0.784126686962 1 1 3 0.39 1
54 4 6 0 1 12.753 0.5 1.47020888329 0.0481521954627 1 bjorn  156.99397641900032 0.065 0.429660369972 0.922056687823 1 1 3 0.39 1
55 4 6 0 0 11.2815 0.5 1.56796002388 0.0283381342618 1 bjorn  159.58219877300144 0.065 0.29562661709 1.03962188962 1 1 3 0.39 0
56 4 6 0 0 9.81 0.5 1.70803904533 0.0164831065919 1 bjorn  162.27575766700102 0.065 0.304201866513 1.19155593874 1 1 3 0.39 0
57 3 6 0 1 8.3385 0.5 2.02170491219 0.12618951419 1 bjorn  165.03785484700165 0.065 0.687786688065 1.395515398 1 1 3 0.39 1
58 3 4.5 0 0 11.2815 0.5 1.31156897545 0.0274422884869 1 bjorn  168.17075291000037 0.065 0.200450578444 0.784126686962 1 1 3 0.39 0
59 4 4.5 0 0 11.2815 0.5 1.33658695221 0.0524602652478 1 bjorn  170.61743081400164 0.065 0.207145288829 0.784126686962 1 1 3 0.39 0
60 4 6 0 1 11.2815 0.5 1.67870616913 0.13908427951 1 bjorn  173.0214453130011 0.065 0.501101710353 1.03962188962 1 1 3 0.39 1
61 4 6 0 0 12.753 0.5 1.42692017555 0.00486348772956 1 bjorn  175.84184321900102 0.065 0.245308917356 0.922056687823 1 1 3 0.39 0
62 4 4.5 0 1 8.3385 0.5 1.56735110283 0.0127888737742 1 bjorn  178.3443436710004 0.065 0.514897471334 1.05456222905 1 1 3 0.39 1
63 4 6 0 1 8.3385 0.5 1.88676309586 -0.00875230214035 1 bjorn  181.00407198300127 0.065 0.642097202699 1.395515398 1 1 3 0.39 1
64 3 4.5 0 0 8.3385 0.5 3.22428894043 1.66972671137 1 bjorn  187.13180173300134 0.065 0.266069345528 1.05456222905 1 1 3 0.39 0
65 3 4.5 0 0 6.867 0.5 1.71877288818 -0.0555579866356 1 bjorn  188.34057786199992 0.065 0.332196114608 1.27433087482 1 1 3 0.39 0
66 3 6 0 0 8.3385 0.5 1.96989107132 0.0743756733235 1 bjorn  191.1607641720002 0.065 0.388303060451 1.395515398 1 1 3 0.39 0
67 3 4.5 0 0 9.81 0.5 1.46075701714 0.0613030545938 1 bjorn  194.22458443700089 0.065 0.254370594096 0.899453962542 1 1 3 0.39 0
68 4 6 0 1 6.867 0.5 2.39138412476 0.20762713718 1 bjorn  196.78466261300127 0.065 0.776295548073 1.68375698758 1 1 3 0.39 1
69 4 4.5 0 0 6.867 0.5 1.70651912689 -0.0678117479271 1 bjorn  200.27187053000125 0.065 0.357033716627 1.27433087482 1 1 3 0.39 0
70 3 6 0 1 12.753 0.5 1.48085904121 0.0588023533912 1 bjorn  203.0792237730002 0.065 0.441110384808 0.922056687823 1 1 3 0.39 1
71 3 6 0 0 12.753 0.5 1.42095303535 -0.00110365246819 1 bjorn  205.65808491500138 0.065 0.26508231161 0.922056687823 1 1 3 0.39 0
72 4 6 0 0 6.867 0.5 2.40867495537 0.224917967793 1 bjorn  208.17294122600106 0.065 0.439666445332 1.68375698758 1 1 3 0.39 0
73 4 4.5 0 0 12.753 0.5 1.20462393761 0.00960920047941 1 bjorn  211.68172658500043 0.065 0.199544831633 0.695014737127 1 1 3 0.39 0
74 3 6 0 0 9.81 0.5 1.64519906044 -0.0463568783019 1 bjorn  213.98243869100043 0.065 0.33341708045 1.19155593874 1 1 3 0.39 0
75 4 4.5 0 0 8.3385 0.5 1.51417088509 -0.0403913439687 1 bjorn  216.72378526800094 0.065 0.284221973172 1.05456222905 1 1 3 0.39 0
76 4 4.5 0 1 12.753 0.5 1.26380109787 0.0687863607425 1 bjorn  219.34552195200013 0.065 0.338627157465 0.695014737127 1 1 3 0.39 1
77 3 4.5 0 1 6.867 0.5 1.74093413353 -0.0333967412895 1 bjorn  221.70575475100122 0.065 0.583062370602 1.27433087482 1 1 3 0.39 1
78 3 6 0 1 11.2815 0.5 1.59094214439 0.0513202547757 1 bjorn  224.54251487000147 0.065 0.501523783339 1.03962188962 1 1 3 0.39 1
79 3 4.5 0 1 8.3385 0.5 1.55662703514 0.00206480608623 1 bjorn  227.25401875300122 0.065 0.487323401541 1.05456222905 1 1 3 0.39 1
80 4 6 0 1 12.753 0.5 1.46755194664 0.0454952588172 1 bjorn  229.92896542500057 0.065 0.432681044067 0.922056687823 1 1 3 0.39 1
81 3 6 0 1 11.2815 0.5 1.58896613121 0.0493442415921 1 bjorn  232.47080118800113 0.065 0.481058755345 1.03962188962 1 1 3 0.39 1
82 3 6 0 1 6.867 0.5 2.30338597298 0.119628985401 1 bjorn  235.16946670300058 0.065 0.806317397995 1.68375698758 1 1 3 0.39 1
83 3 4.5 0 1 6.867 0.5 1.65586185455 -0.118469020266 1 bjorn  238.64059884700146 0.065 0.603112113076 1.27433087482 1 1 3 0.39 1
84 4 4.5 0 1 6.867 0.5 1.62485694885 -0.149473925967 1 bjorn  241.33856482300143 0.065 0.619905858716 1.27433087482 1 1 3 0.39 1
85 3 6 0 0 6.867 0.5 2.21724700928 0.0334900217018 1 bjorn  244.06134976800058 0.065 0.498394224536 1.68375698758 1 1 3 0.39 0
86 3 4.5 0 1 9.81 0.5 1.44274997711 0.04329601457 1 bjorn  247.38155841500156 0.065 0.441371167605 0.899453962542 1 1 3 0.39 1
87 4 6 0 0 8.3385 0.5 1.95131993294 0.0558045349416 1 bjorn  249.91522706900105 0.065 0.37276681978 1.395515398 1 1 3 0.39 0
88 4 4.5 0 1 9.81 0.5 1.37483787537 -0.0246160871756 1 bjorn  252.99692142500135 0.065 0.42620849914 0.899453962542 1 1 3 0.39 1
89 3 6 0 0 11.2815 0.5 1.56804800034 0.0284261107175 1 bjorn  255.44354370700057 0.065 0.270976496862 1.03962188962 1 1 3 0.39 0
90 4 4.5 0 0 12.753 0.5 1.22054481506 0.0255300779361 1 bjorn  258.10906926999996 0.065 0.194974836689 0.695014737127 1 1 3 0.39 0
91 4 6 0 0 6.867 0.5 2.17064499855 -0.0131119890251 1 bjorn  260.4235988820001 0.065 0.441145737201 1.68375698758 1 1 3 0.39 0
92 4 6 0 1 8.3385 0.5 1.79020810127 -0.105307296723 1 bjorn  263.7006074760011 0.065 0.644697079603 1.395515398 1 1 3 0.39 1
93 3 4.5 0 1 12.753 0.5 1.2828540802 0.0878393430728 1 bjorn  266.5926362050013 0.065 0.34310132499 0.695014737127 1 1 3 0.39 1
94 4 6 0 0 9.81 0.5 1.63440394402 -0.0571519947265 1 bjorn  268.9857498390011 0.065 0.303827428072 1.19155593874 1 1 3 0.39 0
95 3 6 0 0 8.3385 0.5 1.84376907349 -0.0517463245097 1 bjorn  271.7086769990001 0.065 0.37282373594 1.395515398 1 1 3 0.39 0
96 4 6 0 1 9.81 0.5 1.69182610512 0.000270166375834 1 bjorn  274.6656202940012 0.065 0.538625822789 1.19155593874 1 1 3 0.39 1
97 4 4.5 0 0 8.3385 0.5 1.52112102509 -0.0334412039693 1 bjorn  277.45994105000136 0.065 0.267474070556 1.05456222905 1 1 3 0.39 0
98 3 6 0 1 12.753 0.5 1.47961807251 0.057561384687 1 bjorn  280.0916770790009 0.065 0.452395337909 0.922056687823 1 1 3 0.39 1
99 4 6 0 0 11.2815 0.5 1.62530398369 0.0856820940701 1 bjorn  282.66108432200053 0.065 0.280138718382 1.03962188962 1 1 3 0.39 0
100 4 4.5 0 0 11.2815 0.5 1.30683112144 0.022704434483 1 bjorn  285.3919779960015 0.065 0.220312702602 0.784126686962 1 1 3 0.39 0
101 4 4.5 0 1 12.753 0.5 1.289894104 0.0948793668765 1 bjorn  287.79714599 0.065 0.34154784444 0.695014737127 1 1 3 0.39 1
102 4 6 0 1 6.867 0.5 2.14989900589 -0.0338579816856 1 bjorn  290.189897526001 0.065 0.788453864549 1.68375698758 1 1 3 0.39 1
103 3 4.5 0 0 8.3385 0.5 1.55089306831 -0.00366916074116 1 bjorn  293.4437085950012 0.065 0.307364546807 1.05456222905 1 1 3 0.39 0
104 4 4.5 0 0 9.81 0.5 1.37483096123 -0.0246230013144 1 bjorn  296.1129024770016 0.065 0.259672752983 0.899453962542 1 1 3 0.39 0
105 4 4.5 0 0 6.867 0.5 1.72631692886 -0.0480139459556 1 bjorn  298.58506704200045 0.065 0.328095896118 1.27433087482 1 1 3 0.39 0
106 4 6 0 0 12.753 0.5 1.4767229557 0.0546662678809 1 bjorn  301.40939388300103 0.065 0.248668880016 0.922056687823 1 1 3 0.39 0
107 3 6 0 1 8.3385 0.5 1.91910982132 0.0235944233235 1 bjorn  303.9900520930005 0.065 0.684437843691 1.395515398 1 1 3 0.39 1
108 3 4.5 0 1 8.3385 0.5 1.501486063 -0.0530761660512 1 bjorn  307.0243182530012 0.065 0.485032410034 1.05456222905 1 1 3 0.39 1
109 4 6 0 1 11.2815 0.5 1.67981791496 0.140196025345 1 bjorn  309.6156195250005 0.065 0.50760961567 1.03962188962 1 1 3 0.39 1
110 4 4.5 0 1 8.3385 0.5 1.48516511917 -0.0693971098836 1 bjorn  312.39410065500124 0.065 0.492158645854 1.05456222905 1 1 3 0.39 1
111 3 4.5 0 0 6.867 0.5 1.75263786316 -0.02169301166 1 bjorn  314.9764036910001 0.065 0.333305424729 1.27433087482 1 1 3 0.39 0
112 3 4.5 0 0 12.753 0.5 1.25449800491 0.0594832677859 1 bjorn  317.8407636440006 0.065 0.180321145275 0.695014737127 1 1 3 0.39 0
113 3 6 0 1 9.81 0.5 1.75863695145 0.0670810127046 1 bjorn  320.19736606400147 0.065 0.57496491278 1.19155593874 1 1 3 0.39 1
114 3 6 0 0 9.81 0.5 1.6548769474 -0.036678991339 1 bjorn  323.05785388000004 0.065 0.351110533347 1.19155593874 1 1 3 0.39 0
115 3 4.5 0 0 9.81 0.5 1.40177798271 0.00232402017 1 bjorn  325.8199092949999 0.065 0.236665377505 0.899453962542 1 1 3 0.39 0
116 3 4.5 0 1 11.2815 0.5 1.518253088 0.234126401036 1 bjorn  328.3103937670003 0.065 0.378730492773 0.784126686962 1 1 3 0.39 1
117 4 4.5 0 1 11.2815 0.5 1.30950593948 0.0253792525219 1 bjorn  330.92713733800156 0.065 0.375335025338 0.784126686962 1 1 3 0.39 1
118 3 4.5 0 0 11.2815 0.5 1.30945897102 0.0253322840618 1 bjorn  333.3353630360016 0.065 0.227436319768 0.784126686962 1 1 3 0.39 0
119 3 6 0 0 12.753 0.5 1.45537090302 0.0333142151923 1 bjorn  335.74504937000165 0.065 0.240484247715 0.922056687823 1 1 3 0.39 0
120 4 4.5 0 0 9.81 0.5 1.380671978 -0.018781984545 1 bjorn  338.3100074590002 0.065 0.24071744286 0.899453962542 1 1 3 0.39 0
121 4 6 0 0 8.3385 0.5 1.95495295525 0.0594375572499 1 bjorn  340.8063365370017 0.065 0.354851872196 1.395515398 1 1 3 0.39 0
122 4 4.5 0 1 6.867 0.5 1.7752058506 0.00087497578203 1 bjorn  343.8544620600005 0.065 0.578631336497 1.27433087482 1 1 3 0.39 1
123 4 6 0 1 9.81 0.5 1.65844392776 -0.0331120109771 1 bjorn  346.7546237130009 0.065 0.59552010353 1.19155593874 1 1 3 0.39 1
124 4 4.5 0 1 8.3385 0.5 1.45508694649 -0.0994752825673 1 bjorn  349.4962428260005 0.065 0.521196538148 1.05456222905 1 1 3 0.39 1
125 4 4.5 0 1 11.2815 0.5 1.26462507248 -0.0195016144825 1 bjorn  352.05309473800116 0.065 0.353244983453 0.784126686962 1 1 3 0.39 1
126 4 6 0 1 12.753 0.5 1.48353409767 0.0614774098487 1 bjorn  354.42395922000105 0.065 0.443555955609 0.922056687823 1 1 3 0.39 1
127 3 6 0 0 9.81 0.5 1.69449782372 0.00294188497325 1 bjorn  356.9923351230009 0.065 0.325634681305 1.19155593874 1 1 3 0.39 0
128 3 6 0 1 11.2815 0.5 1.56278705597 0.023165166351 1 bjorn  359.79287032200045 0.065 0.501618586988 1.03962188962 1 1 3 0.39 1
129 4 6 0 1 11.2815 0.5 1.51187610626 -0.027745783356 1 bjorn  362.46719594300157 0.065 0.510177121968 1.03962188962 1 1 3 0.39 1
130 4 6 0 1 8.3385 0.5 1.83002209663 -0.0654933013622 1 bjorn  365.08710424700075 0.065 0.645447124099 1.395515398 1 1 3 0.39 1
131 3 4.5 0 1 11.2815 0.5 1.28220105171 -0.00192563524968 1 bjorn  368.0058325280006 0.065 0.389646657333 0.784126686962 1 1 3 0.39 1
132 3 6 0 1 9.81 0.5 1.64248204231 -0.0490738964293 1 bjorn  370.3883094520006 0.065 0.548836555618 1.19155593874 1 1 3 0.39 1
133 3 4.5 0 1 9.81 0.5 1.33469104767 -0.0647629148733 1 bjorn  373.1333854520017 0.065 0.427682653431 0.899453962542 1 1 3 0.39 1
134 3 6 0 1 12.753 0.5 1.54825806618 0.126201378355 1 bjorn  375.5560529909999 0.065 0.442306779362 0.922056687823 1 1 3 0.39 1
135 4 4.5 0 1 12.753 0.5 1.22795891762 0.0329441804904 1 bjorn  378.20775450200017 0.065 0.342777159721 0.695014737127 1 1 3 0.39 1
136 3 4.5 0 0 8.3385 0.5 1.54456710815 -0.00999512090047 1 bjorn  380.5445476640016 0.065 0.296151854076 1.05456222905 1 1 3 0.39 0
137 3 4.5 0 1 12.753 0.5 1.41441297531 0.219398238184 1 bjorn  383.18007234700053 0.065 0.323803156071 0.695014737127 1 1 3 0.39 1
138 3 6 0 0 6.867 0.5 2.19229507446 0.00853808688735 1 bjorn  385.70488603600097 0.065 0.498867442388 1.68375698758 1 1 3 0.39 0
139 3 6 0 0 12.753 0.5 1.4494869709 0.0274302830787 1 bjorn  388.9990092470016 0.065 0.261581050648 0.922056687823 1 1 3 0.39 0
140 3 4.5 0 0 11.2815 0.5 1.31527113914 0.0311444521832 1 bjorn  391.55679246100044 0.065 0.216601664581 0.784126686962 1 1 3 0.39 0
141 3 6 0 1 8.3385 0.5 1.82706189156 -0.0684535064403 1 bjorn  393.971333898 0.065 0.674176734846 1.395515398 1 1 3 0.39 1
142 4 6 0 0 6.867 0.5 2.30906605721 0.12530906963 1 bjorn  396.88616501100114 0.065 0.433650507878 1.68375698758 1 1 3 0.39 0
143 3 4.5 0 0 9.81 0.5 1.3487329483 -0.0507210142386 1 bjorn  400.30769077400146 0.065 0.244187618841 0.899453962542 1 1 3 0.39 0
144 4 6 0 0 11.2815 0.5 1.57646298409 0.0368410944669 1 bjorn  402.7496963120011 0.065 0.300841635173 1.03962188962 1 1 3 0.39 0
145 4 6 0 0 9.81 0.5 1.68612384796 -0.00543209078054 1 bjorn  405.42149107800105 0.065 0.320306645894 1.19155593874 1 1 3 0.39 0
146 3 6 0 0 11.2815 0.5 1.56404709816 0.0244252085416 1 bjorn  408.2182315420014 0.065 0.308584381355 1.03962188962 1 1 3 0.39 0
147 3 4.5 0 1 6.867 0.5 1.74414896965 -0.0301819051689 1 bjorn  410.8733211430008 0.065 0.593215865305 1.27433087482 1 1 3 0.39 1
148 4 4.5 0 0 8.3385 0.5 1.58848309517 0.0339208661143 1 bjorn  413.71492680200026 0.065 0.306313027538 1.05456222905 1 1 3 0.39 0
149 4 4.5 0 0 6.867 0.5 1.79288387299 0.0185529981667 1 bjorn  416.39136954900096 0.065 0.360534200497 1.27433087482 1 1 3 0.39 0
150 3 4.5 0 1 8.3385 0.5 1.54786610603 -0.00669612302144 1 bjorn  419.27127501200084 0.065 0.51841307538 1.05456222905 1 1 3 0.39 1
151 4 4.5 0 1 9.81 0.5 1.45090389252 0.0514499299753 1 bjorn  421.91065798400086 0.065 0.419429896146 0.899453962542 1 1 3 0.39 1
152 4 4.5 0 0 12.753 0.5 1.27012181282 0.075107075693 1 bjorn  424.4658276630016 0.065 0.18009406724 0.695014737127 1 1 3 0.39 0
153 4 4.5 0 0 11.2815 0.5 1.31726503372 0.0331383467602 1 bjorn  426.8531391100005 0.065 0.233410696098 0.784126686962 1 1 3 0.39 0
154 4 6 0 0 12.753 0.5 1.50100588799 0.0789492001624 1 bjorn  429.2666258830013 0.065 0.264450705296 0.922056687823 1 1 3 0.39 0
155 3 6 0 0 8.3385 0.5 1.83728194237 -0.0582334556285 1 bjorn  431.8705122620013 0.065 0.388619035114 1.395515398 1 1 3 0.39 0
156 4 6 0 1 6.867 0.5 2.35810399055 0.174347002979 1 bjorn  434.8119018310008 0.065 0.767270615363 1.68375698758 1 1 3 0.39 1
157 3 4.5 0 0 12.753 0.5 1.26262903214 0.0676142950076 1 bjorn  438.2853994550005 0.065 0.188878297056 0.695014737127 1 1 3 0.39 0
158 3 6 0 1 6.867 0.5 2.05976986885 -0.123987118725 1 bjorn  440.65542141400147 0.065 0.80236353845 1.68375698758 1 1 3 0.39 1
159 3 4.5 0 0 6.867 0.5 1.68321299553 -0.09111787929 1 bjorn  443.81694618200163 0.065 0.361716170862 1.27433087482 1 1 3 0.39 0
160 4 4.5 0 0 12.753 0.5 1.28383207321 0.0888173360843 1 bjorn  446.5840899060004 0.065 0.200899102493 0.695014737127 1 1 3 0.39 0
161 4 6 0 1 6.867 0.5 2.15528106689 -0.028475920681 1 bjorn  448.9764608960013 0.065 0.836591769745 1.68375698758 1 1 3 0.39 1
162 3 6 0 1 11.2815 0.5 1.5064740181 -0.0331478715213 1 bjorn  452.23015060000034 0.065 0.472327281453 1.03962188962 1 1 3 0.39 1
163 4 4.5 0 1 6.867 0.5 1.70297384262 -0.0713570321983 1 bjorn  454.8378036290014 0.065 0.58314341009 1.27433087482 1 1 3 0.39 1
164 3 6 0 0 6.867 0.5 2.2595500946 0.075793107029 1 bjorn  457.6479097800002 0.065 0.492005570607 1.68375698758 1 1 3 0.39 0
165 4 4.5 0 0 9.81 0.5 1.4709918499 0.0715378873575 1 bjorn  461.01069838700096 0.065 0.266448504097 0.899453962542 1 1 3 0.39 0
166 3 6 0 1 12.753 0.5 1.50656700134 0.08451031352 1 bjorn  463.58927900900017 0.065 0.437809545965 0.922056687823 1 1 3 0.39 1
167 4 6 0 1 12.753 0.5 1.54018497467 0.118128286848 1 bjorn  466.20008009400044 0.065 0.453495349162 0.922056687823 1 1 3 0.39 1
168 4 6 0 1 8.3385 0.5 8.15408611298 6.25857071498 1 bjorn  470.5889687660001 0.065 0.644715015431 1.395515398 1 1 3 0.39 1
169 3 4.5 0 0 12.753 0.5 1.240899086 0.0458843488711 1 bjorn  478.10346118300004 0.065 0.199500297484 0.695014737127 1 1 3 0.39 0
170 3 4.5 0 0 11.2815 0.5 1.34686684608 0.0627401591229 1 bjorn  480.444483104 0.065 0.22504696158 0.784126686962 1 1 3 0.39 0
171 4 4.5 0 1 11.2815 0.5 1.32421112061 0.0400844336438 1 bjorn  482.89757502500106 0.065 0.372425465686 0.784126686962 1 1 3 0.39 1
172 4 6 0 0 12.753 0.5 1.43342494965 0.0113682618232 1 bjorn  485.3186367550006 0.065 0.252048381032 0.922056687823 1 1 3 0.39 0
173 4 6 0 0 11.2815 0.5 1.515157938 -0.0244639516147 1 bjorn  487.8678292470013 0.065 0.26605488779 1.03962188962 1 1 3 0.39 0
174 3 6 0 0 12.753 0.5 1.42745494843 0.00539826060248 1 bjorn  490.4831606300013 0.065 0.251103511317 0.922056687823 1 1 3 0.39 0
175 3 4.5 0 0 9.81 0.5 1.40325403214 0.00380006959321 1 bjorn  493.00161339900114 0.065 0.225443205214 0.899453962542 1 1 3 0.39 0
176 4 6 0 0 9.81 0.5 1.7061419487 0.014586009958 1 bjorn  495.5106350620008 0.065 0.310251444842 1.19155593874 1 1 3 0.39 0
177 3 4.5 0 1 6.867 0.5 1.70564103127 -0.0686898435539 1 bjorn  498.33220424400133 0.065 0.621370033794 1.27433087482 1 1 3 0.39 1
178 4 4.5 0 0 8.3385 0.5 1.53649401665 -0.0180682124074 1 bjorn  501.15126991500074 0.065 0.276374300494 1.05456222905 1 1 3 0.39 0
179 3 6 0 1 6.867 0.5 2.11118197441 -0.0725750131645 1 bjorn  503.8066555280002 0.065 0.840573800825 1.68375698758 1 1 3 0.39 1
180 3 4.5 0 0 8.3385 0.5 1.56089496613 0.00633273707073 1 bjorn  506.9954877570017 0.065 0.274358337373 1.05456222905 1 1 3 0.39 0
181 4 6 0 1 9.81 0.5 1.66825509071 -0.0233008480285 1 bjorn  509.65974495500086 0.065 0.567537514217 1.19155593874 1 1 3 0.39 1
182 4 6 0 0 8.3385 0.5 1.93205285072 0.0365374527272 1 bjorn  512.4500226920009 0.065 0.411463420775 1.395515398 1 1 3 0.39 0
183 4 4.5 0 0 11.2815 0.5 1.30133581161 0.0172091246533 1 bjorn  515.4691289630009 0.065 0.229583866247 0.784126686962 1 1 3 0.39 0
184 3 4.5 0 0 6.867 0.5 1.68961501122 -0.084715863604 1 bjorn  517.8845603120008 0.065 0.366009809314 1.27433087482 1 1 3 0.39 0
185 3 6 0 0 9.81 0.5 1.65787291527 -0.033683023474 1 bjorn  520.6679551270008 0.065 0.351783454618 1.19155593874 1 1 3 0.39 0
186 3 4.5 0 1 8.3385 0.5 1.55291414261 -0.00164808644612 1 bjorn  523.4257404670007 0.065 0.520713919744 1.05456222905 1 1 3 0.39 1
187 3 6 0 1 9.81 0.5 1.72681689262 0.0352609538819 1 bjorn  526.0805255170017 0.065 0.558520052575 1.19155593874 1 1 3 0.39 1
188 3 6 0 1 8.3385 0.5 1.77734899521 -0.118166402787 1 bjorn  528.9021864940005 0.065 0.670583325995 1.395515398 1 1 3 0.39 1
189 3 4.5 0 1 12.753 0.5 1.31239199638 0.117377259256 1 bjorn  531.8061108800011 0.065 0.321218040631 0.695014737127 1 1 3 0.39 1
190 3 6 0 0 8.3385 0.5 2.02163004875 0.126114650756 1 bjorn  534.203184258 0.065 0.375198926119 1.395515398 1 1 3 0.39 0
191 3 4.5 0 1 11.2815 0.5 1.30461502075 0.0204883337902 1 bjorn  537.3350669640004 0.065 0.38903618968 0.784126686962 1 1 3 0.39 1
192 3 4.5 0 1 9.81 0.5 1.57252597809 0.173072015547 1 bjorn  539.7525396520014 0.065 0.426033416859 0.899453962542 1 1 3 0.39 1
193 4 6 0 1 11.2815 0.5 1.58444094658 0.0448190569608 1 bjorn  542.421791359 0.065 0.489511779881 1.03962188962 1 1 3 0.39 1
194 4 4.5 0 1 12.753 0.5 1.26485109329 0.0698363561648 1 bjorn  545.126879038 0.065 0.317252714768 0.695014737127 1 1 3 0.39 1
195 3 6 0 0 11.2815 0.5 1.55245399475 0.0128321051327 1 bjorn  547.4993208080014 0.065 0.293422674172 1.03962188962 1 1 3 0.39 0
196 4 4.5 0 1 9.81 0.5 1.43086910248 0.0314151399362 1 bjorn  550.145724420001 0.065 0.435978814295 0.899453962542 1 1 3 0.39 1
197 4 4.5 0 1 8.3385 0.5 1.53370285034 -0.020859378713 1 bjorn  552.6856485420012 0.065 0.4919886827 1.05456222905 1 1 3 0.39 1
198 4 6 0 0 6.867 0.5 2.40908789635 0.225330908772 1 bjorn  555.3273810260016 0.065 0.460279105318 1.68375698758 1 1 3 0.39 0
199 4 4.5 0 0 6.867 0.5 1.74895095825 -0.0253799165672 1 bjorn  558.8389232090012 0.065 0.321704598326 1.27433087482 1 1 3 0.39 0
200 4 6 0 0 11.2815 0.5 1.5684659481 0.0288440584866 1 bjorn  561.6990819340008 0.065 0.290880052489 1.03962188962 1 1 3 0.39 0
201 4 6 0 1 9.81 0.5 1.86239099503 0.170835056284 1 bjorn  564.3557402750012 0.065 0.576296038747 1.19155593874 1 1 3 0.39 1
202 4 6 0 1 6.867 0.5 2.58350110054 0.399744112965 1 bjorn  567.3145339780003 0.065 0.778775543036 1.68375698758 1 1 3 0.39 1
203 4 4.5 0 1 11.2815 0.5 1.46054911613 0.176422429173 1 bjorn  570.9997658290013 0.065 0.383562285057 0.784126686962 1 1 3 0.39 1
204 4 4.5 0 0 6.867 0.5 1.79726886749 0.0229379926735 1 bjorn  573.5572385150008 0.065 0.337877401035 1.27433087482 1 1 3 0.39 0
205 3 4.5 0 0 12.753 0.5 1.24929094315 0.0542762060184 1 bjorn  576.4634184760016 0.065 0.185548513535 0.695014737127 1 1 3 0.39 0
206 4 6 0 1 12.753 0.5 1.48486995697 0.0628132691474 1 bjorn  578.825359077 0.065 0.440321065638 0.922056687823 1 1 3 0.39 1
207 3 6 0 1 9.81 0.5 1.73489117622 0.0433352374818 1 bjorn  581.4033135250011 0.065 0.576976997436 1.19155593874 1 1 3 0.39 1
208 3 4.5 0 0 11.2815 0.5 1.28265810013 -0.00146858683354 1 bjorn  584.2521526320015 0.065 0.216577361528 0.784126686962 1 1 3 0.39 0
209 3 4.5 0 0 8.3385 0.5 1.55310702324 -0.00145520581563 1 bjorn  586.6305244800005 0.065 0.267617033486 1.05456222905 1 1 3 0.39 0
210 4 4.5 0 0 8.3385 0.5 1.55624985695 0.00168762789409 1 bjorn  589.2843245470012 0.065 0.268456708479 1.05456222905 1 1 3 0.39 0
211 3 4.5 0 1 11.2815 0.5 1.34609103203 0.0619643450665 1 bjorn  591.9330461220015 0.065 0.377187947137 0.784126686962 1 1 3 0.39 1
212 3 4.5 0 0 6.867 0.5 1.74957513809 -0.0247557367271 1 bjorn  594.3813974490004 0.065 0.369175770056 1.27433087482 1 1 3 0.39 0
213 4 4.5 0 0 12.753 0.5 1.23614501953 0.0411302824039 1 bjorn  597.2552550780001 0.065 0.176269493059 0.695014737127 1 1 3 0.39 0
214 3 6 0 0 6.867 0.5 2.30695390701 0.123196919437 1 bjorn  599.5677851010005 0.065 0.440563650476 1.68375698758 1 1 3 0.39 0
215 4 6 0 0 9.81 0.5 1.78901100159 0.0974550628449 1 bjorn  602.9769038710001 0.065 0.314353642583 1.19155593874 1 1 3 0.39 0
216 3 4.5 0 1 8.3385 0.5 1.51657986641 -0.0379823626455 1 bjorn  605.9023996250016 0.065 0.507763784751 1.05456222905 1 1 3 0.39 1
217 3 6 0 0 8.3385 0.5 2.0385620594 0.143046661406 1 bjorn  608.5063125290017 0.065 0.352202199482 1.395515398 1 1 3 0.39 0
218 3 6 0 1 11.2815 0.5 1.71952700615 0.179905116531 1 bjorn  611.644346594001 0.065 0.518622051016 1.03962188962 1 1 3 0.39 1
219 3 6 0 1 6.867 0.5 2.29395413399 0.110197146412 1 bjorn  614.455211714001 0.065 0.832877799769 1.68375698758 1 1 3 0.39 1
220 3 6 0 0 9.81 0.5 1.73529291153 0.0437369727876 1 bjorn  617.850059411001 0.065 0.311760134314 1.19155593874 1 1 3 0.39 0
221 3 4.5 0 1 6.867 0.5 1.79955792427 0.0252270494515 1 bjorn  620.6973039130007 0.065 0.631364454097 1.27433087482 1 1 3 0.39 1
222 4 6 0 0 8.3385 0.5 1.93010306358 0.0345876655873 1 bjorn  623.5914392620016 0.065 0.415326245194 1.395515398 1 1 3 0.39 0
223 3 6 0 1 12.753 0.5 1.43508601189 0.0130293240638 1 bjorn  626.6227443150001 0.065 0.441055021918 0.922056687823 1 1 3 0.39 1
224 4 4.5 0 1 12.753 0.5 1.24624800682 0.0512332696933 1 bjorn  629.1446969389999 0.065 0.320563429457 0.695014737127 1 1 3 0.39 1
225 3 4.5 0 1 9.81 0.5 1.43408179283 0.0346278302896 1 bjorn  631.4984113190003 0.065 0.432635942772 0.899453962542 1 1 3 0.39 1
226 4 4.5 0 1 8.3385 0.5 1.49202203751 -0.0625401915487 1 bjorn  634.0262626500007 0.065 0.51762726988 1.05456222905 1 1 3 0.39 1
227 4 6 0 1 11.2815 0.5 1.61448287964 0.0748609900204 1 bjorn  636.6327642610013 0.065 0.502785502256 1.03962188962 1 1 3 0.39 1
228 4 4.5 0 1 9.81 0.5 1.45999789238 0.060543929838 1 bjorn  639.3341167050003 0.065 0.420391647884 0.899453962542 1 1 3 0.39 1
229 3 6 0 0 11.2815 0.5 1.58664107323 0.0470191836087 1 bjorn  641.9107310350009 0.065 0.265241036106 1.03962188962 1 1 3 0.39 0
230 4 4.5 0 1 6.867 0.5 1.73952507973 -0.034805795092 1 bjorn  644.5926937590011 0.065 0.59116115599 1.27433087482 1 1 3 0.39 1
231 3 4.5 0 1 12.753 0.5 1.23826098442 0.0432462472934 1 bjorn  647.4573607460006 0.065 0.32710155268 0.695014737127 1 1 3 0.39 1
232 3 4.5 0 0 9.81 0.5 1.42130088806 0.0218469255197 1 bjorn  649.7725886349999 0.065 0.240655697821 0.899453962542 1 1 3 0.39 0
233 4 6 0 0 12.753 0.5 1.47242283821 0.0503661503883 1 bjorn  652.3195767610014 0.065 0.275445861982 0.922056687823 1 1 3 0.39 0
234 4 4.5 0 0 9.81 0.5 1.35766506195 -0.0417889005911 1 bjorn  654.9203398190002 0.065 0.239251615057 0.899453962542 1 1 3 0.39 0
235 3 6 0 1 8.3385 0.5 2.0367629528 0.141247554809 1 bjorn  657.35105664 0.065 0.684444726797 1.395515398 1 1 3 0.39 1
236 4 6 0 0 6.867 0.5 2.35225820541 0.168501217838 1 bjorn  660.5012965130009 0.065 0.437905453092 1.68375698758 1 1 3 0.39 0
237 4 4.5 0 0 11.2815 0.5 1.33942484856 0.0552981615948 1 bjorn  663.9422633440008 0.065 0.214392687322 0.784126686962 1 1 3 0.39 0
238 4 6 0 1 8.3385 0.5 1.95640683174 0.0608914337453 1 bjorn  666.3832209910015 0.065 0.633836231638 1.395515398 1 1 3 0.39 1
239 3 6 0 0 12.753 0.5 1.47369098663 0.0516342988105 1 bjorn  669.446906784 0.065 0.246367642355 0.922056687823 1 1 3 0.39 0
240 3 4.5 0 1 12.753 0.5 1.21917700768 0.0241622705478 1 bjorn  672.0176318080012 0.065 0.322454344191 0.695014737127 1 1 3 0.39 1
241 3 6 0 0 12.753 0.5 1.51352715492 0.0914704670997 1 bjorn  674.3440068140007 0.065 0.251414413721 0.922056687823 1 1 3 0.39 0
242 3 4.5 0 1 9.81 0.5 1.48402404785 0.0845700853098 1 bjorn  676.9680683780007 0.065 0.406925518033 0.899453962542 1 1 3 0.39 1
243 4 4.5 0 1 9.81 0.5 1.38581299782 -0.0136409647238 1 bjorn  679.5728293710017 0.065 0.438365715923 0.899453962542 1 1 3 0.39 1
244 3 4.5 0 1 11.2815 0.5 1.30778694153 0.0236602545666 1 bjorn  682.0609453690013 0.065 0.385128154316 0.784126686962 1 1 3 0.39 1
245 3 6 0 0 9.81 0.5 1.68712210655 -0.00443383218984 1 bjorn  684.4708393520013 0.065 0.343006665502 1.19155593874 1 1 3 0.39 0
246 3 6 0 1 6.867 0.5 2.34314799309 0.159391005512 1 bjorn  687.2547890820006 0.065 0.78540317238 1.68375698758 1 1 3 0.39 1
247 4 6 0 0 12.753 0.5 1.60071396828 0.178657280454 1 bjorn  690.6990196980005 0.065 0.273862267808 0.922056687823 1 1 3 0.39 0
248 4 6 0 1 9.81 0.5 1.73197293282 0.0404169940736 1 bjorn  693.3876123130012 0.065 0.559283376015 1.19155593874 1 1 3 0.39 1
249 4 4.5 0 0 8.3385 0.5 1.51155209541 -0.0430101336416 1 bjorn  696.2451120280002 0.065 0.268668511672 1.05456222905 1 1 3 0.39 0
250 4 4.5 0 0 6.867 0.5 1.86697816849 0.0926472936684 1 bjorn  698.8169446510019 0.065 0.360060928517 1.27433087482 1 1 3 0.39 0
251 3 4.5 0 0 11.2815 0.5 1.31143498421 0.0273082972454 1 bjorn  701.7947174090023 0.065 0.225613324423 0.784126686962 1 1 3 0.39 0
252 3 6 0 0 8.3385 0.5 1.93313002586 0.0376146278676 1 bjorn  704.20215689 0.065 0.379844539399 1.395515398 1 1 3 0.39 0
253 4 6 0 1 12.753 0.5 1.54398798943 0.121931301603 1 bjorn  707.2443037220019 0.065 0.446081758907 0.922056687823 1 1 3 0.39 1
254 4 6 0 0 11.2815 0.5 1.55117201805 0.0115501284329 1 bjorn  709.9018746429992 0.065 0.292018567621 1.03962188962 1 1 3 0.39 0
255 4 4.5 0 1 6.867 0.5 1.79083395004 0.0165030752236 1 bjorn  712.5404771939993 0.065 0.62050409572 1.27433087482 1 1 3 0.39 1
256 3 6 0 1 12.753 0.5 1.43653082848 0.0144741406531 1 bjorn  715.4317358749995 0.065 0.427662380162 0.922056687823 1 1 3 0.39 1
257 3 4.5 0 0 9.81 0.5 1.47919297218 0.0797390096414 1 bjorn  717.9805117609994 0.065 0.23830774913 0.899453962542 1 1 3 0.39 0
258 3 6 0 0 11.2815 0.5 1.54191088676 0.0022889971463 1 bjorn  720.5645026840011 0.065 0.289643295183 1.03962188962 1 1 3 0.39 0
259 3 4.5 0 1 8.3385 0.5 1.62478113174 0.0702189026896 1 bjorn  723.1986541640017 0.065 0.493061034136 1.05456222905 1 1 3 0.39 1
260 3 6 0 1 8.3385 0.5 1.8794529438 -0.0160624541942 1 bjorn  725.9262827090006 0.065 0.671085785316 1.395515398 1 1 3 0.39 1
261 3 6 0 1 11.2815 0.5 1.59605407715 0.0564321875302 1 bjorn  728.9061523210021 0.065 0.51032599011 1.03962188962 1 1 3 0.39 1
262 3 4.5 0 0 12.753 0.5 1.30368113518 0.10866639805 1 bjorn  731.5987843860003 0.065 0.186685828441 0.695014737127 1 1 3 0.39 0
263 4 6 0 1 8.3385 0.5 2.01910686493 0.123591466933 1 bjorn  733.9939338560016 0.065 0.659939273215 1.395515398 1 1 3 0.39 1
264 3 4.5 0 0 6.867 0.5 1.76029706001 -0.0140338148063 1 bjorn  737.1033575999991 0.065 0.381108539683 1.27433087482 1 1 3 0.39 0
265 4 6 0 0 8.3385 0.5 1.89921593666 0.0037005386647 1 bjorn  739.9712610980005 0.065 0.367395857149 1.395515398 1 1 3 0.39 0
266 3 4.5 0 1 6.867 0.5 1.77818512917 0.00385425434648 1 bjorn  742.9948999659991 0.065 0.634252175498 1.27433087482 1 1 3 0.39 1
267 4 4.5 0 0 12.753 0.5 1.29469799995 0.0996832628268 1 bjorn  745.8899842440023 0.065 0.202950149234 0.695014737127 1 1 3 0.39 0
268 4 4.5 0 1 8.3385 0.5 1.50376391411 -0.0507983149465 1 bjorn  748.2809788710019 0.065 0.520411716435 1.05456222905 1 1 3 0.39 1
269 4 6 0 0 6.867 0.5 2.34424114227 0.160484154697 1 bjorn  750.8980345430009 0.065 0.463879387966 1.68375698758 1 1 3 0.39 0
270 4 6 0 1 6.867 0.5 2.31655907631 0.132802088734 1 bjorn  754.3548762709997 0.065 0.830508768312 1.68375698758 1 1 3 0.39 1
271 3 6 0 1 9.81 0.5 1.72657012939 0.0350141906526 1 bjorn  757.776265216 0.065 0.594874217967 1.19155593874 1 1 3 0.39 1
272 3 4.5 0 0 8.3385 0.5 1.52899193764 -0.0255702914174 1 bjorn  760.6080492620003 0.065 0.264940525938 1.05456222905 1 1 3 0.39 0
273 4 4.5 0 1 12.753 0.5 1.27905511856 0.0840403814334 1 bjorn  763.2338957880002 0.065 0.346706601386 0.695014737127 1 1 3 0.39 1
274 4 4.5 0 1 11.2815 0.5 1.34018087387 0.0560541869091 1 bjorn  765.6104312180014 0.065 0.353467352144 0.784126686962 1 1 3 0.39 1
275 4 6 0 0 9.81 0.5 1.67306685448 -0.018489084265 1 bjorn  768.0708233419991 0.065 0.30290491217 1.19155593874 1 1 3 0.39 0
276 4 6 0 1 11.2815 0.5 1.63713598251 0.0975140928952 1 bjorn  770.8447833670016 0.065 0.513185745316 1.03962188962 1 1 3 0.39 1
277 4 4.5 0 0 11.2815 0.5 1.360435009 0.076308322041 1 bjorn  773.5982157490016 0.065 0.211121480417 0.784126686962 1 1 3 0.39 0
278 4 4.5 0 0 9.81 0.5 1.48005890846 0.0806049459207 1 bjorn  776.0901548519996 0.065 0.252943306594 0.899453962542 1 1 3 0.39 0
279 3 6 0 0 6.867 0.5 2.41038012505 0.22662313747 1 bjorn  778.6312541120005 0.065 0.501490007802 1.68375698758 1 1 3 0.39 0
280 3 6 0 1 6.867 0.5 2.34266805649 0.158911068912 1 bjorn  782.1486273540013 0.065 0.79992476917 1.68375698758 1 1 3 0.39 1
281 3 4.5 0 1 12.753 0.5 1.34521007538 0.150195338251 1 bjorn  785.5939225029997 0.065 0.331853418087 0.695014737127 1 1 3 0.39 1
282 3 6 0 1 9.81 0.5 1.75130009651 0.0597441577699 1 bjorn  788.0369285040015 0.065 0.562174287282 1.19155593874 1 1 3 0.39 1
283 4 6 0 1 11.2815 0.5 1.6607568264 0.121134936783 1 bjorn  790.8848292580024 0.065 0.500375903381 1.03962188962 1 1 3 0.39 1
284 3 4.5 0 1 6.867 0.5 1.70215392113 -0.0721769536918 1 bjorn  793.6329627030009 0.065 0.618131334904 1.27433087482 1 1 3 0.39 1
285 4 6 0 0 11.2815 0.5 1.59939002991 0.059768140289 1 bjorn  796.4361755200025 0.065 0.285725691465 1.03962188962 1 1 3 0.39 0
286 4 4.5 0 1 8.3385 0.5 1.57935786247 0.0247956334178 1 bjorn  799.136903476001 0.065 0.490214225643 1.05456222905 1 1 3 0.39 1
287 4 6 0 0 8.3385 0.5 1.92760801315 0.032092615157 1 bjorn  801.8193092620004 0.065 0.387404546999 1.395515398 1 1 3 0.39 0
288 4 4.5 0 1 9.81 0.5 1.34977006912 -0.0496838934195 1 bjorn  804.8422410799994 0.065 0.427023238189 0.899453962542 1 1 3 0.39 1
289 3 4.5 0 1 9.81 0.5 1.56043791771 0.160983955168 1 bjorn  807.2748371620019 0.065 0.419578054521 0.899453962542 1 1 3 0.39 1
290 3 6 0 1 8.3385 0.5 1.86875391006 -0.0267614879314 1 bjorn  809.941536114 0.065 0.636244288646 1.395515398 1 1 3 0.39 1
291 4 6 0 0 9.81 0.5 1.78149795532 0.0899420165803 1 bjorn  812.909114172 0.065 0.344183885019 1.19155593874 1 1 3 0.39 0
292 4 4.5 0 0 9.81 0.5 1.46087384224 0.0614198796976 1 bjorn  815.7924712900003 0.065 0.236362675501 0.899453962542 1 1 3 0.39 0
293 3 4.5 0 0 8.3385 0.5 1.55717802048 0.00261579142253 1 bjorn  818.3360407330019 0.065 0.297658338878 1.05456222905 1 1 3 0.39 0
294 4 6 0 0 6.867 0.5 2.35190582275 0.168148835178 1 bjorn  820.9790542909996 0.065 0.421295025987 1.68375698758 1 1 3 0.39 0
295 3 4.5 0 1 11.2815 0.5 8.04704499245 6.76291830549 1 bjorn  830.3443517729993 0.065 0.371483733603 0.784126686962 1 1 3 0.39 1
296 4 6 0 0 12.753 0.5 1.4674808979 0.0454242100806 1 bjorn  833.585155302002 0.065 0.248660714186 0.922056687823 1 1 3 0.39 0
297 3 6 0 0 6.867 0.5 2.15352916718 -0.0302278204002 1 bjorn  836.1431992830021 0.065 0.463871145864 1.68375698758 1 1 3 0.39 0
298 3 6 0 0 9.81 0.5 1.65991020203 -0.0316457367156 1 bjorn  839.4165385360011 0.065 0.330990197094 1.19155593874 1 1 3 0.39 0
299 3 4.5 0 0 12.753 0.5 1.23555922508 0.040544487955 1 bjorn  842.1776751430025 0.065 0.198906333883 0.695014737127 1 1 3 0.39 0
300 3 4.5 0 0 11.2815 0.5 1.37674999237 0.0926233054089 1 bjorn  844.5094356070022 0.065 0.229679348093 0.784126686962 1 1 3 0.39 0
301 4 4.5 0 0 12.753 0.5 1.29829192162 0.103277184488 1 bjorn  847.0083504580016 0.065 0.174045361079 0.695014737127 1 1 3 0.39 0
302 3 6 0 1 11.2815 0.5 1.48895096779 -0.0506709218295 1 bjorn  849.3729339460024 0.065 0.515962474148 1.03962188962 1 1 3 0.39 1
303 3 4.5 0 0 6.867 0.5 1.68740010262 -0.0869307722038 1 bjorn  851.9608255870025 0.065 0.365240279799 1.27433087482 1 1 3 0.39 0
304 3 6 0 1 12.753 0.5 1.52363491058 0.101578222761 1 bjorn  854.7703420890011 0.065 0.424159324876 0.922056687823 1 1 3 0.39 1
305 4 4.5 0 1 6.867 0.5 1.67317509651 -0.101155778307 1 bjorn  857.3914688640016 0.065 0.615118651072 1.27433087482 1 1 3 0.39 1
306 4 6 0 1 6.867 0.5 2.43591594696 0.252158959385 1 bjorn  860.1712224810017 0.065 0.824722790675 1.68375698758 1 1 3 0.39 1
307 3 4.5 0 1 8.3385 0.5 1.64406299591 0.0895007668559 1 bjorn  863.7095205370006 0.065 0.490836061039 1.05456222905 1 1 3 0.39 1
308 3 4.5 0 0 9.81 0.5 1.40276002884 0.00330606629732 1 bjorn  866.4771146879993 0.065 0.227213900942 0.899453962542 1 1 3 0.39 0
309 4 4.5 0 0 6.867 0.5 1.7575609684 -0.0167699064201 1 bjorn  868.9727295290013 0.065 0.373091524477 1.27433087482 1 1 3 0.39 0
310 4 4.5 0 1 12.753 0.5 1.22371506691 0.0287003297824 1 bjorn  871.8241613250011 0.065 0.319079057865 0.695014737127 1 1 3 0.39 1
311 4 4.5 0 0 11.2815 0.5 1.37318682671 0.0890601397442 1 bjorn  874.1494907409997 0.065 0.230002419175 0.784126686962 1 1 3 0.39 0
312 4 6 0 1 12.753 0.5 1.53853011131 0.11647342349 1 bjorn  876.6181191150008 0.065 0.432951681731 0.922056687823 1 1 3 0.39 1
313 4 4.5 0 1 11.2815 0.5 1.34439897537 0.0602722884106 1 bjorn  879.263395598 0.065 0.372761632534 0.784126686962 1 1 3 0.39 1
314 3 6 0 0 8.3385 0.5 2.06236290932 0.166847511321 1 bjorn  881.7085239419994 0.065 0.411828639441 1.395515398 1 1 3 0.39 0
315 4 6 0 1 8.3385 0.5 1.98064208031 0.0851266823109 1 bjorn  884.8655997299993 0.065 0.662490367421 1.395515398 1 1 3 0.39 1
316 4 4.5 0 0 8.3385 0.5 1.58875107765 0.0341888485972 1 bjorn  887.9467803790012 0.065 0.30616089027 1.05456222905 1 1 3 0.39 0
317 3 6 0 0 12.753 0.5 1.52901601791 0.106959330091 1 bjorn  890.6362331190012 0.065 0.237862117943 0.922056687823 1 1 3 0.39 0
318 4 6 0 1 9.81 0.5 1.82551908493 0.133963146188 1 bjorn  893.2908037380021 0.065 0.543174510318 1.19155593874 1 1 3 0.39 1
319 3 6 0 0 11.2815 0.5 1.56875395775 0.0291320681302 1 bjorn  896.1889367200001 0.065 0.306620375783 1.03962188962 1 1 3 0.39 0
