trial vx vy vz LongOcclusion g timeStill rTime TemporalError environment id pupiltime IOD OccludedTimeOfTrajectory FlightDuration Drag DragFirst block accuracy LongOcclusion
0 4 4.5 0 1 -9.81 0.5 4.63493895531 3.23548499277 1 Rodolfo  2.269095079998806 0.062 0.429167607185 0.899453962542 1 1 4 0.91 1
1 3 6 0 0 -9.81 0.5 1.84735298157 0.155797042825 1 Rodolfo  8.002831788999174 0.062 0.30786447604 1.19155593874 1 1 4 0.91 0
2 3 4.5 0 0 -9.81 0.5 1.56270313263 0.163249170088 1 Rodolfo  10.97219149800003 0.062 0.256570562228 0.899453962542 1 1 4 0.91 0
3 4 4.5 0 0 -9.81 0.5 1.55189704895 0.152443086408 1 Rodolfo  13.633992058999866 0.062 0.267381378226 0.899453962542 1 1 4 0.91 0
4 4 6 0 0 -9.81 0.5 1.77625107765 0.08469513891 1 Rodolfo  16.317003970998485 0.062 0.338827810115 1.19155593874 1 1 4 0.91 0
5 4 4.5 0 1 9.81 0.5 1.3493411541 -0.0501128084433 1 Rodolfo  19.21167049200085 0.062 0.447275420138 0.899453962542 1 1 4 0.91 1
6 3 6 0 0 9.81 0.5 1.78306007385 0.0915041351106 1 Rodolfo  21.67164974700063 0.062 0.349637621474 1.19155593874 1 1 4 0.91 0
7 3 4.5 0 1 -9.81 0.5 1.81768298149 0.418229018949 1 Rodolfo  24.56052214599913 0.062 0.42882591208 0.899453962542 1 1 4 0.91 1
8 4 6 0 1 -9.81 0.5 1.7119281292 0.0203721904542 1 Rodolfo  27.489710018999176 0.062 0.546458300915 1.19155593874 1 1 4 0.91 1
9 4 4.5 0 0 9.81 0.5 1.3182849884 -0.0811689741385 1 Rodolfo  30.300334706000285 0.062 0.225103005548 0.899453962542 1 1 4 0.91 0
10 3 6 0 1 -9.81 0.5 1.57432794571 -0.117227993033 1 Rodolfo  32.73968018300002 0.062 0.587871708329 1.19155593874 1 1 4 0.91 1
11 4 6 0 1 9.81 0.5 1.61246585846 -0.0790900802825 1 Rodolfo  35.414021977998345 0.062 0.58175114371 1.19155593874 1 1 4 0.91 1
12 3 4.5 0 0 9.81 0.5 1.64425611496 0.244802152418 1 Rodolfo  38.10163147699859 0.062 0.225327176519 0.899453962542 1 1 4 0.91 0
13 3 4.5 0 1 9.81 0.5 1.38015294075 -0.0193010217917 1 Rodolfo  40.849355139998806 0.062 0.407956467256 0.899453962542 1 1 4 0.91 1
14 4 6 0 0 9.81 0.5 1.64845705032 -0.0430988884185 1 Rodolfo  43.338364606999676 0.062 0.336782231298 1.19155593874 1 1 4 0.91 0
15 3 6 0 1 9.81 0.5 1.58681416512 -0.104741773627 1 Rodolfo  46.103126586000144 0.062 0.572874435578 1.19155593874 1 1 4 0.91 1
16 3 6 0 0 -9.81 0.5 1.52804422379 -0.163511714957 1 Rodolfo  48.80134705000091 0.062 0.334179913315 1.19155593874 1 1 4 0.91 0
17 4 6 0 0 -9.81 0.5 1.86880803108 0.17725209234 1 Rodolfo  51.4495402629982 0.062 0.352107608795 1.19155593874 1 1 4 0.91 0
18 3 6 0 1 9.81 0.5 1.60105609894 -0.090499839804 1 Rodolfo  54.4175115959988 0.062 0.586140994449 1.19155593874 1 1 4 0.91 1
19 4 6 0 1 9.81 0.5 1.48032093048 -0.211235008261 1 Rodolfo  57.142561672997545 0.062 0.582757095489 1.19155593874 1 1 4 0.91 1
20 4 4.5 0 1 -9.81 0.5 1.44064903259 0.041195070051 1 Rodolfo  59.7348361789991 0.062 0.438404375339 0.899453962542 1 1 4 0.91 1
21 3 4.5 0 1 9.81 0.5 1.28483295441 -0.114621008135 1 Rodolfo  62.2879824369993 0.062 0.424458246586 0.899453962542 1 1 4 0.91 1
22 3 4.5 0 0 -9.81 0.5 1.51661086082 0.117156898283 1 Rodolfo  64.67773503499848 0.062 0.24368286931 0.899453962542 1 1 4 0.91 0
23 4 6 0 0 9.81 0.5 1.75335001945 0.061794080713 1 Rodolfo  67.31016960999841 0.062 0.326626176129 1.19155593874 1 1 4 0.91 0
24 4 6 0 1 -9.81 0.5 1.70000600815 0.00845006940623 1 Rodolfo  70.18914182499793 0.062 0.58253688446 1.19155593874 1 1 4 0.91 1
25 3 4.5 0 1 -9.81 0.5 1.44685912132 0.0474051587808 1 Rodolfo  72.98976870999832 0.062 0.419533274631 0.899453962542 1 1 4 0.91 1
26 4 4.5 0 0 9.81 0.5 1.53718209267 0.137728130125 1 Rodolfo  75.55690794999828 0.062 0.250312750391 0.899453962542 1 1 4 0.91 0
27 3 6 0 1 -9.81 0.5 1.40830421448 -0.283251724264 1 Rodolfo  78.21012865800003 0.062 0.567118076116 1.19155593874 1 1 4 0.91 1
28 4 4.5 0 0 -9.81 0.5 1.4418361187 0.0423821561563 1 Rodolfo  80.73791027300103 0.062 0.263457014988 0.899453962542 1 1 4 0.91 0
29 3 6 0 0 9.81 0.5 1.7509458065 0.0593898677613 1 Rodolfo  83.25214171300104 0.062 0.328120740317 1.19155593874 1 1 4 0.91 0
30 3 4.5 0 0 9.81 0.5 1.39974617958 0.000292217038892 1 Rodolfo  86.11258846299825 0.062 0.250801781008 0.899453962542 1 1 4 0.91 0
31 4 4.5 0 1 9.81 0.5 1.41992998123 0.0204760186899 1 Rodolfo  88.61435481800072 0.062 0.418464214278 0.899453962542 1 1 4 0.91 1
32 3 4.5 0 0 -9.81 0.5 1.54936695099 0.149912988447 1 Rodolfo  91.15460073199938 0.062 0.245280778858 0.899453962542 1 1 4 0.91 0
33 4 4.5 0 1 9.81 0.5 1.3252120018 -0.0742419607413 1 Rodolfo  93.83245154199903 0.062 0.443944025663 0.899453962542 1 1 4 0.91 1
34 4 6 0 0 -9.81 0.5 1.8277220726 0.136166133859 1 Rodolfo  96.26317874400047 0.062 0.306269371707 1.19155593874 1 1 4 0.91 0
35 3 6 0 0 9.81 0.5 1.86476397514 0.173208036401 1 Rodolfo  99.21176867999748 0.062 0.337755192372 1.19155593874 1 1 4 0.91 0
36 3 4.5 0 0 9.81 0.5 1.64417290688 0.244718944334 1 Rodolfo  102.18467072299973 0.062 0.264807623214 0.899453962542 1 1 4 0.91 0
37 4 6 0 1 -9.81 0.5 1.66195011139 -0.0296058273528 1 Rodolfo  104.94990728799894 0.062 0.547861352612 1.19155593874 1 1 4 0.91 1
38 3 6 0 1 -9.81 0.5 1.68585300446 -0.0057029342864 1 Rodolfo  107.74106566900082 0.062 0.572423194325 1.19155593874 1 1 4 0.91 1
39 4 6 0 0 9.81 0.5 1.62046003342 -0.0710959053252 1 Rodolfo  110.53719924499819 0.062 0.348587735446 1.19155593874 1 1 4 0.91 0
40 3 4.5 0 1 -9.81 0.5 1.48049712181 0.0810431592691 1 Rodolfo  113.25639868899816 0.062 0.410233391991 0.899453962542 1 1 4 0.91 1
41 3 4.5 0 1 9.81 0.5 1.45516109467 0.0557071321237 1 Rodolfo  115.85234726099952 0.062 0.406736880452 0.899453962542 1 1 4 0.91 1
42 4 4.5 0 1 -9.81 0.5 1.94001793861 0.540563976072 1 Rodolfo  118.41016024900091 0.062 0.427789875438 0.899453962542 1 1 4 0.91 1
43 4 4.5 0 0 9.81 0.5 1.36777305603 -0.0316809065115 1 Rodolfo  121.45621247099916 0.062 0.268996110147 0.899453962542 1 1 4 0.91 0
44 3 6 0 0 -9.81 0.5 1.39689683914 -0.2946590996 1 Rodolfo  123.94114952399832 0.062 0.350287312014 1.19155593874 1 1 4 0.91 0
45 3 6 0 1 9.81 0.5 1.646089077 -0.0454668617461 1 Rodolfo  126.41659314400022 0.062 0.595501822157 1.19155593874 1 1 4 0.91 1
46 4 4.5 0 0 -9.81 0.5 1.61323904991 0.21378508737 1 Rodolfo  129.19390269299765 0.062 0.241217237036 0.899453962542 1 1 4 0.91 0
47 4 6 0 1 9.81 0.5 1.93414998055 0.242594041803 1 Rodolfo  131.91401375200076 0.062 0.546868811535 1.19155593874 1 1 4 0.91 1
48 4 6 0 0 9.81 0.5 1.8315141201 0.13995818136 1 Rodolfo  134.94255074800094 0.062 0.350812186434 1.19155593874 1 1 4 0.91 0
49 3 6 0 0 9.81 0.5 1.562915802 -0.12864013674 1 Rodolfo  137.86579613899812 0.062 0.350247458998 1.19155593874 1 1 4 0.91 0
50 3 4.5 0 1 9.81 0.5 1.40167784691 0.00222388436677 1 Rodolfo  140.50247271099943 0.062 0.440475985563 0.899453962542 1 1 4 0.91 1
51 3 6 0 1 -9.81 0.5 1.63443899155 -0.0571169471953 1 Rodolfo  143.01184629400086 0.062 0.570323564138 1.19155593874 1 1 4 0.91 1
52 3 6 0 1 9.81 0.5 1.60038399696 -0.0911719417785 1 Rodolfo  145.75392190300045 0.062 0.56024776895 1.19155593874 1 1 4 0.91 1
53 4 4.5 0 0 9.81 0.5 1.3511531353 -0.0483008272421 1 Rodolfo  148.46479103399906 0.062 0.234120797989 0.899453962542 1 1 4 0.91 0
54 3 6 0 0 -9.81 0.5 1.8218331337 0.130277194956 1 Rodolfo  150.93319144899942 0.062 0.315031889867 1.19155593874 1 1 4 0.91 0
55 4 4.5 0 1 9.81 0.5 1.42177200317 0.022318040632 1 Rodolfo  153.8657192009996 0.062 0.406408119074 0.899453962542 1 1 4 0.91 1
56 4 6 0 1 9.81 0.5 1.52832794189 -0.163227996847 1 Rodolfo  156.3888925249994 0.062 0.593839093814 1.19155593874 1 1 4 0.91 1
57 4 6 0 1 -9.81 0.5 5.15702581406 3.46546987531 1 Rodolfo  159.03069793000031 0.062 0.588586418306 1.19155593874 1 1 4 0.91 1
58 4 6 0 0 -9.81 0.5 7.98700094223 6.29544500349 1 Rodolfo  165.27646249399913 0.062 0.34118145307 1.19155593874 1 1 4 0.91 0
59 4 4.5 0 1 -9.81 0.5 1.44982600212 0.0503720395792 1 Rodolfo  174.3655480319976 0.062 0.411844316501 0.899453962542 1 1 4 0.91 1
60 4 4.5 0 0 -9.81 0.5 1.2606780529 -0.13877590964 1 Rodolfo  176.9498067679997 0.062 0.253955463596 0.899453962542 1 1 4 0.91 0
61 3 4.5 0 0 -9.81 0.5 1.6367790699 0.237325107359 1 Rodolfo  179.29936249899765 0.062 0.262924307254 0.899453962542 1 1 4 0.91 0
62 3 4.5 0 1 -9.81 0.5 1.40922403336 0.00977007081392 1 Rodolfo  182.04958665899903 0.062 0.419089234391 0.899453962542 1 1 4 0.91 1
63 3 4.5 0 0 9.81 0.5 1.44114613533 0.0416921727884 1 Rodolfo  184.58071606399972 0.062 0.248896939534 0.899453962542 1 1 4 0.91 0
64 4 4.5 0 0 -9.81 0.5 1.65739798546 0.257944022917 1 Rodolfo  187.13190736400065 0.062 0.235854628931 0.899453962542 1 1 4 0.91 0
65 4 6 0 1 9.81 0.5 1.50652694702 -0.18502899172 1 Rodolfo  189.86700746399947 0.062 0.558912250995 1.19155593874 1 1 4 0.91 1
66 4 4.5 0 1 9.81 0.5 1.43793916702 0.0384852044809 1 Rodolfo  192.50842170100077 0.062 0.406209050384 0.899453962542 1 1 4 0.91 1
67 4 6 0 0 -9.81 0.5 1.4596850872 -0.231870851538 1 Rodolfo  195.03578840699993 0.062 0.30152590248 1.19155593874 1 1 4 0.91 0
68 3 6 0 0 9.81 0.5 1.70643281937 0.0148768806245 1 Rodolfo  197.6139587990001 0.062 0.312312163481 1.19155593874 1 1 4 0.91 0
69 3 4.5 0 1 9.81 0.5 1.3734960556 -0.0259579069388 1 Rodolfo  200.4089381039994 0.062 0.423374156397 0.899453962542 1 1 4 0.91 1
70 3 6 0 1 9.81 0.5 1.66394114494 -0.0276147937987 1 Rodolfo  202.89725303399973 0.062 0.591869535763 1.19155593874 1 1 4 0.91 1
71 3 6 0 1 -9.81 0.5 1.63594603539 -0.0556099033568 1 Rodolfo  205.66006302000096 0.062 0.560519315923 1.19155593874 1 1 4 0.91 1
72 3 4.5 0 0 -9.81 0.5 1.56204009056 0.162586128019 1 Rodolfo  208.4171347449992 0.062 0.242356372811 0.899453962542 1 1 4 0.91 0
73 3 6 0 0 -9.81 0.5 1.86130785942 0.169751920679 1 Rodolfo  211.09644611099793 0.062 0.302475297398 1.19155593874 1 1 4 0.91 0
74 4 4.5 0 1 -9.81 0.5 1.84897780418 0.449523841642 1 Rodolfo  214.0613262179977 0.062 0.436365495369 0.899453962542 1 1 4 0.91 1
75 4 4.5 0 0 9.81 0.5 1.57575798035 0.176304017805 1 Rodolfo  216.98418538400074 0.062 0.242990483434 0.899453962542 1 1 4 0.91 0
76 3 4.5 0 1 -9.81 0.5 1.44255185127 0.0430978887308 1 Rodolfo  219.67165370300063 0.062 0.443311799282 0.899453962542 1 1 4 0.91 1
77 4 6 0 1 -9.81 0.5 1.6173620224 -0.0741939163421 1 Rodolfo  222.2209436560006 0.062 0.548439530601 1.19155593874 1 1 4 0.91 1
78 3 4.5 0 0 9.81 0.5 1.67751312256 0.278059160017 1 Rodolfo  224.95355342699986 0.062 0.261342233323 0.899453962542 1 1 4 0.91 0
79 4 6 0 0 9.81 0.5 1.84232497215 0.150769033411 1 Rodolfo  227.74616019300083 0.062 0.332736498939 1.19155593874 1 1 4 0.91 0
80 3 6 0 0 -9.81 0.5 1.52064585686 -0.170910081885 1 Rodolfo  230.6922836449994 0.062 0.353087239233 1.19155593874 1 1 4 0.91 0
81 4 6 0 1 -9.81 0.5 1.6645450592 -0.0270108795379 1 Rodolfo  233.32388335699943 0.062 0.571162656005 1.19155593874 1 1 4 0.91 1
82 4 6 0 0 9.81 0.5 1.76942300797 0.0778670692231 1 Rodolfo  236.09230241899786 0.062 0.329714537989 1.19155593874 1 1 4 0.91 0
83 3 4.5 0 0 9.81 0.5 1.46462893486 0.0651749723184 1 Rodolfo  238.96680736199778 0.062 0.254654537946 0.899453962542 1 1 4 0.91 0
84 4 4.5 0 0 9.81 0.5 1.42836093903 0.0289069764841 1 Rodolfo  241.5624394459992 0.062 0.237098877246 0.899453962542 1 1 4 0.91 0
85 3 6 0 0 9.81 0.5 1.86430597305 0.172750034311 1 Rodolfo  244.11966061599742 0.062 0.304644964603 1.19155593874 1 1 4 0.91 0
86 3 6 0 1 9.81 0.5 1.49744105339 -0.194114885351 1 Rodolfo  247.0981949729976 0.062 0.536697441903 1.19155593874 1 1 4 0.91 1
87 3 4.5 0 1 -9.81 0.5 1.40782499313 0.00837103059175 1 Rodolfo  250.07474469799854 0.062 0.44428785912 0.899453962542 1 1 4 0.91 1
88 3 6 0 1 -9.81 0.5 1.676872015 -0.0146839237426 1 Rodolfo  252.2149115100001 0.062 0.59023553824 1.19155593874 1 1 4 0.91 1
89 3 4.5 0 1 9.81 0.5 4.86800384521 3.46854988267 1 Rodolfo  254.99779036499967 0.062 0.442758890807 0.899453962542 1 1 4 0.91 1
90 4 6 0 0 -9.81 0.5 1.8667318821 0.175175943353 1 Rodolfo  260.93720444299834 0.062 0.29966214293 1.19155593874 1 1 4 0.91 0
91 4 4.5 0 1 9.81 0.5 1.29607510567 -0.103378856875 1 Rodolfo  263.9091834440005 0.062 0.414340864814 0.899453962542 1 1 4 0.91 1
92 3 4.5 0 0 -9.81 0.5 1.58635187149 0.186897908949 1 Rodolfo  266.3185192359997 0.062 0.229460488895 0.899453962542 1 1 4 0.91 0
93 4 6 0 1 9.81 0.5 1.57184791565 -0.119708023093 1 Rodolfo  269.00394002100074 0.062 0.545490076294 1.19155593874 1 1 4 0.91 1
94 4 4.5 0 0 -9.81 0.5 1.56091189384 0.161457931303 1 Rodolfo  271.6633636509978 0.062 0.252814139718 0.899453962542 1 1 4 0.91 0
95 4 4.5 0 1 -9.81 0.5 1.38708496094 -0.0123690016043 1 Rodolfo  274.3295206389994 0.062 0.44273714622 0.899453962542 1 1 4 0.91 1
96 4 4.5 0 1 -9.81 0.5 1.63164186478 0.232187902235 1 Rodolfo  276.8235128339984 0.062 0.419643752302 0.899453962542 1 1 4 0.91 1
97 3 4.5 0 0 -9.81 0.5 1.50823307037 0.108779107832 1 Rodolfo  279.57569810899804 0.062 0.254522499755 0.899453962542 1 1 4 0.91 0
98 3 6 0 1 -9.81 0.5 1.68980002403 -0.00175591470937 1 Rodolfo  282.1713805489999 0.062 0.575911542544 1.19155593874 1 1 4 0.91 1
99 3 4.5 0 1 9.81 0.5 1.36711502075 -0.0323389417898 1 Rodolfo  284.93479065000065 0.062 0.421572343934 0.899453962542 1 1 4 0.91 1
100 4 6 0 1 9.81 0.5 1.42231106758 -0.269244871161 1 Rodolfo  287.4180850199991 0.062 0.594939628563 1.19155593874 1 1 4 0.91 1
101 3 4.5 0 0 9.81 0.5 1.38357686996 -0.0158770925772 1 Rodolfo  289.92411181499847 0.062 0.253102931876 0.899453962542 1 1 4 0.91 0
102 4 4.5 0 0 9.81 0.5 1.44318413734 0.0437301748026 1 Rodolfo  292.41862234200016 0.062 0.248436161096 0.899453962542 1 1 4 0.91 0
103 3 6 0 1 9.81 0.5 1.63798689842 -0.0535690403197 1 Rodolfo  294.96726784099883 0.062 0.573342947253 1.19155593874 1 1 4 0.91 1
104 3 4.5 0 1 -9.81 0.5 1.44323301315 0.0437790506113 1 Rodolfo  297.70397513900025 0.062 0.422837186602 0.899453962542 1 1 4 0.91 1
105 4 4.5 0 1 9.81 0.5 1.41664814949 0.0171941869486 1 Rodolfo  300.24227556999904 0.062 0.41129024942 0.899453962542 1 1 4 0.91 1
106 4 6 0 0 9.81 0.5 2.04051804543 0.348962106683 1 Rodolfo  302.76245670999924 0.062 0.34873819459 1.19155593874 1 1 4 0.91 0
107 3 6 0 0 -9.81 0.5 1.80820679665 0.116650857904 1 Rodolfo  305.9114542469979 0.062 0.324313748219 1.19155593874 1 1 4 0.91 0
108 3 6 0 0 9.81 0.5 1.6018280983 -0.0897278404448 1 Rodolfo  308.8098659030002 0.062 0.336014105938 1.19155593874 1 1 4 0.91 0
109 4 4.5 0 0 -9.81 0.5 1.52532911301 0.125875150465 1 Rodolfo  311.4939880540005 0.062 0.26294963243 0.899453962542 1 1 4 0.91 0
110 4 6 0 1 -9.81 0.5 1.89006996155 0.198514022806 1 Rodolfo  314.132921856999 0.062 0.57339371415 1.19155593874 1 1 4 0.91 1
111 4 6 0 0 -9.81 0.5 1.51086902618 -0.180686912558 1 Rodolfo  317.1212294459983 0.062 0.348158634327 1.19155593874 1 1 4 0.91 0
112 4 6 0 0 -9.81 0.5 1.87040185928 0.178845920541 1 Rodolfo  319.7043183909991 0.062 0.308803061575 1.19155593874 1 1 4 0.91 0
113 3 4.5 0 0 -9.81 0.5 1.59647703171 0.197023069166 1 Rodolfo  322.706240962998 0.062 0.258765162374 0.899453962542 1 1 4 0.91 0
114 3 6 0 1 -9.81 0.5 1.59313797951 -0.0984179592345 1 Rodolfo  325.40475993899963 0.062 0.569432531452 1.19155593874 1 1 4 0.91 1
115 4 4.5 0 1 9.81 0.5 1.43257212639 0.0331181638468 1 Rodolfo  328.09912432299825 0.062 0.411341687356 0.899453962542 1 1 4 0.91 1
116 4 6 0 1 9.81 0.5 1.59639906883 -0.0951568699096 1 Rodolfo  330.61564446699776 0.062 0.564775477693 1.19155593874 1 1 4 0.91 1
117 4 4.5 0 1 -9.81 0.5 1.44905686378 0.049602901243 1 Rodolfo  333.31821010899876 0.062 0.426955294664 0.899453962542 1 1 4 0.91 1
118 3 6 0 0 9.81 0.5 1.50766301155 -0.183892927191 1 Rodolfo  335.8705336029998 0.062 0.317034044385 1.19155593874 1 1 4 0.91 0
119 4 4.5 0 0 9.81 0.5 1.45369195938 0.0542379968393 1 Rodolfo  338.4955138839978 0.062 0.246136995076 0.899453962542 1 1 4 0.91 0
120 3 4.5 0 0 9.81 0.5 1.38594818115 -0.0135057813895 1 Rodolfo  341.6066974139976 0.062 0.262230148871 0.899453962542 1 1 4 0.91 0
121 3 6 0 1 9.81 0.5 1.54510211945 -0.146453819296 1 Rodolfo  343.5087305889974 0.062 0.550143452618 1.19155593874 1 1 4 0.91 1
122 3 4.5 0 1 -9.81 0.5 1.44067692757 0.0412229650247 1 Rodolfo  346.1540639829982 0.062 0.437173760815 0.899453962542 1 1 4 0.91 1
123 4 6 0 1 -9.81 0.5 1.59328985214 -0.0982660865996 1 Rodolfo  348.703172466001 0.062 0.579957138294 1.19155593874 1 1 4 0.91 1
124 4 4.5 0 0 -9.81 0.5 1.76364612579 0.364192163252 1 Rodolfo  351.3738769429983 0.062 0.231062787313 0.899453962542 1 1 4 0.91 0
125 4 6 0 0 9.81 0.5 1.59904909134 -0.0925068474029 1 Rodolfo  354.25222873299936 0.062 0.347077734601 1.19155593874 1 1 4 0.91 0
126 3 4.5 0 1 9.81 0.5 5.84108281136 4.44162884881 1 Rodolfo  356.9667013340004 0.062 0.441955660699 0.899453962542 1 1 4 0.91 1
127 3 6 0 0 -9.81 0.5 1.83798408508 0.146428146341 1 Rodolfo  363.92087632499897 0.062 0.326291250803 1.19155593874 1 1 4 0.91 0
128 3 4.5 0 0 -9.81 0.5 1.61272501945 0.213271056913 1 Rodolfo  366.8659996179995 0.062 0.233841467271 0.899453962542 1 1 4 0.91 0
129 4 4.5 0 0 9.81 0.5 1.47157716751 0.0721232049692 1 Rodolfo  369.60854422600096 0.062 0.25477996329 0.899453962542 1 1 4 0.91 0
130 3 6 0 1 9.81 0.5 1.69446492195 0.00290898320933 1 Rodolfo  372.1824864400005 0.062 0.549910876525 1.19155593874 1 1 4 0.91 1
131 4 6 0 1 9.81 0.5 1.62475609779 -0.0667998409484 1 Rodolfo  375.0080634629994 0.062 0.544956567142 1.19155593874 1 1 4 0.91 1
132 3 6 0 0 9.81 0.5 1.24078297615 -0.450772962591 1 Rodolfo  377.7294892719983 0.062 0.3251779144 1.19155593874 1 1 4 0.91 0
133 4 4.5 0 0 -9.81 0.5 1.55722403526 0.157770072721 1 Rodolfo  380.05132827499983 0.062 0.2690691216 0.899453962542 1 1 4 0.91 0
134 3 4.5 0 1 9.81 0.5 1.28720903397 -0.112244928576 1 Rodolfo  382.721813827 0.062 0.417891640599 0.899453962542 1 1 4 0.91 1
135 3 6 0 0 -9.81 0.5 1.86434197426 0.172786035516 1 Rodolfo  385.0794404749977 0.062 0.338742951345 1.19155593874 1 1 4 0.91 0
136 3 4.5 0 0 9.81 0.5 1.29548406601 -0.103969896532 1 Rodolfo  388.06908009199833 0.062 0.24554281025 0.899453962542 1 1 4 0.91 0
137 3 6 0 1 -9.81 0.5 1.54425406456 -0.147301874182 1 Rodolfo  390.48190947200055 0.062 0.585077720045 1.19155593874 1 1 4 0.91 1
138 4 6 0 0 -9.81 0.5 1.87767386436 0.186117925623 1 Rodolfo  393.12592719799795 0.062 0.307859207966 1.19155593874 1 1 4 0.91 0
139 4 6 0 1 -9.81 0.5 1.51656293869 -0.174993000052 1 Rodolfo  396.11442980100037 0.062 0.549779513893 1.19155593874 1 1 4 0.91 1
140 4 6 0 0 9.81 0.5 1.31667089462 -0.374885044119 1 Rodolfo  398.75101219099815 0.062 0.329209509209 1.19155593874 1 1 4 0.91 0
141 4 4.5 0 1 -9.81 0.5 1.38650584221 -0.0129481203329 1 Rodolfo  401.17894873600017 0.062 0.419215197829 0.899453962542 1 1 4 0.91 1
142 3 4.5 0 1 -9.81 0.5 1.42848491669 0.0290309541452 1 Rodolfo  403.6863155889987 0.062 0.442585724147 0.899453962542 1 1 4 0.91 1
143 4 4.5 0 1 9.81 0.5 1.39010906219 -0.00934490034697 1 Rodolfo  406.20457449400055 0.062 0.408286537646 0.899453962542 1 1 4 0.91 1
144 3 6 0 1 9.81 0.5 1.53706789017 -0.154488048575 1 Rodolfo  408.6948420419976 0.062 0.538927953678 1.19155593874 1 1 4 0.91 1
145 3 4.5 0 0 -9.81 0.5 1.55060005188 0.151146089338 1 Rodolfo  411.33407078099845 0.062 0.225802573215 0.899453962542 1 1 4 0.91 0
146 4 6 0 1 -9.81 0.5 2.8842921257 1.19273618696 1 Rodolfo  413.96240400199895 0.062 0.576943882133 1.19155593874 1 1 4 0.91 1
147 4 4.5 0 0 9.81 0.5 1.27932405472 -0.120129907824 1 Rodolfo  417.97790995099786 0.062 0.261269564906 0.899453962542 1 1 4 0.91 0
148 3 6 0 0 9.81 0.5 1.42948913574 -0.262066803 1 Rodolfo  420.3708084989994 0.062 0.302877587617 1.19155593874 1 1 4 0.91 0
149 4 4.5 0 0 -9.81 0.5 1.70796489716 0.308510934614 1 Rodolfo  422.9073592450004 0.062 0.233173104496 0.899453962542 1 1 4 0.91 0
150 4 6 0 0 -9.81 0.5 1.70796489716 0.308510934614 1 Rodolfo  425.53582322799775 0.062 0.339811184482 1.19155593874 1 1 4 0.91 0
151 4 4.5 0 1 -9.81 0.5 1.28219103813 -0.11726292441 1 Rodolfo  425.73506849099795 0.062 0.440488320287 0.899453962542 1 1 4 0.91 1
152 3 4.5 0 0 9.81 0.5 1.35720205307 -0.0422519094717 1 Rodolfo  428.1330977059988 0.062 0.239899589077 0.899453962542 1 1 4 0.91 0
153 3 6 0 1 -9.81 0.5 1.60348296165 -0.0880729770873 1 Rodolfo  430.5915302659996 0.062 0.5951233666 1.19155593874 1 1 4 0.91 1
154 4 6 0 1 9.81 0.5 1.59252691269 -0.0990290260528 1 Rodolfo  433.3010714890006 0.062 0.564557257955 1.19155593874 1 1 4 0.91 1
155 3 4.5 0 1 9.81 0.5 1.45805001259 0.0585960500467 1 Rodolfo  435.9879911989992 0.062 0.445730040984 0.899453962542 1 1 4 0.91 1
156 4 6 0 0 9.81 0.5 1.83878612518 0.147230186441 1 Rodolfo  438.5765969540007 0.062 0.317049887758 1.19155593874 1 1 4 0.91 0
157 4 4.5 0 1 9.81 0.5 1.35427308083 -0.045180881716 1 Rodolfo  441.54216955899756 0.062 0.430345049631 0.899453962542 1 1 4 0.91 1
158 3 4.5 0 1 -9.81 0.5 1.4028429985 0.00338903596284 1 Rodolfo  444.0177999660009 0.062 0.446584751322 0.899453962542 1 1 4 0.91 1
159 3 6 0 0 -9.81 0.5 1.84834885597 0.15679291723 1 Rodolfo  446.5402259170005 0.062 0.351126658164 1.19155593874 1 1 4 0.91 0
160 3 4.5 0 0 -9.81 0.5 1.50139403343 0.10194007089 1 Rodolfo  449.5067800539982 0.062 0.267847761092 0.899453962542 1 1 4 0.91 0
161 3 4.5 0 1 9.81 0.5 1.54348707199 0.144033109449 1 Rodolfo  452.1096526779984 0.062 0.417436682282 0.899453962542 1 1 4 0.91 1
162 3 4.5 0 0 9.81 0.5 1.31744217873 -0.0820117838156 1 Rodolfo  454.74963308299994 0.062 0.225030816818 0.899453962542 1 1 4 0.91 0
163 3 6 0 1 -9.81 0.5 1.67128896713 -0.0202669716094 1 Rodolfo  457.17769912400036 0.062 0.562554633601 1.19155593874 1 1 4 0.91 1
164 4 6 0 0 9.81 0.5 1.83901810646 0.147462167719 1 Rodolfo  459.95958321599755 0.062 0.316770934886 1.19155593874 1 1 4 0.91 0
165 4 6 0 1 -9.81 0.5 1.58607506752 -0.105480871222 1 Rodolfo  462.921431589999 0.062 0.555686252459 1.19155593874 1 1 4 0.91 1
166 3 4.5 0 1 -9.81 0.5 1.43743109703 0.0379771344888 1 Rodolfo  465.5823165189977 0.062 0.422451778877 0.899453962542 1 1 4 0.91 1
167 3 6 0 0 -9.81 0.5 1.44039106369 -0.251164875052 1 Rodolfo  468.13090442500106 0.062 0.304932791756 1.19155593874 1 1 4 0.91 0
168 4 6 0 0 -9.81 0.5 1.85847496986 0.166919031122 1 Rodolfo  470.6844521969979 0.062 0.349930082545 1.19155593874 1 1 4 0.91 0
169 4 4.5 0 0 -9.81 0.5 1.56716895103 0.167714988493 1 Rodolfo  473.6294630589982 0.062 0.241294363394 0.899453962542 1 1 4 0.91 0
170 4 4.5 0 1 9.81 0.5 1.45707297325 0.0576190107095 1 Rodolfo  476.3017554350008 0.062 0.429793749071 0.899453962542 1 1 4 0.91 1
171 3 6 0 1 9.81 0.5 2.33826708794 0.646711149194 1 Rodolfo  478.8631028710006 0.062 0.549921327298 1.19155593874 1 1 4 0.91 1
172 4 6 0 1 9.81 0.5 1.88724398613 0.195688047388 1 Rodolfo  482.2860938619997 0.062 0.582421958947 1.19155593874 1 1 4 0.91 1
173 3 6 0 0 9.81 0.5 1.61328887939 -0.0782670593474 1 Rodolfo  485.2813739339981 0.062 0.330691697771 1.19155593874 1 1 4 0.91 0
174 4 4.5 0 0 9.81 0.5 1.54138708115 0.141933118604 1 Rodolfo  488.0219002070007 0.062 0.236442519414 0.899453962542 1 1 4 0.91 0
175 4 4.5 0 1 -9.81 0.5 1.46809005737 0.0686360948313 1 Rodolfo  490.6760806489983 0.062 0.431370888264 0.899453962542 1 1 4 0.91 1
176 3 4.5 0 0 9.81 0.5 2.6691839695 1.26973000696 1 Rodolfo  493.2496658880009 0.062 0.247787422483 0.899453962542 1 1 4 0.91 0
177 4 4.5 0 0 9.81 0.5 1.28313612938 -0.116317833163 1 Rodolfo  497.02471708399753 0.062 0.263308876672 0.899453962542 1 1 4 0.91 0
178 4 4.5 0 0 -9.81 0.5 1.1329741478 -0.266479814745 1 Rodolfo  499.37897504099965 0.062 0.264766272648 0.899453962542 1 1 4 0.91 0
179 4 4.5 0 1 9.81 0.5 1.16828203201 -0.231171930529 1 Rodolfo  501.6083313550007 0.062 0.436104887032 0.899453962542 1 1 4 0.91 1
180 3 6 0 0 9.81 0.5 1.80715203285 0.11559609411 1 Rodolfo  503.88399046999984 0.062 0.354849398404 1.19155593874 1 1 4 0.91 0
181 4 6 0 0 9.81 0.5 1.6081840992 -0.0833718395446 1 Rodolfo  506.7930132250003 0.062 0.330280361342 1.19155593874 1 1 4 0.91 0
182 3 4.5 0 0 -9.81 0.5 2.15157914162 0.752125179075 1 Rodolfo  509.5160587319988 0.062 0.26572944766 0.899453962542 1 1 4 0.91 0
183 3 6 0 1 9.81 0.5 1.37899208069 -0.312563858053 1 Rodolfo  512.7858722700003 0.062 0.565849044069 1.19155593874 1 1 4 0.91 1
184 3 4.5 0 1 9.81 0.5 2.01536417007 0.615910207533 1 Rodolfo  515.2600304119987 0.062 0.446795457814 0.899453962542 1 1 4 0.91 1
185 4 6 0 0 -9.81 0.5 3.08655691147 1.39500097273 1 Rodolfo  518.3741632960009 0.062 0.299425898227 1.19155593874 1 1 4 0.91 0
186 4 4.5 0 1 -9.81 0.5 1.48174118996 0.0822872274149 1 Rodolfo  522.5425731229989 0.062 0.436118778568 0.899453962542 1 1 4 0.91 1
187 3 6 0 1 -9.81 0.5 1.62300205231 -0.0685538864348 1 Rodolfo  525.1154966139984 0.062 0.556402186678 1.19155593874 1 1 4 0.91 1
188 4 6 0 1 -9.81 0.5 1.49223613739 -0.199319801352 1 Rodolfo  527.8150497349998 0.062 0.550818933705 1.19155593874 1 1 4 0.91 1
189 3 6 0 0 -9.81 0.5 1.89968180656 0.208125867822 1 Rodolfo  530.4331383789977 0.062 0.329661591042 1.19155593874 1 1 4 0.91 0
190 3 4.5 0 1 -9.81 0.5 1.45418691635 0.0547329538095 1 Rodolfo  533.4101601629991 0.062 0.442383180102 0.899453962542 1 1 4 0.91 1
191 4 6 0 1 9.81 0.5 1.28960585594 -0.4019500828 1 Rodolfo  535.966857301999 0.062 0.546966623447 1.19155593874 1 1 4 0.91 1
192 3 6 0 0 -9.81 0.5 1.39994096756 -0.291614971182 1 Rodolfo  538.3699861139976 0.062 0.30086467667 1.19155593874 1 1 4 0.91 0
193 3 6 0 1 9.81 0.5 1.64260601997 -0.0489499187682 1 Rodolfo  540.8769385790001 0.062 0.552146120302 1.19155593874 1 1 4 0.91 1
194 3 4.5 0 0 9.81 0.5 1.37103796005 -0.0284160024893 1 Rodolfo  543.631611036999 0.062 0.252136815241 0.899453962542 1 1 4 0.91 0
195 4 4.5 0 1 -9.81 0.5 1.32281398773 -0.0766399748099 1 Rodolfo  546.1290895879974 0.062 0.420887318098 0.899453962542 1 1 4 0.91 1
196 4 6 0 1 9.81 0.5 1.52787590027 -0.163680038473 1 Rodolfo  548.5669708429996 0.062 0.571725605038 1.19155593874 1 1 4 0.91 1
197 4 4.5 0 0 -9.81 0.5 1.62969493866 0.230240976118 1 Rodolfo  551.1850434939988 0.062 0.254067583342 0.899453962542 1 1 4 0.91 0
198 4 4.5 0 0 9.81 0.5 1.53728795052 0.137833987974 1 Rodolfo  553.9124551079985 0.062 0.226738271383 0.899453962542 1 1 4 0.91 0
199 3 4.5 0 1 9.81 0.5 1.49352788925 0.0940739267099 1 Rodolfo  556.5492092530003 0.062 0.443043596996 0.899453962542 1 1 4 0.91 1
200 3 4.5 0 0 -9.81 0.5 1.62107419968 0.221620237135 1 Rodolfo  559.1340604680008 0.062 0.230670499343 0.899453962542 1 1 4 0.91 0
201 3 4.5 0 1 -9.81 0.5 1.46135807037 0.0619041078317 1 Rodolfo  561.8379467859995 0.062 0.445154684306 0.899453962542 1 1 4 0.91 1
202 4 6 0 0 -9.81 0.5 1.8494489193 0.157892980554 1 Rodolfo  564.3997747229987 0.062 0.300396636742 1.19155593874 1 1 4 0.91 0
203 4 6 0 1 -9.81 0.5 1.52997207642 -0.161583862326 1 Rodolfo  567.3526576269978 0.062 0.576246825979 1.19155593874 1 1 4 0.91 1
204 4 6 0 0 9.81 0.5 1.71876502037 0.0272090816285 1 Rodolfo  569.988101668001 0.062 0.321438296606 1.19155593874 1 1 4 0.91 0
205 3 6 0 0 9.81 0.5 2.16399097443 0.472435035684 1 Rodolfo  572.8189271400006 0.062 0.343309098025 1.19155593874 1 1 4 0.91 0
206 3 6 0 1 -9.81 0.5 1.51532816887 -0.176227769873 1 Rodolfo  576.0826129849993 0.062 0.559154800198 1.19155593874 1 1 4 0.91 1
207 4 4.5 0 1 9.81 0.5 1.56842803955 0.168974077009 1 Rodolfo  578.693439188999 0.062 0.416513275578 0.899453962542 1 1 4 0.91 1
208 4 6 0 0 9.81 0.5 1.82507491112 0.133518972376 1 Rodolfo  581.3405763289993 0.062 0.300619586526 1.19155593874 1 1 4 0.91 0
209 3 4.5 0 0 -9.81 0.5 1.55769681931 0.158242856764 1 Rodolfo  584.240712685998 0.062 0.227233679448 0.899453962542 1 1 4 0.91 0
210 3 6 0 0 9.81 0.5 2.57335591316 0.88179997442 1 Rodolfo  586.8999780480008 0.062 0.334212875922 1.19155593874 1 1 4 0.91 0
211 4 4.5 0 0 -9.81 0.5 1.51704406738 0.117590104841 1 Rodolfo  590.6019197290007 0.062 0.233208971349 0.899453962542 1 1 4 0.91 0
212 3 4.5 0 0 9.81 0.5 1.48218393326 0.0827299707163 1 Rodolfo  593.2255641989977 0.062 0.234550071061 0.899453962542 1 1 4 0.91 0
213 3 6 0 0 -9.81 0.5 1.54519104958 -0.146364889166 1 Rodolfo  595.8095597409992 0.062 0.320701324415 1.19155593874 1 1 4 0.91 0
214 3 4.5 0 1 -9.81 0.5 3.72845196724 2.3289980047 1 Rodolfo  599.554285465998 0.062 0.447839958739 0.899453962542 1 1 4 0.91 1
215 4 4.5 0 1 -9.81 0.5 1.58348298073 0.184029018186 1 Rodolfo  603.2679561289988 0.062 0.405516085266 0.899453962542 1 1 4 0.91 1
216 3 4.5 0 1 9.81 0.5 1.07246804237 -0.326985920168 1 Rodolfo  605.9491716429984 0.062 0.413939043042 0.899453962542 1 1 4 0.91 1
217 4 6 0 1 -9.81 0.5 1.53765892982 -0.153897008917 1 Rodolfo  608.1364701179991 0.062 0.550819026926 1.19155593874 1 1 4 0.91 1
218 4 4.5 0 1 9.81 0.5 1.25529813766 -0.144155824877 1 Rodolfo  610.7833784590002 0.062 0.420937342503 0.899453962542 1 1 4 0.91 1
219 4 4.5 0 0 9.81 0.5 1.44757390022 0.048119937681 1 Rodolfo  613.1572502130002 0.062 0.251799842995 0.899453962542 1 1 4 0.91 0
220 3 6 0 1 9.81 0.5 1.63585615158 -0.0556997871612 1 Rodolfo  615.7100048249995 0.062 0.586008067377 1.19155593874 1 1 4 0.91 1
221 3 6 0 1 -9.81 0.5 1.40187287331 -0.289683065436 1 Rodolfo  618.4563635509985 0.062 0.538983214396 1.19155593874 1 1 4 0.91 1
222 4 6 0 1 9.81 0.5 1.72125005722 0.0296941184785 1 Rodolfo  620.9759643500001 0.062 0.570080952911 1.19155593874 1 1 4 0.91 1
223 4 6 0 0 -9.81 0.5 1.48509097099 -0.206464967749 1 Rodolfo  623.7740967799982 0.062 0.31864037803 1.19155593874 1 1 4 0.91 0
224 3 4.5 0 0 -9.81 0.5 1.43106293678 0.031608974241 1 Rodolfo  626.3778365229991 0.062 0.268272381033 0.899453962542 1 1 4 0.91 0
225 3 6 0 1 9.81 0.5 1.55870604515 -0.132849893591 1 Rodolfo  628.9257690140003 0.062 0.59124778891 1.19155593874 1 1 4 0.91 1
226 3 6 0 1 -9.81 0.5 1.62647986412 -0.0650760746215 1 Rodolfo  631.6090990339981 0.062 0.559502274495 1.19155593874 1 1 4 0.91 1
227 3 4.5 0 1 -9.81 0.5 2.01248192787 0.61302796533 1 Rodolfo  634.3330009479978 0.062 0.443025338734 0.899453962542 1 1 4 0.91 1
228 3 4.5 0 0 9.81 0.5 1.53466415405 0.135210191511 1 Rodolfo  637.4581103210003 0.062 0.252903654809 0.899453962542 1 1 4 0.91 0
229 3 6 0 0 9.81 0.5 2.51117396355 0.819618024805 1 Rodolfo  640.1097618040003 0.062 0.33404220538 1.19155593874 1 1 4 0.91 0
230 3 4.5 0 1 9.81 0.5 1.55269885063 0.15324488809 1 Rodolfo  643.709963532001 0.062 0.41665292777 0.899453962542 1 1 4 0.91 1
231 4 6 0 1 9.81 0.5 1.44632101059 -0.245234928152 1 Rodolfo  646.3691161589995 0.062 0.544764405976 1.19155593874 1 1 4 0.91 1
232 4 4.5 0 1 -9.81 0.5 1.45297384262 0.0535198800791 1 Rodolfo  648.9415630859985 0.062 0.445566856081 0.899453962542 1 1 4 0.91 1
233 4 6 0 1 -9.81 0.5 1.60469889641 -0.0868570423339 1 Rodolfo  651.4972273569983 0.062 0.565630766825 1.19155593874 1 1 4 0.91 1
234 4 6 0 0 -9.81 0.5 1.82598805428 0.134432115534 1 Rodolfo  654.2082481219986 0.062 0.306884043252 1.19155593874 1 1 4 0.91 0
235 4 4.5 0 0 -9.81 0.5 1.41208600998 0.0126320474375 1 Rodolfo  657.1642722510005 0.062 0.241118392415 0.899453962542 1 1 4 0.91 0
236 4 4.5 0 1 9.81 0.5 1.50764799118 0.108194028639 1 Rodolfo  659.6791976239983 0.062 0.42466621746 0.899453962542 1 1 4 0.91 1
237 4 6 0 0 9.81 0.5 1.42694807053 -0.264607868216 1 Rodolfo  662.2977625710009 0.062 0.303872498815 1.19155593874 1 1 4 0.91 0
238 4 4.5 0 0 9.81 0.5 1.67181897163 0.272365009092 1 Rodolfo  664.8379477729977 0.062 0.252856972158 0.899453962542 1 1 4 0.91 0
239 3 6 0 0 -9.81 0.5 1.2966940403 -0.394861898444 1 Rodolfo  667.574780070001 0.062 0.339178336195 1.19155593874 1 1 4 0.91 0
240 3 4.5 0 0 9.81 0.5 1.52388310432 0.124429141783 1 Rodolfo  669.9667321550005 0.062 0.252225832132 0.899453962542 1 1 4 0.91 0
241 4 6 0 0 9.81 0.5 1.63081717491 -0.0607387638305 1 Rodolfo  672.6068785770003 0.062 0.340277077366 1.19155593874 1 1 4 0.91 0
242 3 4.5 0 1 9.81 0.5 1.42058205605 0.0211280935037 1 Rodolfo  675.3427788349982 0.062 0.421048677427 0.899453962542 1 1 4 0.91 1
243 4 4.5 0 1 -9.81 0.5 1.44284296036 0.0433889978159 1 Rodolfo  677.8724540129988 0.062 0.432860016716 0.899453962542 1 1 4 0.91 1
244 3 4.5 0 1 -9.81 0.5 1.36747097969 -0.0319829828512 1 Rodolfo  680.4219621619995 0.062 0.422446767747 0.899453962542 1 1 4 0.91 1
245 3 6 0 0 -9.81 0.5 1.43649315834 -0.255062780402 1 Rodolfo  682.8942900779984 0.062 0.302924098623 1.19155593874 1 1 4 0.91 0
246 3 6 0 1 9.81 0.5 1.47576808929 -0.215787849448 1 Rodolfo  685.4628856749987 0.062 0.565592932436 1.19155593874 1 1 4 0.91 1
247 4 6 0 1 -9.81 0.5 1.49092698097 -0.20062895777 1 Rodolfo  688.0366746670006 0.062 0.574708313367 1.19155593874 1 1 4 0.91 1
248 4 4.5 0 0 -9.81 0.5 2.84172201157 1.44226804902 1 Rodolfo  690.6116099989995 0.062 0.249131252452 0.899453962542 1 1 4 0.91 0
249 3 6 0 0 9.81 0.5 7.17280697823 5.48125103948 1 Rodolfo  694.5185306109997 0.062 0.310570940704 1.19155593874 1 1 4 0.91 0
250 4 6 0 0 -9.81 0.5 2.22192692757 0.530370988825 1 Rodolfo  702.7988220170009 0.062 0.332781253061 1.19155593874 1 1 4 0.91 0
251 3 6 0 1 -9.81 0.5 4.13386416435 2.44230822561 1 Rodolfo  706.12996165 0.062 0.568599024814 1.19155593874 1 1 4 0.91 1
252 3 4.5 0 0 -9.81 0.5 1.69782400131 0.29837003877 1 Rodolfo  711.3779724899978 0.062 0.264347703609 0.899453962542 1 1 4 0.91 0
253 4 4.5 0 1 9.81 0.5 1.28771114349 -0.111742819048 1 Rodolfo  714.2060020940007 0.062 0.433189458433 0.899453962542 1 1 4 0.91 1
254 4 4.5 0 0 9.81 0.5 1.44679689407 0.0473429315317 1 Rodolfo  716.6194983659989 0.062 0.233406109669 0.899453962542 1 1 4 0.91 0
255 4 6 0 1 9.81 0.5 1.63198900223 -0.0595669365142 1 Rodolfo  719.1792626429997 0.062 0.580631754513 1.19155593874 1 1 4 0.91 1
256 4 4.5 0 0 -9.81 0.5 1.4541990757 0.0547451131571 1 Rodolfo  721.9200598050011 0.062 0.249295494224 0.899453962542 1 1 4 0.91 0
257 4 6 0 0 9.81 0.5 1.94708490372 0.255528964975 1 Rodolfo  724.5046993840006 0.062 0.300179578628 1.19155593874 1 1 4 0.91 0
258 4 4.5 0 1 9.81 0.5 5.09371900558 3.69426504304 1 Rodolfo  727.5683372489984 0.062 0.405165216956 0.899453962542 1 1 4 0.91 1
259 4 6 0 1 -9.81 0.5 7.11041402817 5.41885808943 1 Rodolfo  733.7921388819996 0.062 0.546584775261 1.19155593874 1 1 4 0.91 1
260 3 6 0 1 -9.81 0.5 4.35890698433 2.66735104559 1 Rodolfo  742.0023113749994 0.062 0.556911693242 1.19155593874 1 1 4 0.91 1
261 3 6 0 1 9.81 0.5 6.28451108932 4.59295515058 1 Rodolfo  747.485439570999 0.062 0.580954773405 1.19155593874 1 1 4 0.91 1
262 3 4.5 0 1 -9.81 0.5 1.46835303307 0.068899070524 1 Rodolfo  754.9050147749986 0.062 0.410973981375 0.899453962542 1 1 4 0.91 1
263 3 6 0 0 9.81 0.5 1.78192090988 0.0903649711396 1 Rodolfo  757.492264231998 0.062 0.353007020246 1.19155593874 1 1 4 0.91 0
264 4 6 0 0 -9.81 0.5 2.43688511848 0.745329179743 1 Rodolfo  760.3711044890006 0.062 0.343476570193 1.19155593874 1 1 4 0.91 0
265 3 4.5 0 1 9.81 0.5 1.31687498093 -0.0825789816153 1 Rodolfo  763.9343006630006 0.062 0.446704438179 0.899453962542 1 1 4 0.91 1
266 4 4.5 0 1 -9.81 0.5 1.43316102028 0.0337070577371 1 Rodolfo  766.3567502240003 0.062 0.44484795159 0.899453962542 1 1 4 0.91 1
267 4 6 0 1 9.81 0.5 1.46282291412 -0.228733024618 1 Rodolfo  768.9108041609979 0.062 0.578554031123 1.19155593874 1 1 4 0.91 1
268 3 4.5 0 0 9.81 0.5 1.13075900078 -0.268694961764 1 Rodolfo  771.4960986759979 0.062 0.247222870417 0.899453962542 1 1 4 0.91 0
269 3 6 0 0 -9.81 0.5 1.87423706055 0.182681121805 1 Rodolfo  773.710362810998 0.062 0.346482289495 1.19155593874 1 1 4 0.91 0
270 3 4.5 0 0 -9.81 0.5 2.58846116066 1.18900719812 1 Rodolfo  777.9167417120007 0.062 0.233142083913 0.899453962542 1 1 4 0.91 0
271 4 4.5 0 0 9.81 0.5 5.97804117203 4.57858720949 1 Rodolfo  780.3855978489992 0.062 0.264783776787 0.899453962542 1 1 4 0.91 0
272 4 6 0 1 9.81 0.5 6.5394961834 4.84794024465 1 Rodolfo  787.4664740549997 0.062 0.544503193304 1.19155593874 1 1 4 0.91 1
273 3 6 0 0 -9.81 0.5 3.16933107376 1.47777513502 1 Rodolfo  795.1350009919988 0.062 0.321041778308 1.19155593874 1 1 4 0.91 0
274 3 4.5 0 1 9.81 0.5 1.35456109047 -0.0448928720724 1 Rodolfo  799.4035272369983 0.062 0.443393245554 0.899453962542 1 1 4 0.91 1
275 4 4.5 0 1 9.81 0.5 1.36450600624 -0.034947956301 1 Rodolfo  801.8714463529977 0.062 0.434737034556 0.899453962542 1 1 4 0.91 1
276 4 6 0 1 -9.81 0.5 1.24301505089 -0.448540887854 1 Rodolfo  804.3480195310003 0.062 0.582120350519 1.19155593874 1 1 4 0.91 1
277 4 4.5 0 1 -9.81 0.5 1.49247002602 0.0930160634744 1 Rodolfo  806.712449202998 0.062 0.421801974581 0.899453962542 1 1 4 0.91 1
278 3 6 0 1 9.81 0.5 1.45870399475 -0.232851943991 1 Rodolfo  809.3264452340009 0.062 0.558279518122 1.19155593874 1 1 4 0.91 1
279 4 6 0 0 -9.81 0.5 1.79902696609 0.107471027353 1 Rodolfo  811.8847589239995 0.062 0.321917209867 1.19155593874 1 1 4 0.91 0
280 3 4.5 0 1 -9.81 0.5 1.83594512939 0.436491166853 1 Rodolfo  814.7908106869982 0.062 0.430850681961 0.899453962542 1 1 4 0.91 1
281 4 4.5 0 0 9.81 0.5 1.30013012886 -0.0993238336813 1 Rodolfo  817.7331707019985 0.062 0.232156658262 0.899453962542 1 1 4 0.91 0
282 3 4.5 0 0 -9.81 0.5 1.08434796333 -0.315105999209 1 Rodolfo  820.1476302019983 0.062 0.252644857163 0.899453962542 1 1 4 0.91 0
283 3 4.5 0 0 9.81 0.5 1.3609559536 -0.0384980089438 1 Rodolfo  822.3427169559982 0.062 0.225348847599 0.899453962542 1 1 4 0.91 0
284 4 4.5 0 0 -9.81 0.5 1.56377005577 0.164316093229 1 Rodolfo  824.8074452990004 0.062 0.230012442089 0.899453962542 1 1 4 0.91 0
285 4 6 0 0 9.81 0.5 1.64222002029 -0.0493359184478 1 Rodolfo  827.4815086210001 0.062 0.325706179451 1.19155593874 1 1 4 0.91 0
286 3 6 0 1 -9.81 0.5 1.60340213776 -0.0881538009856 1 Rodolfo  830.2501198539976 0.062 0.565937505049 1.19155593874 1 1 4 0.91 1
287 3 6 0 0 9.81 0.5 6.28975391388 4.59819797514 1 Rodolfo  832.9517997109979 0.062 0.35130873618 1.19155593874 1 1 4 0.91 0
288 4 6 0 1 -9.81 0.5 1.6474378109 -0.0441181278441 1 Rodolfo  840.3539974439991 0.062 0.579048101804 1.19155593874 1 1 4 0.91 1
289 3 6 0 1 9.81 0.5 1.53958106041 -0.151974878332 1 Rodolfo  843.1298679729989 0.062 0.572247129906 1.19155593874 1 1 4 0.91 1
290 3 4.5 0 1 -9.81 0.5 1.45041584969 0.0509618871439 1 Rodolfo  845.7939761239977 0.062 0.446075112975 0.899453962542 1 1 4 0.91 1
291 4 4.5 0 0 -9.81 0.5 1.54039692879 0.140942966245 1 Rodolfo  848.3219009169989 0.062 0.247858655987 0.899453962542 1 1 4 0.91 0
292 3 6 0 0 9.81 0.5 1.61256694794 -0.078988990805 1 Rodolfo  850.9913313680008 0.062 0.341329861254 1.19155593874 1 1 4 0.91 0
293 3 4.5 0 0 9.81 0.5 1.89141178131 0.491957818769 1 Rodolfo  853.7005142599992 0.062 0.233415312751 0.899453962542 1 1 4 0.91 0
294 4 4.5 0 1 -9.81 0.5 1.2945971489 -0.104856813647 1 Rodolfo  856.6952850710004 0.062 0.428064875361 0.899453962542 1 1 4 0.91 1
295 3 4.5 0 1 9.81 0.5 1.46533298492 0.0658790223825 1 Rodolfo  859.0626134109989 0.062 0.418642556304 0.899453962542 1 1 4 0.91 1
296 4 4.5 0 0 9.81 0.5 2.45594406128 1.05649009874 1 Rodolfo  861.6541824119995 0.062 0.266433452358 0.899453962542 1 1 4 0.91 0
297 4 6 0 0 9.81 0.5 1.69816493988 0.00660900113841 1 Rodolfo  865.2375375379997 0.062 0.300229719429 1.19155593874 1 1 4 0.91 0
298 4 4.5 0 1 9.81 0.5 1.26191592216 -0.137538040377 1 Rodolfo  868.0647691409977 0.062 0.413508498918 0.899453962542 1 1 4 0.91 1
299 3 6 0 0 -9.81 0.5 1.85027885437 0.158722915628 1 Rodolfo  870.4392570679993 0.062 0.314802648188 1.19155593874 1 1 4 0.91 0
300 3 4.5 0 0 -9.81 0.5 1.59487199783 0.195418035291 1 Rodolfo  873.3864194359994 0.062 0.269207763506 0.899453962542 1 1 4 0.91 0
301 3 6 0 1 -9.81 0.5 1.59286403656 -0.0986919021819 1 Rodolfo  876.0823166619994 0.062 0.585951209158 1.19155593874 1 1 4 0.91 1
302 4 6 0 1 9.81 0.5 1.43473386765 -0.256822071097 1 Rodolfo  878.8124076019994 0.062 0.564770426328 1.19155593874 1 1 4 0.91 1
303 4 6 0 0 -9.81 0.5 1.57040905952 -0.121146879217 1 Rodolfo  881.343216917001 0.062 0.348732961092 1.19155593874 1 1 4 0.91 0
304 4 6 0 0 -9.81 0.5 1.61460208893 -0.0769538498137 1 Rodolfo  884.0396817580004 0.062 0.330481551367 1.19155593874 1 1 4 0.91 0
305 3 6 0 0 -9.81 0.5 1.53547000885 -0.156085929892 1 Rodolfo  886.7492353529997 0.062 0.314326389614 1.19155593874 1 1 4 0.91 0
306 3 6 0 1 -9.81 0.5 1.71577095985 0.0242150211122 1 Rodolfo  889.3951303169997 0.062 0.56921296852 1.19155593874 1 1 4 0.91 1
307 3 6 0 0 9.81 0.5 1.87757301331 0.186017074564 1 Rodolfo  892.2303453179993 0.062 0.330900991836 1.19155593874 1 1 4 0.91 0
308 4 4.5 0 0 -9.81 0.5 1.59821510315 0.198761140608 1 Rodolfo  895.2084039699985 0.062 0.2693892717 0.899453962542 1 1 4 0.91 0
309 4 4.5 0 1 9.81 0.5 1.38506007195 -0.0143938905966 1 Rodolfo  897.9018357829991 0.062 0.429395539487 0.899453962542 1 1 4 0.91 1
310 4 4.5 0 0 9.81 0.5 1.48888421059 0.0894302480448 1 Rodolfo  900.3969813969998 0.062 0.244402757772 0.899453962542 1 1 4 0.91 0
311 4 6 0 0 9.81 0.5 1.85596990585 0.164413967111 1 Rodolfo  902.9897043519995 0.062 0.336223921267 1.19155593874 1 1 4 0.91 0
312 4 6 0 1 9.81 0.5 1.75401210785 0.0624561691072 1 Rodolfo  905.9719956089975 0.062 0.589655388028 1.19155593874 1 1 4 0.91 1
313 3 4.5 0 0 9.81 0.5 5.07840919495 3.6789552324 1 Rodolfo  908.8355432249991 0.062 0.248680315004 0.899453962542 1 1 4 0.91 0
314 4 6 0 1 -9.81 0.5 2.08758497238 0.39602903364 1 Rodolfo  915.0040652399985 0.062 0.552914309286 1.19155593874 1 1 4 0.91 1
315 4 4.5 0 1 -9.81 0.5 7.713534832 6.31408086946 1 Rodolfo  918.1930254289982 0.062 0.429897316075 0.899453962542 1 1 4 0.91 1
316 3 4.5 0 0 -9.81 0.5 1.70027899742 0.300825034879 1 Rodolfo  927.030227236999 0.062 0.266527424571 0.899453962542 1 1 4 0.91 0
317 3 4.5 0 1 -9.81 0.5 1.47243285179 0.0729788892496 1 Rodolfo  929.858241498001 0.062 0.412486135311 0.899453962542 1 1 4 0.91 1
318 3 6 0 1 9.81 0.5 1.59095096588 -0.100604972861 1 Rodolfo  932.4418527109992 0.062 0.551370707109 1.19155593874 1 1 4 0.91 1
319 3 4.5 0 1 9.81 0.5 1.38740110397 -0.0120528585684 1 Rodolfo  935.1510803279998 0.062 0.408535056197 0.899453962542 1 1 4 0.91 1
320 3 4.5 0 1 -9.81 0.5 1.51646900177 0.117015039228 1 Rodolfo  937.6424758979992 0.062 0.42482578475 0.899453962542 1 1 4 0.91 1
321 3 6 0 1 9.81 0.5 1.67241001129 -0.0191459274505 1 Rodolfo  940.2749868149986 0.062 0.595587042781 1.19155593874 1 1 4 0.91 1
322 3 6 0 0 9.81 0.5 1.80064797401 0.109092035272 1 Rodolfo  943.0591393469986 0.062 0.30745929614 1.19155593874 1 1 4 0.91 0
323 4 6 0 0 -9.81 0.5 2.07978582382 0.38822988508 1 Rodolfo  945.9626755399986 0.062 0.306232547193 1.19155593874 1 1 4 0.91 0
324 3 6 0 1 -9.81 0.5 1.65641498566 -0.0351409530852 1 Rodolfo  949.1632228509989 0.062 0.547548582826 1.19155593874 1 1 4 0.91 1
325 4 4.5 0 0 -9.81 0.5 1.49417901039 0.0947250478494 1 Rodolfo  951.9180687959997 0.062 0.253432859577 0.899453962542 1 1 4 0.91 0
326 3 6 0 0 -9.81 0.5 1.77772808075 0.0861721420075 1 Rodolfo  954.5341670159978 0.062 0.350582939472 1.19155593874 1 1 4 0.91 0
327 3 4.5 0 0 -9.81 0.5 1.66188597679 0.26243201425 1 Rodolfo  957.4249062809977 0.062 0.238398860184 0.899453962542 1 1 4 0.91 0
328 4 6 0 0 9.81 0.5 5.37728881836 3.68573287962 1 Rodolfo  960.2007988410005 0.062 0.309007179838 1.19155593874 1 1 4 0.91 0
329 3 4.5 0 1 9.81 0.5 1.55213499069 0.15268102815 1 Rodolfo  966.6898045599992 0.062 0.434265958773 0.899453962542 1 1 4 0.91 1
330 4 4.5 0 0 9.81 0.5 2.20514202118 0.805688058637 1 Rodolfo  969.3397840510006 0.062 0.250481022141 0.899453962542 1 1 4 0.91 0
331 3 4.5 0 0 9.81 0.5 1.5082859993 0.108832036756 1 Rodolfo  972.6479094370006 0.062 0.236874267995 0.899453962542 1 1 4 0.91 0
332 4 6 0 1 -9.81 0.5 2.13151502609 0.439959087351 1 Rodolfo  975.2694025009987 0.062 0.541265661595 1.19155593874 1 1 4 0.91 1
333 4 6 0 1 9.81 0.5 2.03450512886 0.342949190119 1 Rodolfo  978.4807302679983 0.062 0.577116677078 1.19155593874 1 1 4 0.91 1
334 4 4.5 0 1 -9.81 0.5 3.62608909607 2.22663513353 1 Rodolfo  981.6360525189993 0.062 0.432331390354 0.899453962542 1 1 4 0.91 1
335 4 4.5 0 1 9.81 0.5 6.16230511665 4.76285115411 1 Rodolfo  986.3648440100005 0.062 0.411509172358 0.899453962542 1 1 4 0.91 1
336 4 6 0 0 9.81 0.5 1.87066507339 0.179109134653 1 Rodolfo  993.6199860669985 0.062 0.329454670923 1.19155593874 1 1 4 0.91 0
337 4 4.5 0 0 9.81 0.5 1.26176095009 -0.137693012453 1 Rodolfo  996.5944515049996 0.062 0.25327679165 0.899453962542 1 1 4 0.91 0
338 3 6 0 0 9.81 0.5 6.01893591881 4.32737998007 1 Rodolfo  1004.6759447820004 0.062 0.324252281491 1.19155593874 1 1 4 0.91 0
339 3 4.5 0 1 9.81 0.5 6.01893591881 4.32737998007 1 Rodolfo  1005.8802300089992 0.062 0.440163930053 0.899453962542 1 1 4 0.91 1
340 4 6 0 1 -9.81 0.5 1.63655805588 -0.0549978828643 1 Rodolfo  1006.0219751389996 0.062 0.545854208371 1.19155593874 1 1 4 0.91 1
341 3 6 0 1 9.81 0.5 1.55890512466 -0.132650814078 1 Rodolfo  1008.7444761179977 0.062 0.537684581632 1.19155593874 1 1 4 0.91 1
342 4 4.5 0 0 -9.81 0.5 1.43475484848 0.0353008859384 1 Rodolfo  1011.4067186989996 0.062 0.246812929066 0.899453962542 1 1 4 0.91 0
343 3 6 0 1 -9.81 0.5 1.68995904922 -0.00159688951711 1 Rodolfo  1013.9375932820003 0.062 0.539842904142 1.19155593874 1 1 4 0.91 1
344 4 4.5 0 1 9.81 0.5 7.21972799301 5.82027403047 1 Rodolfo  1016.7453084740009 0.062 0.439703147797 0.899453962542 1 1 4 0.91 1
345 3 6 0 0 -9.81 0.5 1.47577404976 -0.215781888983 1 Rodolfo  1025.0752272879981 0.062 0.346932610719 1.19155593874 1 1 4 0.91 0
346 4 4.5 0 1 -9.81 0.5 1.48760390282 0.088149940275 1 Rodolfo  1027.6551889679977 0.062 0.414696071284 0.899453962542 1 1 4 0.91 1
347 3 4.5 0 1 -9.81 0.5 1.17826890945 -0.221185053087 1 Rodolfo  1030.256188932999 0.062 0.428916161442 0.899453962542 1 1 4 0.91 1
348 4 6 0 0 -9.81 0.5 1.82277297974 0.131217040994 1 Rodolfo  1032.5513390380002 0.062 0.340157095976 1.19155593874 1 1 4 0.91 0
349 3 4.5 0 0 -9.81 0.5 1.9514439106 0.551989948057 1 Rodolfo  1035.4906976849998 0.062 0.256885873192 0.899453962542 1 1 4 0.91 0
350 4 6 0 1 9.81 0.5 4.50822496414 2.8166690254 1 Rodolfo  1038.5668676669993 0.062 0.565100435711 1.19155593874 1 1 4 0.91 1
351 3 4.5 0 0 9.81 0.5 4.85972619057 3.46027222803 1 Rodolfo  1044.1718710469977 0.062 0.25692987227 0.899453962542 1 1 4 0.91 0
352 3 6 0 1 -9.81 0.5 1.96687698364 0.275321044901 1 Rodolfo  1050.1572904729983 0.062 0.584533488484 1.19155593874 1 1 4 0.91 1
353 4 4.5 0 0 9.81 0.5 1.49287009239 0.0934161298502 1 Rodolfo  1053.240934076999 0.062 0.226808915783 0.899453962542 1 1 4 0.91 0
354 3 4.5 0 0 9.81 0.5 1.54668712616 0.147233163618 1 Rodolfo  1055.8322250069978 0.062 0.230759252477 0.899453962542 1 1 4 0.91 0
355 3 4.5 0 1 -9.81 0.5 1.49635314941 0.0968991868723 1 Rodolfo  1058.5026254639997 0.062 0.413754572633 0.899453962542 1 1 4 0.91 1
356 4 6 0 1 -9.81 0.5 1.49269413948 -0.198861799261 1 Rodolfo  1061.121250444001 0.062 0.584446199518 1.19155593874 1 1 4 0.91 1
357 3 6 0 0 9.81 0.5 1.5882730484 -0.103282890341 1 Rodolfo  1063.7216557139982 0.062 0.297966879598 1.19155593874 1 1 4 0.91 0
358 4 6 0 0 -9.81 0.5 1.86084198952 0.169286050775 1 Rodolfo  1066.4152298320005 0.062 0.313306400742 1.19155593874 1 1 4 0.91 0
359 4 4.5 0 1 9.81 0.5 1.51169586182 0.112241899275 1 Rodolfo  1069.4009192519989 0.062 0.428774662456 0.899453962542 1 1 4 0.91 1
360 3 4.5 0 0 -9.81 0.5 1.57962107658 0.180167114042 1 Rodolfo  1072.0098914970004 0.062 0.261208038887 0.899453962542 1 1 4 0.91 0
361 3 6 0 0 -9.81 0.5 1.4736289978 -0.217926940939 1 Rodolfo  1074.6898824829987 0.062 0.354502958798 1.19155593874 1 1 4 0.91 0
362 4 6 0 0 9.81 0.5 1.84893894196 0.157383003214 1 Rodolfo  1077.2815683929985 0.062 0.326369755556 1.19155593874 1 1 4 0.91 0
363 4 4.5 0 1 -9.81 0.5 1.47968697548 0.0802330129373 1 Rodolfo  1080.241536130001 0.062 0.432236305766 0.899453962542 1 1 4 0.91 1
364 3 4.5 0 1 9.81 0.5 1.3944671154 -0.00498684713957 1 Rodolfo  1082.8377645709988 0.062 0.438195791733 0.899453962542 1 1 4 0.91 1
365 4 4.5 0 0 -9.81 0.5 1.58737492561 0.187920963072 1 Rodolfo  1085.3513057220007 0.062 0.258773229756 0.899453962542 1 1 4 0.91 0
366 3 6 0 1 9.81 0.5 1.59557700157 -0.0959789371703 1 Rodolfo  1088.0614320950008 0.062 0.543380045429 1.19155593874 1 1 4 0.91 1
367 4 6 0 1 9.81 0.5 1.58553004265 -0.106025896094 1 Rodolfo  1090.7614444869978 0.062 0.57571073669 1.19155593874 1 1 4 0.91 1
368 4 6 0 0 9.81 0.5 1.78202414513 0.0904682063844 1 Rodolfo  1093.461505438001 0.062 0.308743392003 1.19155593874 1 1 4 0.91 0
369 4 4.5 0 1 -9.81 0.5 1.47910499573 0.0796510331857 1 Rodolfo  1096.3506553059997 0.062 0.407742593756 0.899453962542 1 1 4 0.91 1
370 3 4.5 0 0 -9.81 0.5 1.58321213722 0.18375817468 1 Rodolfo  1098.9554623209988 0.062 0.25049598951 0.899453962542 1 1 4 0.91 0
371 4 4.5 0 1 9.81 0.5 1.41051793098 0.0110639684427 1 Rodolfo  1101.656179892001 0.062 0.421190448548 0.899453962542 1 1 4 0.91 1
372 3 6 0 0 -9.81 0.5 5.02360701561 3.33205107687 1 Rodolfo  1104.1654455089993 0.062 0.300553583312 1.19155593874 1 1 4 0.91 0
373 4 6 0 1 -9.81 0.5 1.64495801926 -0.0465979194854 1 Rodolfo  1110.3054773830008 0.062 0.560708598275 1.19155593874 1 1 4 0.91 1
374 3 6 0 1 -9.81 0.5 1.58426094055 -0.10729499819 1 Rodolfo  1113.050930128 0.062 0.577938287987 1.19155593874 1 1 4 0.91 1
375 4 4.5 0 0 -9.81 0.5 1.57711291313 0.17765895059 1 Rodolfo  1115.7580227569997 0.062 0.260927596778 0.899453962542 1 1 4 0.91 0
376 4 6 0 1 9.81 0.5 4.6832280159 2.99167207716 1 Rodolfo  1118.4387122269982 0.062 0.557831033848 1.19155593874 1 1 4 0.91 1
377 4 6 0 0 -9.81 0.5 1.62252783775 -0.0690281009887 1 Rodolfo  1124.2323614630004 0.062 0.324618864746 1.19155593874 1 1 4 0.91 0
378 3 4.5 0 1 9.81 0.5 1.13517999649 -0.264273966051 1 Rodolfo  1126.9775114980002 0.062 0.407906639743 0.899453962542 1 1 4 0.91 1
379 4 4.5 0 0 9.81 0.5 1.28005814552 -0.119395817019 1 Rodolfo  1129.2150007729979 0.062 0.262404647293 0.899453962542 1 1 4 0.91 0
380 3 4.5 0 0 9.81 0.5 1.59071707726 0.191263114713 1 Rodolfo  1131.616010108999 0.062 0.228333137946 0.899453962542 1 1 4 0.91 0
381 3 6 0 0 9.81 0.5 3.62824201584 1.9366860771 1 Rodolfo  1134.307277726999 0.062 0.342720612814 1.19155593874 1 1 4 0.91 0
382 3 4.5 0 1 -9.81 0.5 1.48129796982 0.0818440072763 1 Rodolfo  1139.0513612799987 0.062 0.407233145 0.899453962542 1 1 4 0.91 1
383 3 6 0 1 9.81 0.5 3.25444698334 1.5628910446 1 Rodolfo  1141.6566810999975 0.062 0.567755115448 1.19155593874 1 1 4 0.91 1
