trial vx vy vz LongOcclusion g timeStill rTime TemporalError environment id pupiltime IOD OccludedTimeOfTrajectory FlightDuration Drag DragFirst block accuracy LongOcclusion
0 3 4.5 0 1 9.81 0.5 6.84890985489 5.44945589235 1 Lisa  2.7477417749996675 0.064 0.427826112431 0.899453962542 1 1 3 0.27 1
1 4 4.5 0 0 6.867 0.5 1.7791018486 0.00477097378313 1 Lisa  10.728184900000088 0.064 0.364644505021 1.27433087482 1 1 3 0.27 0
2 4 4.5 0 0 9.81 0.5 1.48243999481 0.0829860322702 1 Lisa  13.600518491999537 0.064 0.260539556647 0.899453962542 1 1 3 0.27 0
3 3 4.5 0 1 11.2815 0.5 1.35936880112 0.0752421141552 1 Lisa  16.19446471900028 0.064 0.382783644328 0.784126686962 1 1 3 0.27 1
4 4 6 0 1 11.2815 0.5 1.6286418438 0.0890199541775 1 Lisa  18.65850230199976 0.064 0.487496456175 1.03962188962 1 1 3 0.27 1
5 4 6 0 0 9.81 0.5 1.69581890106 0.00426296232005 1 Lisa  21.409653955000067 0.064 0.311371968499 1.19155593874 1 1 3 0.27 0
6 3 4.5 0 0 12.753 0.5 1.26571798325 0.0707032461185 1 Lisa  24.21420660900003 0.064 0.207576392853 0.695014737127 1 1 3 0.27 0
7 3 6 0 0 6.867 0.5 2.21129322052 0.0275362329445 1 Lisa  26.602833981000003 0.064 0.481072756777 1.68375698758 1 1 3 0.27 0
8 3 6 0 0 9.81 0.5 1.77764296532 0.0860870265748 1 Lisa  29.9138581240004 0.064 0.334879267829 1.19155593874 1 1 3 0.27 0
9 3 4.5 0 0 8.3385 0.5 1.62432217598 0.0697599469249 1 Lisa  32.8000095919997 0.064 0.297261494739 1.05456222905 1 1 3 0.27 0
10 3 6 0 0 12.753 0.5 1.50880789757 0.0867512097449 1 Lisa  35.53640968499985 0.064 0.268693065091 0.922056687823 1 1 3 0.27 0
11 3 4.5 0 1 8.3385 0.5 1.49782681465 -0.0567354144033 1 Lisa  38.1410703319998 0.064 0.479016186401 1.05456222905 1 1 3 0.27 1
12 3 6 0 0 11.2815 0.5 1.63425803185 0.0946361422269 1 Lisa  40.742984206000074 0.064 0.283178547591 1.03962188962 1 1 3 0.27 0
13 4 6 0 0 8.3385 0.5 1.94645500183 0.050939603835 1 Lisa  43.483522831999835 0.064 0.368510238905 1.395515398 1 1 3 0.27 0
14 4 6 0 0 12.753 0.5 1.56555891037 0.143502222547 1 Lisa  46.53543402200012 0.064 0.24739948947 0.922056687823 1 1 3 0.27 0
15 3 6 0 1 12.753 0.5 1.57552289963 0.153466211805 1 Lisa  49.22389940100038 0.064 0.441713828301 0.922056687823 1 1 3 0.27 1
16 3 4.5 0 0 9.81 0.5 1.72186803818 0.322414075636 1 Lisa  51.900876472000164 0.064 0.236416520955 0.899453962542 1 1 3 0.27 0
17 3 6 0 1 11.2815 0.5 1.76841902733 0.22879713771 1 Lisa  54.743751818999954 0.064 0.474202631698 1.03962188962 1 1 3 0.27 1
18 4 4.5 0 1 11.2815 0.5 1.3429172039 0.0587905169415 1 Lisa  57.61893118199987 0.064 0.359340423442 0.784126686962 1 1 3 0.27 1
19 3 4.5 0 1 12.753 0.5 1.24629497528 0.0512802381534 1 Lisa  60.0608592360004 0.064 0.315096480513 0.695014737127 1 1 3 0.27 1
20 3 4.5 0 0 6.867 0.5 1.78482580185 0.0104949270302 1 Lisa  62.41831103699951 0.064 0.37396780494 1.27433087482 1 1 3 0.27 0
21 3 6 0 1 9.81 0.5 1.77255606651 0.0810001277711 1 Lisa  65.34107718900032 0.064 0.586891111969 1.19155593874 1 1 3 0.27 1
22 4 4.5 0 1 9.81 0.5 1.58544206619 0.185988103651 1 Lisa  68.18827842300016 0.064 0.445823317985 0.899453962542 1 1 3 0.27 1
23 4 6 0 1 6.867 0.5 2.40761303902 0.223856051441 1 Lisa  70.89570267999989 0.064 0.822831804007 1.68375698758 1 1 3 0.27 1
24 4 4.5 0 1 12.753 0.5 1.31814908981 0.123134352686 1 Lisa  74.4045870910004 0.064 0.34271747317 0.695014737127 1 1 3 0.27 1
25 4 6 0 0 11.2815 0.5 1.63374185562 0.0941199660031 1 Lisa  76.81698059599967 0.064 0.278784810116 1.03962188962 1 1 3 0.27 0
26 3 4.5 0 0 11.2815 0.5 1.39298796654 0.108861279576 1 Lisa  79.56790743199963 0.064 0.222652264992 0.784126686962 1 1 3 0.27 0
27 3 6 0 0 8.3385 0.5 1.88146114349 -0.0140542545024 1 Lisa  82.07264474699969 0.064 0.40927935947 1.395515398 1 1 3 0.27 0
28 3 6 0 1 6.867 0.5 2.16632080078 -0.0174361867943 1 Lisa  85.06707482999991 0.064 0.834706999622 1.68375698758 1 1 3 0.27 1
29 3 4.5 0 1 6.867 0.5 1.81973695755 0.0454060827309 1 Lisa  88.35974335999981 0.064 0.608412600346 1.27433087482 1 1 3 0.27 1
30 4 6 0 1 9.81 0.5 1.86136603355 0.169810094812 1 Lisa  91.27544343099999 0.064 0.55239234349 1.19155593874 1 1 3 0.27 1
31 3 6 0 1 8.3385 0.5 1.91151189804 0.0159965000447 1 Lisa  94.24905585099987 0.064 0.663905751326 1.395515398 1 1 3 0.27 1
32 4 4.5 0 1 8.3385 0.5 1.62457203865 0.0700098095957 1 Lisa  97.25988916699953 0.064 0.503564649695 1.05456222905 1 1 3 0.27 1
33 4 6 0 1 8.3385 0.5 1.89731812477 0.00180272677505 1 Lisa  99.99675748400023 0.064 0.683508400382 1.395515398 1 1 3 0.27 1
34 4 4.5 0 0 11.2815 0.5 1.36465597153 0.0805292845654 1 Lisa  103.00790730599965 0.064 0.210887706923 0.784126686962 1 1 3 0.27 0
35 4 4.5 0 1 6.867 0.5 1.85687994957 0.0825490747505 1 Lisa  105.48441229499986 0.064 0.592831754677 1.27433087482 1 1 3 0.27 1
36 4 6 0 1 12.753 0.5 1.6832408905 0.26118420268 1 Lisa  108.45387925700015 0.064 0.437893212663 0.922056687823 1 1 3 0.27 1
37 4 4.5 0 0 8.3385 0.5 1.63559794426 0.0810357152049 1 Lisa  111.25640111800021 0.064 0.273793493486 1.05456222905 1 1 3 0.27 0
38 4 6 0 0 6.867 0.5 2.23280096054 0.0490439729652 1 Lisa  113.98080987100002 0.064 0.44757338898 1.68375698758 1 1 3 0.27 0
39 4 4.5 0 0 12.753 0.5 1.24322009087 0.0482053537387 1 Lisa  117.31757862900031 0.064 0.195640252786 0.695014737127 1 1 3 0.27 0
40 4 4.5 0 1 6.867 0.5 1.62425923347 -0.150071641344 1 Lisa  119.68152091899992 0.064 0.573760770863 1.27433087482 1 1 3 0.27 1
41 3 4.5 0 1 6.867 0.5 1.86757898331 0.0932481084877 1 Lisa  122.40632054300022 0.064 0.626343210123 1.27433087482 1 1 3 0.27 1
42 3 6 0 1 9.81 0.5 1.78056716919 0.0890112304475 1 Lisa  125.36900940299984 0.064 0.553659173893 1.19155593874 1 1 3 0.27 1
43 3 4.5 0 1 11.2815 0.5 1.34260106087 0.0584743739056 1 Lisa  128.3363604160004 0.064 0.370982317476 0.784126686962 1 1 3 0.27 1
44 4 6 0 0 8.3385 0.5 1.94949507713 0.0539796791371 1 Lisa  130.7888366999996 0.064 0.359762725335 1.395515398 1 1 3 0.27 0
45 3 4.5 0 0 11.2815 0.5 1.40248799324 0.118361306279 1 Lisa  133.8330125780003 0.064 0.199315800301 0.784126686962 1 1 3 0.27 0
46 3 6 0 1 6.867 0.5 2.43330597878 0.249548991199 1 Lisa  136.33876439699998 0.064 0.822295399872 1.68375698758 1 1 3 0.27 1
47 4 6 0 1 11.2815 0.5 1.6933259964 0.153704106781 1 Lisa  139.8755628580002 0.064 0.480082137092 1.03962188962 1 1 3 0.27 1
48 4 6 0 0 12.753 0.5 1.54378199577 0.121725307951 1 Lisa  142.68559797200032 0.064 0.269504500518 0.922056687823 1 1 3 0.27 0
49 4 4.5 0 0 6.867 0.5 1.81288814545 0.0385572706276 1 Lisa  145.3240989699998 0.064 0.362650704408 1.27433087482 1 1 3 0.27 0
50 4 4.5 0 1 12.753 0.5 1.27463507652 0.0796203393954 1 Lisa  148.22651717000008 0.064 0.343443241612 0.695014737127 1 1 3 0.27 1
51 4 4.5 0 1 8.3385 0.5 1.77722215652 0.22265992747 1 Lisa  150.60874430500007 0.064 0.483368102588 1.05456222905 1 1 3 0.27 1
52 3 4.5 0 1 8.3385 0.5 1.76782298088 0.213260751826 1 Lisa  153.50129785700028 0.064 0.497366643232 1.05456222905 1 1 3 0.27 1
53 4 6 0 1 12.753 0.5 1.72187685966 0.299820171842 1 Lisa  156.36900351900022 0.064 0.424259559791 0.922056687823 1 1 3 0.27 1
54 4 6 0 0 11.2815 0.5 1.71728086472 0.177658975097 1 Lisa  159.21464422699955 0.064 0.273325228879 1.03962188962 1 1 3 0.27 0
55 3 4.5 0 1 9.81 0.5 1.46186614037 0.0624121778238 1 Lisa  162.0377810529999 0.064 0.443309158203 0.899453962542 1 1 3 0.27 1
56 4 4.5 0 1 9.81 0.5 1.49421310425 0.0947591417063 1 Lisa  164.61336000000028 0.064 0.415312277216 0.899453962542 1 1 3 0.27 1
57 4 4.5 0 0 8.3385 0.5 1.65706181526 0.102499586207 1 Lisa  167.20829770599994 0.064 0.292707150377 1.05456222905 1 1 3 0.27 0
58 4 4.5 0 1 11.2815 0.5 1.43085694313 0.146730256169 1 Lisa  169.96868251900014 0.064 0.381169821803 0.784126686962 1 1 3 0.27 1
59 3 4.5 0 0 12.753 0.5 1.24454498291 0.0495302457828 1 Lisa  172.50234568199994 0.064 0.186359929792 0.695014737127 1 1 3 0.27 0
60 4 4.5 0 0 9.81 0.5 1.51725292206 0.117798959516 1 Lisa  174.86607158100014 0.064 0.250139408314 0.899453962542 1 1 3 0.27 0
61 3 4.5 0 1 12.753 0.5 1.40670704842 0.211692311289 1 Lisa  177.52114672199968 0.064 0.321644422105 0.695014737127 1 1 3 0.27 1
62 3 6 0 0 12.753 0.5 1.55259895325 0.130542265424 1 Lisa  180.01682445799997 0.064 0.239827888065 0.922056687823 1 1 3 0.27 0
63 4 6 0 1 9.81 0.5 1.86920905113 0.17765311239 1 Lisa  182.68450438000036 0.064 0.554041142238 1.19155593874 1 1 3 0.27 1
64 4 6 0 1 6.867 0.5 2.12299919128 -0.0607577962914 1 Lisa  185.68239097700007 0.064 0.818331991691 1.68375698758 1 1 3 0.27 1
65 4 4.5 0 0 12.753 0.5 1.33046412468 0.135449387552 1 Lisa  188.90343932399992 0.064 0.207803316889 0.695014737127 1 1 3 0.27 0
66 4 6 0 0 9.81 0.5 1.76235604286 0.07080010412 1 Lisa  191.33746403500027 0.064 0.31877116964 1.19155593874 1 1 3 0.27 0
67 4 6 0 1 8.3385 0.5 1.92591500282 0.0303996048268 1 Lisa  194.19979602500007 0.064 0.689828346296 1.395515398 1 1 3 0.27 1
68 3 4.5 0 0 8.3385 0.5 1.68389391899 0.129331689936 1 Lisa  197.22956847000023 0.064 0.275450536881 1.05456222905 1 1 3 0.27 0
69 3 6 0 0 11.2815 0.5 1.60844492912 0.0688230395047 1 Lisa  200.020987074 0.064 0.276073403511 1.03962188962 1 1 3 0.27 0
70 3 6 0 1 11.2815 0.5 1.52425193787 -0.015369951752 1 Lisa  202.7399479329997 0.064 0.474065194654 1.03962188962 1 1 3 0.27 1
71 4 6 0 0 6.867 0.5 2.27769494057 0.0939379529915 1 Lisa  205.35814303499956 0.064 0.434555934851 1.68375698758 1 1 3 0.27 0
72 3 4.5 0 0 6.867 0.5 1.71433401108 -0.0599968637413 1 Lisa  208.73561087399958 0.064 0.337311785649 1.27433087482 1 1 3 0.27 0
73 3 6 0 1 8.3385 0.5 2.17901706696 0.28350166896 1 Lisa  211.5519215940003 0.064 0.667863853922 1.395515398 1 1 3 0.27 1
74 3 4.5 0 0 9.81 0.5 1.37204694748 -0.0274070150625 1 Lisa  214.8266040210001 0.064 0.248399499283 0.899453962542 1 1 3 0.27 0
75 3 6 0 1 12.753 0.5 1.46547985077 0.0434231629462 1 Lisa  217.31233123899983 0.064 0.424409780743 0.922056687823 1 1 3 0.27 1
76 3 6 0 0 6.867 0.5 2.18226099014 -0.00149599743272 1 Lisa  219.88033879999966 0.064 0.496312484399 1.68375698758 1 1 3 0.27 0
77 3 6 0 0 9.81 0.5 1.81188821793 0.120332279184 1 Lisa  223.16362276600012 0.064 0.318791842548 1.19155593874 1 1 3 0.27 0
78 4 4.5 0 0 11.2815 0.5 1.3935418129 0.109415125935 1 Lisa  226.0802712450004 0.064 0.210220146771 0.784126686962 1 1 3 0.27 0
79 3 6 0 0 8.3385 0.5 1.94066119194 0.0451457939442 1 Lisa  228.57215237800028 0.064 0.398521546458 1.395515398 1 1 3 0.27 0
80 4 4.5 0 1 12.753 0.5 1.26573610306 0.0707213659305 1 Lisa  231.61120633599967 0.064 0.315894631958 0.695014737127 1 1 3 0.27 1
81 3 6 0 1 11.2815 0.5 1.70465707779 0.165035188171 1 Lisa  234.00559875 0.064 0.498614979364 1.03962188962 1 1 3 0.27 1
82 4 4.5 0 0 11.2815 0.5 1.33836603165 0.054239344685 1 Lisa  236.81263453799966 0.064 0.209104467465 0.784126686962 1 1 3 0.27 0
83 3 6 0 1 6.867 0.5 2.27618312836 0.0924261407814 1 Lisa  239.26725404100034 0.064 0.757845173101 1.68375698758 1 1 3 0.27 1
84 3 6 0 0 6.867 0.5 2.24363088608 0.0598738985023 1 Lisa  242.64209514100003 0.064 0.491054269388 1.68375698758 1 1 3 0.27 0
85 3 4.5 0 1 12.753 0.5 1.22339987755 0.0283851404208 1 Lisa  245.9950372960002 0.064 0.323287841004 0.695014737127 1 1 3 0.27 1
86 4 6 0 0 11.2815 0.5 1.62514400482 0.0855221152035 1 Lisa  248.32093876700037 0.064 0.306697351457 1.03962188962 1 1 3 0.27 0
87 3 6 0 0 11.2815 0.5 1.63937520981 0.0997533201901 1 Lisa  251.05796985799952 0.064 0.30561032829 1.03962188962 1 1 3 0.27 0
88 3 4.5 0 1 9.81 0.5 1.54894304276 0.149489080213 1 Lisa  253.8033194010004 0.064 0.439603207963 0.899453962542 1 1 3 0.27 1
89 3 4.5 0 1 6.867 0.5 1.89553380013 0.121202925306 1 Lisa  256.458723191 0.064 0.584481830153 1.27433087482 1 1 3 0.27 1
90 4 4.5 0 0 8.3385 0.5 1.69052505493 0.135962825877 1 Lisa  259.460824107 0.064 0.298665860486 1.05456222905 1 1 3 0.27 0
91 4 6 0 1 9.81 0.5 1.88884091377 0.197284975031 1 Lisa  262.2553418870002 0.064 0.581675322266 1.19155593874 1 1 3 0.27 1
92 4 6 0 0 8.3385 0.5 1.93278479576 0.037269397765 1 Lisa  265.25407389300017 0.064 0.380993330053 1.395515398 1 1 3 0.27 0
93 4 4.5 0 1 9.81 0.5 1.65562295914 0.256168996595 1 Lisa  268.29300879899984 0.064 0.431873110363 0.899453962542 1 1 3 0.27 1
94 4 6 0 1 11.2815 0.5 1.58796906471 0.0483471750943 1 Lisa  271.0450238479998 0.064 0.503647889021 1.03962188962 1 1 3 0.27 1
95 3 4.5 0 0 9.81 0.5 1.48434305191 0.0848890893686 1 Lisa  273.74253742400015 0.064 0.239835153157 0.899453962542 1 1 3 0.27 0
96 4 6 0 1 8.3385 0.5 1.93176603317 0.0362506351765 1 Lisa  276.3306272529999 0.064 0.654370198963 1.395515398 1 1 3 0.27 1
97 4 4.5 0 0 9.81 0.5 1.55487394333 0.155419980787 1 Lisa  279.36867273200005 0.064 0.268251686996 0.899453962542 1 1 3 0.27 0
98 4 6 0 0 12.753 0.5 1.6133620739 0.191305386076 1 Lisa  282.0426782409995 0.064 0.265987670635 0.922056687823 1 1 3 0.27 0
99 4 6 0 1 12.753 0.5 1.53050303459 0.108446346769 1 Lisa  284.7766384099996 0.064 0.433854435819 0.922056687823 1 1 3 0.27 1
100 3 4.5 0 0 6.867 0.5 1.81364107132 0.0393101965004 1 Lisa  287.41214517200024 0.064 0.344549412582 1.27433087482 1 1 3 0.27 0
101 3 4.5 0 1 8.3385 0.5 1.72056293488 0.166000705821 1 Lisa  290.314581224 0.064 0.515218055362 1.05456222905 1 1 3 0.27 1
102 3 6 0 1 12.753 0.5 1.68823409081 0.266177402982 1 Lisa  293.14769276399966 0.064 0.432131635143 0.922056687823 1 1 3 0.27 1
103 4 4.5 0 0 6.867 0.5 1.8577170372 0.0833861623818 1 Lisa  295.9316319990003 0.064 0.374458938651 1.27433087482 1 1 3 0.27 0
104 3 6 0 0 9.81 0.5 1.84094786644 0.149391927698 1 Lisa  298.91168251900035 0.064 0.349413015603 1.19155593874 1 1 3 0.27 0
105 4 6 0 0 9.81 0.5 1.73718309402 0.0456271552827 1 Lisa  301.85174084400023 0.064 0.342530776934 1.19155593874 1 1 3 0.27 0
106 3 6 0 1 8.3385 0.5 1.92524003983 0.0297246418294 1 Lisa  304.6963682839996 0.064 0.679888235308 1.395515398 1 1 3 0.27 1
107 4 6 0 0 6.867 0.5 2.30287504196 0.119118054386 1 Lisa  307.7415088070002 0.064 0.460330490592 1.68375698758 1 1 3 0.27 0
108 4 4.5 0 0 12.753 0.5 1.29314613342 0.0981313962955 1 Lisa  311.14755108200006 0.064 0.181094774963 0.695014737127 1 1 3 0.27 0
109 4 4.5 0 1 6.867 0.5 1.91737914085 0.143048266035 1 Lisa  313.542023985 0.064 0.636494836577 1.27433087482 1 1 3 0.27 1
110 3 6 0 0 8.3385 0.5 2.09543299675 0.199917598754 1 Lisa  316.5530682010003 0.064 0.378977044445 1.395515398 1 1 3 0.27 0
111 3 4.5 0 0 8.3385 0.5 1.64516019821 0.0905979691569 1 Lisa  319.7568100649996 0.064 0.291964454584 1.05456222905 1 1 3 0.27 0
112 3 4.5 0 1 11.2815 0.5 1.42349600792 0.139369320958 1 Lisa  322.5079959630002 0.064 0.359051377065 0.784126686962 1 1 3 0.27 1
113 4 4.5 0 1 8.3385 0.5 1.60917210579 0.0546098767344 1 Lisa  325.0290012300002 0.064 0.484723312199 1.05456222905 1 1 3 0.27 1
114 3 4.5 0 0 11.2815 0.5 1.30070400238 0.0165773154187 1 Lisa  327.7433936970001 0.064 0.218537039272 0.784126686962 1 1 3 0.27 0
115 4 6 0 1 6.867 0.5 2.26222205162 0.0784650640449 1 Lisa  330.156550832 0.064 0.82386857656 1.68375698758 1 1 3 0.27 1
116 3 6 0 0 12.753 0.5 1.80604887009 0.383992182264 1 Lisa  333.5097516320002 0.064 0.264248942795 0.922056687823 1 1 3 0.27 0
117 4 4.5 0 1 11.2815 0.5 1.402146101 0.118019414036 1 Lisa  336.4202579310004 0.064 0.367628299505 0.784126686962 1 1 3 0.27 1
118 3 4.5 0 0 12.753 0.5 1.32962417603 0.134609438898 1 Lisa  338.9215997350002 0.064 0.189653495421 0.695014737127 1 1 3 0.27 0
119 3 6 0 1 9.81 0.5 1.704226017 0.0126700782563 1 Lisa  341.3493978790002 0.064 0.556761446359 1.19155593874 1 1 3 0.27 1
120 4 6 0 0 8.3385 0.5 1.97189497948 0.0763795814809 1 Lisa  344.1673465699996 0.064 0.352886705082 1.395515398 1 1 3 0.27 0
121 3 4.5 0 0 9.81 0.5 1.48783802986 0.0883840673197 1 Lisa  347.2411993759997 0.064 0.247304572149 0.899453962542 1 1 3 0.27 0
122 4 4.5 0 1 11.2815 0.5 1.38430595398 0.100179267018 1 Lisa  349.82369061699956 0.064 0.369576272221 0.784126686962 1 1 3 0.27 1
123 3 4.5 0 1 9.81 0.5 1.48048591614 0.0810319535959 1 Lisa  352.3125563370004 0.064 0.445951604802 0.899453962542 1 1 3 0.27 1
124 3 6 0 1 9.81 0.5 1.87338995934 0.181834020593 1 Lisa  354.8596326859997 0.064 0.557148589061 1.19155593874 1 1 3 0.27 1
125 3 4.5 0 0 11.2815 0.5 1.4038541317 0.119727444737 1 Lisa  357.84140012399985 0.064 0.22842446256 0.784126686962 1 1 3 0.27 0
126 3 4.5 0 0 8.3385 0.5 1.61531305313 0.0607508240763 1 Lisa  360.3458217919997 0.064 0.284283511687 1.05456222905 1 1 3 0.27 0
127 3 6 0 0 12.753 0.5 1.55695414543 0.134897457609 1 Lisa  363.0675825039998 0.064 0.25159359472 0.922056687823 1 1 3 0.27 0
128 4 4.5 0 1 8.3385 0.5 1.73179888725 0.177236658198 1 Lisa  365.7246704520003 0.064 0.519619294939 1.05456222905 1 1 3 0.27 1
129 3 6 0 1 8.3385 0.5 2.19072914124 0.295213743239 1 Lisa  368.55964192099964 0.064 0.682177948407 1.395515398 1 1 3 0.27 1
130 4 4.5 0 0 8.3385 0.5 2.15427803993 0.599715810877 1 Lisa  371.8524654519997 0.064 0.309921648816 1.05456222905 1 1 3 0.27 0
131 3 6 0 0 11.2815 0.5 1.65002608299 0.110404193374 1 Lisa  375.1238045600003 0.064 0.283870840035 1.03962188962 1 1 3 0.27 0
132 4 4.5 0 0 12.753 0.5 1.29873394966 0.103719212534 1 Lisa  377.86635155800013 0.064 0.199988640032 0.695014737127 1 1 3 0.27 0
133 4 6 0 0 12.753 0.5 1.60015797615 0.178101288328 1 Lisa  380.2801685960003 0.064 0.249517198791 0.922056687823 1 1 3 0.27 0
134 3 6 0 0 6.867 0.5 2.24724602699 0.0634890394173 1 Lisa  382.9915042700004 0.064 0.438931199472 1.68375698758 1 1 3 0.27 0
135 3 6 0 1 6.867 0.5 2.24504709244 0.0612901048622 1 Lisa  386.3464469869996 0.064 0.798360719039 1.68375698758 1 1 3 0.27 1
136 3 4.5 0 1 6.867 0.5 1.82785701752 0.0535261426979 1 Lisa  389.6725451929997 0.064 0.575885522958 1.27433087482 1 1 3 0.27 1
137 3 6 0 1 12.753 0.5 1.58505487442 0.162998186597 1 Lisa  392.6042968669999 0.064 0.454709966895 0.922056687823 1 1 3 0.27 1
138 4 4.5 0 0 6.867 0.5 1.73122501373 -0.0431058610863 1 Lisa  395.3138667229996 0.064 0.364205854724 1.27433087482 1 1 3 0.27 0
139 4 4.5 0 0 11.2815 0.5 1.3632581234 0.0791314364361 1 Lisa  398.1418695120001 0.064 0.217825323465 0.784126686962 1 1 3 0.27 0
140 4 4.5 0 1 12.753 0.5 1.26561403275 0.070599295618 1 Lisa  400.6013749900003 0.064 0.313273773044 0.695014737127 1 1 3 0.27 1
141 4 6 0 1 11.2815 0.5 1.55303907394 0.0134171843259 1 Lisa  402.9696107359996 0.064 0.488042022672 1.03962188962 1 1 3 0.27 1
142 4 6 0 1 12.753 0.5 1.45343995094 0.0313832631202 1 Lisa  405.6189672869996 0.064 0.451263672229 0.922056687823 1 1 3 0.27 1
143 4 6 0 1 8.3385 0.5 2.02924895287 0.13373355487 1 Lisa  408.2042138180004 0.064 0.628402783519 1.395515398 1 1 3 0.27 1
144 3 4.5 0 1 8.3385 0.5 1.56392502785 0.00936279879253 1 Lisa  411.32016969399956 0.064 0.486990682277 1.05456222905 1 1 3 0.27 1
145 3 4.5 0 1 11.2815 0.5 1.36133217812 0.0772054911541 1 Lisa  413.9815648880003 0.064 0.363448534839 0.784126686962 1 1 3 0.27 1
146 3 6 0 0 9.81 0.5 1.74768400192 0.0561280631806 1 Lisa  416.45000327900016 0.064 0.351037673005 1.19155593874 1 1 3 0.27 0
147 4 4.5 0 0 9.81 0.5 1.49894189835 0.0994879358042 1 Lisa  419.2854721220001 0.064 0.255605794028 0.899453962542 1 1 3 0.27 0
148 4 4.5 0 1 6.867 0.5 1.86146998405 0.0871391092354 1 Lisa  421.88413242299976 0.064 0.588414106415 1.27433087482 1 1 3 0.27 1
149 4 6 0 0 9.81 0.5 1.73480081558 0.0432448768403 1 Lisa  424.8463600340001 0.064 0.341705602046 1.19155593874 1 1 3 0.27 0
150 4 6 0 1 6.867 0.5 2.28116583824 0.097408850666 1 Lisa  427.6825038119996 0.064 0.817868074729 1.68375698758 1 1 3 0.27 1
151 4 6 0 0 11.2815 0.5 1.73709511757 0.197473227951 1 Lisa  431.0812733590001 0.064 0.271352508349 1.03962188962 1 1 3 0.27 0
152 4 4.5 0 1 9.81 0.5 1.38670682907 -0.0127471334708 1 Lisa  433.92089849399963 0.064 0.441907075839 0.899453962542 1 1 3 0.27 1
153 3 4.5 0 0 6.867 0.5 1.81153702736 0.0372061525398 1 Lisa  436.4098310669997 0.064 0.356689377742 1.27433087482 1 1 3 0.27 0
154 3 6 0 0 8.3385 0.5 2.04094696045 0.145431562453 1 Lisa  439.3350695879999 0.064 0.363845869808 1.395515398 1 1 3 0.27 0
155 4 6 0 1 9.81 0.5 1.84205198288 0.150496044138 1 Lisa  442.46649716699994 0.064 0.545844615268 1.19155593874 1 1 3 0.27 1
156 3 4.5 0 0 12.753 0.5 1.23841309547 0.0433983583468 1 Lisa  445.4062813070004 0.064 0.178295402314 0.695014737127 1 1 3 0.27 0
157 3 4.5 0 1 12.753 0.5 1.3638010025 0.168786265375 1 Lisa  447.74054237400014 0.064 0.337434873173 0.695014737127 1 1 3 0.27 1
158 4 6 0 0 6.867 0.5 2.24416804314 0.0604110555611 1 Lisa  450.20640097199976 0.064 0.45071897356 1.68375698758 1 1 3 0.27 0
159 3 6 0 1 11.2815 0.5 1.73920989037 0.199588000747 1 Lisa  453.54900857899975 0.064 0.474769790403 1.03962188962 1 1 3 0.27 1
160 3 6 0 1 9.81 0.5 1.74172592163 0.0501699828889 1 Lisa  456.39484133099995 0.064 0.540413677288 1.19155593874 1 1 3 0.27 1
161 3 6 0 0 12.753 0.5 1.51927089691 0.0972142090888 1 Lisa  459.2429177089998 0.064 0.261021306745 0.922056687823 1 1 3 0.27 0
162 4 4.5 0 0 6.867 0.5 1.85212898254 0.0777981077248 1 Lisa  461.86253885800033 0.064 0.342976929701 1.27433087482 1 1 3 0.27 0
163 4 4.5 0 1 8.3385 0.5 1.75379419327 0.199231964213 1 Lisa  464.82022501899974 0.064 0.480630637028 1.05456222905 1 1 3 0.27 1
164 3 4.5 0 1 12.753 0.5 1.21068906784 0.0156743307132 1 Lisa  467.68926542400004 0.064 0.314460986881 0.695014737127 1 1 3 0.27 1
165 3 4.5 0 1 11.2815 0.5 1.39479494095 0.110668253987 1 Lisa  470.01545831600015 0.064 0.356706648854 0.784126686962 1 1 3 0.27 1
166 4 6 0 1 8.3385 0.5 2.11457300186 0.219057603866 1 Lisa  472.5039759729998 0.064 0.68050818485 1.395515398 1 1 3 0.27 1
167 3 6 0 0 11.2815 0.5 1.62172889709 0.0821070074765 1 Lisa  475.7248254650003 0.064 0.280854865767 1.03962188962 1 1 3 0.27 0
168 4 6 0 1 11.2815 0.5 1.53970003128 7.81416622886e-05 1 Lisa  478.4568475570004 0.064 0.475942782988 1.03962188962 1 1 3 0.27 1
169 3 6 0 0 6.867 0.5 2.23485302925 0.0510960416756 1 Lisa  481.0973158320003 0.064 0.49827209692 1.68375698758 1 1 3 0.27 0
170 4 4.5 0 1 6.867 0.5 1.71211218834 -0.0622186864799 1 Lisa  484.44080654000027 0.064 0.59312219867 1.27433087482 1 1 3 0.27 1
171 3 6 0 0 8.3385 0.5 2.02419090271 0.128675504714 1 Lisa  487.26041495000027 0.064 0.353490006232 1.395515398 1 1 3 0.27 0
172 3 4.5 0 0 8.3385 0.5 1.59384202957 0.0392798005168 1 Lisa  490.3830179079996 0.064 0.31473177238 1.05456222905 1 1 3 0.27 0
173 3 4.5 0 0 12.753 0.5 1.24922204018 0.054207303049 1 Lisa  493.08302232000005 0.064 0.206023438865 0.695014737127 1 1 3 0.27 0
174 4 4.5 0 1 12.753 0.5 1.29692006111 0.101905323984 1 Lisa  495.4197746540003 0.064 0.341767498681 0.695014737127 1 1 3 0.27 1
175 3 6 0 1 6.867 0.5 2.20387506485 0.0201180772743 1 Lisa  497.82108736899954 0.064 0.817044848621 1.68375698758 1 1 3 0.27 1
176 4 4.5 0 0 8.3385 0.5 1.59383320808 0.0392709790293 1 Lisa  501.1363575309997 0.064 0.286468228892 1.05456222905 1 1 3 0.27 0
177 4 4.5 0 0 12.753 0.5 1.27953791618 0.0845231790561 1 Lisa  503.84021616599966 0.064 0.198500579349 0.695014737127 1 1 3 0.27 0
178 4 6 0 1 12.753 0.5 2.31995606422 0.897899376401 1 Lisa  506.23002963900035 0.064 0.446420770586 0.922056687823 1 1 3 0.27 1
179 3 4.5 0 0 6.867 0.5 2.31995606422 0.897899376401 1 Lisa  508.86800510099965 0.064 0.378342361339 1.27433087482 1 1 3 0.27 0
180 3 4.5 0 1 6.867 0.5 2.00620794296 0.231877068143 1 Lisa  509.6750564439999 0.064 0.626106267213 1.27433087482 1 1 3 0.27 1
181 3 4.5 0 0 11.2815 0.5 1.36774587631 0.0836191893505 1 Lisa  512.7836566710002 0.064 0.2039465216 0.784126686962 1 1 3 0.27 0
182 4 6 0 1 9.81 0.5 1.98896503448 0.297409095743 1 Lisa  515.2460862509997 0.064 0.541366359439 1.19155593874 1 1 3 0.27 1
183 4 6 0 0 11.2815 0.5 1.6895339489 0.14991205928 1 Lisa  518.3487895279995 0.064 0.280528843032 1.03962188962 1 1 3 0.27 0
184 4 6 0 0 6.867 0.5 2.40464186668 0.220884879108 1 Lisa  521.1585837299999 0.064 0.50478954936 1.68375698758 1 1 3 0.27 0
185 3 6 0 1 8.3385 0.5 2.16782689095 0.272311492949 1 Lisa  524.661394795 0.064 0.696413420368 1.395515398 1 1 3 0.27 1
186 3 6 0 0 9.81 0.5 1.71879816055 0.027242221811 1 Lisa  527.9285765220002 0.064 0.333375356832 1.19155593874 1 1 3 0.27 0
187 3 6 0 1 11.2815 0.5 1.69161391258 0.151992022964 1 Lisa  530.7487549779999 0.064 0.472965543404 1.03962188962 1 1 3 0.27 1
188 4 6 0 0 12.753 0.5 1.62763786316 0.205581175336 1 Lisa  533.5379917310001 0.064 0.259123475745 0.922056687823 1 1 3 0.27 0
189 4 4.5 0 0 11.2815 0.5 1.30331993103 0.0191932440686 1 Lisa  536.2665550049996 0.064 0.223320379863 0.784126686962 1 1 3 0.27 0
190 4 4.5 0 1 11.2815 0.5 1.28784894943 0.00372226247066 1 Lisa  538.6898711920003 0.064 0.368054420956 0.784126686962 1 1 3 0.27 1
191 4 4.5 0 1 9.81 0.5 1.34903287888 -0.0504210836661 1 Lisa  541.0680554239998 0.064 0.428676797257 0.899453962542 1 1 3 0.27 1
192 4 6 0 0 8.3385 0.5 1.88409280777 -0.0114225902263 1 Lisa  543.539954764 0.064 0.371546362223 1.395515398 1 1 3 0.27 0
193 4 6 0 1 6.867 0.5 2.53873300552 0.354976017948 1 Lisa  546.5478554199999 0.064 0.800059115804 1.68375698758 1 1 3 0.27 1
194 3 4.5 0 1 9.81 0.5 1.41478013992 0.0153261773813 1 Lisa  550.1873617390002 0.064 0.433805762228 0.899453962542 1 1 3 0.27 1
195 4 4.5 0 0 9.81 0.5 1.53067398071 0.131220018171 1 Lisa  552.7015912910001 0.064 0.269533240968 0.899453962542 1 1 3 0.27 0
196 3 4.5 0 0 9.81 0.5 1.48499202728 0.0855380647409 1 Lisa  555.327001822 0.064 0.257285924082 0.899453962542 1 1 3 0.27 0
197 3 6 0 1 12.753 0.5 1.59478998184 0.172733294019 1 Lisa  557.9321305719996 0.064 0.459504529265 0.922056687823 1 1 3 0.27 1
198 3 4.5 0 1 8.3385 0.5 1.77596402168 0.221401792628 1 Lisa  560.625476446 0.064 0.480161744502 1.05456222905 1 1 3 0.27 1
199 4 6 0 0 9.81 0.5 1.72091007233 0.0293541335847 1 Lisa  563.5113649220002 0.064 0.325976882053 1.19155593874 1 1 3 0.27 0
200 3 4.5 0 1 9.81 0.5 1.50323820114 0.1037842386 1 Lisa  566.3271597849998 0.064 0.424713518606 0.899453962542 1 1 3 0.27 1
201 3 4.5 0 0 6.867 0.5 1.75774002075 -0.0165908540672 1 Lisa  568.9391499049998 0.064 0.321095775676 1.27433087482 1 1 3 0.27 0
202 4 6 0 1 9.81 0.5 1.86733984947 0.17578391073 1 Lisa  571.7862099759996 0.064 0.586749262465 1.19155593874 1 1 3 0.27 1
203 3 4.5 0 1 8.3385 0.5 1.72477197647 0.170209747416 1 Lisa  574.764452982 0.064 0.514600474815 1.05456222905 1 1 3 0.27 1
204 4 6 0 1 12.753 0.5 1.59432005882 0.172263371 1 Lisa  577.6141809319997 0.064 0.416307499861 0.922056687823 1 1 3 0.27 1
205 3 4.5 0 1 12.753 0.5 1.30064892769 0.105634190561 1 Lisa  580.3374641809996 0.064 0.334518366738 0.695014737127 1 1 3 0.27 1
206 3 6 0 1 11.2815 0.5 1.67812991142 0.138508021805 1 Lisa  582.7488272339997 0.064 0.47572981103 1.03962188962 1 1 3 0.27 1
207 4 6 0 0 6.867 0.5 2.31561183929 0.131854851719 1 Lisa  585.5402880049996 0.064 0.442513791458 1.68375698758 1 1 3 0.27 0
208 3 6 0 1 6.867 0.5 2.17418694496 -0.00957004261399 1 Lisa  588.9595982359997 0.064 0.777697132422 1.68375698758 1 1 3 0.27 1
209 3 4.5 0 1 6.867 0.5 1.76178812981 -0.0125427450126 1 Lisa  592.2473274719996 0.064 0.627532769929 1.27433087482 1 1 3 0.27 1
210 4 6 0 1 8.3385 0.5 1.93874502182 0.043229623824 1 Lisa  595.1187313310002 0.064 0.64463612665 1.395515398 1 1 3 0.27 1
211 4 6 0 0 8.3385 0.5 1.85429096222 -0.0412244357768 1 Lisa  598.1810341520004 0.064 0.396946067577 1.395515398 1 1 3 0.27 0
212 4 4.5 0 0 11.2815 0.5 1.35189890862 0.0677722216534 1 Lisa  601.1558568339997 0.064 0.218488790689 0.784126686962 1 1 3 0.27 0
213 4 6 0 1 11.2815 0.5 1.47517514229 -0.06444674733 1 Lisa  603.6009166200001 0.064 0.501810588164 1.03962188962 1 1 3 0.27 1
214 4 4.5 0 0 12.753 0.5 1.2169687748 0.0219540376681 1 Lisa  606.1964332819998 0.064 0.194362453538 0.695014737127 1 1 3 0.27 0
215 4 4.5 0 0 6.867 0.5 1.74498486519 -0.0293460096306 1 Lisa  608.5202022780004 0.064 0.379351113486 1.27433087482 1 1 3 0.27 0
216 3 6 0 0 8.3385 0.5 1.92484712601 0.029331728011 1 Lisa  611.3865789709998 0.064 0.363885884432 1.395515398 1 1 3 0.27 0
217 4 6 0 0 9.81 0.5 1.81486296654 0.123307027796 1 Lisa  614.438576599 0.064 0.349241643574 1.19155593874 1 1 3 0.27 0
218 4 4.5 0 1 8.3385 0.5 1.50729990005 -0.0472623289998 1 Lisa  617.365259182 0.064 0.525120641199 1.05456222905 1 1 3 0.27 1
219 4 6 0 0 12.753 0.5 1.52049303055 0.0984363427253 1 Lisa  619.9849260230003 0.064 0.239414511756 0.922056687823 1 1 3 0.27 0
220 4 4.5 0 0 8.3385 0.5 1.56881690025 0.0142546711985 1 Lisa  622.6336077570004 0.064 0.27653341879 1.05456222905 1 1 3 0.27 0
221 3 4.5 0 0 9.81 0.5 1.47755599022 0.0781020276773 1 Lisa  625.3239209470003 0.064 0.239603349919 0.899453962542 1 1 3 0.27 0
222 3 6 0 0 11.2815 0.5 1.70085811615 0.161236226532 1 Lisa  627.9207467489996 0.064 0.289480086148 1.03962188962 1 1 3 0.27 0
223 3 4.5 0 0 8.3385 0.5 1.71351003647 0.158947807414 1 Lisa  630.7308288599997 0.064 0.312559105043 1.05456222905 1 1 3 0.27 0
224 4 6 0 0 11.2815 0.5 1.59252786636 0.0529059767453 1 Lisa  633.5697127519998 0.064 0.302685253898 1.03962188962 1 1 3 0.27 0
225 3 4.5 0 0 11.2815 0.5 1.37605214119 0.0919254542279 1 Lisa  636.2663871450004 0.064 0.227054998662 0.784126686962 1 1 3 0.27 0
226 3 6 0 1 9.81 0.5 1.79241394997 0.100858011224 1 Lisa  638.7615709820002 0.064 0.541859865681 1.19155593874 1 1 3 0.27 1
227 4 6 0 1 6.867 0.5 1.87377309799 -0.309983889584 1 Lisa  641.6589956629996 0.064 0.768060571952 1.68375698758 1 1 3 0.27 1
228 3 4.5 0 1 11.2815 0.5 1.41152691841 0.12740023145 1 Lisa  644.6486752629999 0.064 0.36351095568 0.784126686962 1 1 3 0.27 1
229 3 6 0 0 9.81 0.5 1.79360294342 0.102047004678 1 Lisa  647.1784351599999 0.064 0.313227000099 1.19155593874 1 1 3 0.27 0
230 3 6 0 0 6.867 0.5 2.18237185478 -0.00138513279343 1 Lisa  650.081020003 0.064 0.442459254218 1.68375698758 1 1 3 0.27 0
231 4 4.5 0 1 12.753 0.5 1.25377011299 0.0587553758639 1 Lisa  653.3601369179996 0.064 0.314255551029 0.695014737127 1 1 3 0.27 1
232 4 4.5 0 1 9.81 0.5 1.44150590897 0.0420519464243 1 Lisa  655.7364172449998 0.064 0.409069736579 0.899453962542 1 1 3 0.27 1
233 3 4.5 0 0 12.753 0.5 1.2576611042 0.0626463670749 1 Lisa  658.28896867 0.064 0.175045822748 0.695014737127 1 1 3 0.27 0
234 4 4.5 0 1 11.2815 0.5 1.24420619011 -0.0399204968525 1 Lisa  660.661364388 0.064 0.376600490273 0.784126686962 1 1 3 0.27 1
235 3 6 0 0 12.753 0.5 1.51431703568 0.0922603478522 1 Lisa  663.0159090249999 0.064 0.270461539247 0.922056687823 1 1 3 0.27 0
236 4 4.5 0 0 9.81 0.5 1.49313306808 0.0936791055429 1 Lisa  665.6243156909995 0.064 0.241604973172 0.899453962542 1 1 3 0.27 0
237 3 6 0 1 8.3385 0.5 1.93259096146 0.0370755634602 1 Lisa  668.2235519710002 0.064 0.633135027253 1.395515398 1 1 3 0.27 1
238 4 4.5 0 1 6.867 0.5 1.90206003189 0.127729157072 1 Lisa  671.2532045300004 0.064 0.623728784873 1.27433087482 1 1 3 0.27 1
239 3 6 0 1 12.753 0.5 1.66905093193 0.246994244108 1 Lisa  674.2843876050001 0.064 0.416599760044 0.922056687823 1 1 3 0.27 1
