trial vx vy vz LongOcclusion g timeStill rTime TemporalError environment id pupiltime IOD OccludedTimeOfTrajectory FlightDuration Drag DragFirst block accuracy LongOcclusion
0 4 4.5 0 1 6.867 0.5 2.00896906853 0.234638193708 1 bjorn  2.769101435000266 0.065 0.580133529957 1.27433087482 1 1 2 0.3 1
1 3 6 0 1 9.81 0.5 1.7287800312 0.0372240924623 1 bjorn  5.889308756999526 0.065 0.560857948863 1.19155593874 1 1 2 0.3 1
2 4 4.5 0 0 6.867 0.5 1.74840402603 -0.0259268487877 1 bjorn  8.707702915000482 0.065 0.337740522884 1.27433087482 1 1 2 0.3 0
3 4 4.5 0 1 12.753 0.5 1.26797103882 0.072956301691 1 bjorn  11.570724965000409 0.065 0.327247880317 0.695014737127 1 1 2 0.3 1
4 4 4.5 0 0 12.753 0.5 1.14309287071 -0.0519218664151 1 bjorn  13.957902440999533 0.065 0.194911155241 0.695014737127 1 1 2 0.3 0
5 4 6 0 1 8.3385 0.5 1.86054205894 -0.0349733390514 1 bjorn  16.194680092999988 0.065 0.683783900795 1.395515398 1 1 2 0.3 1
6 3 4.5 0 0 12.753 0.5 1.19067788124 -0.00433685588655 1 bjorn  19.16474484399987 0.065 0.19996164281 0.695014737127 1 1 2 0.3 0
7 3 6 0 0 11.2815 0.5 1.48363208771 -0.0559898019107 1 bjorn  21.455765209000674 0.065 0.29539114769 1.03962188962 1 1 2 0.3 0
8 3 6 0 1 8.3385 0.5 1.83454084396 -0.0609745540324 1 bjorn  24.05156643999908 0.065 0.655736962644 1.395515398 1 1 2 0.3 1
9 3 6 0 0 6.867 0.5 2.19719290733 0.0134359197578 1 bjorn  26.987384736999957 0.065 0.439660477725 1.68375698758 1 1 2 0.3 0
10 4 4.5 0 0 9.81 0.5 1.38526988029 -0.014184082247 1 bjorn  30.29796467899905 0.065 0.242671075346 0.899453962542 1 1 2 0.3 0
11 4 6 0 0 9.81 0.5 1.74214100838 0.0505850696351 1 bjorn  32.78466747600032 0.065 0.341210966346 1.19155593874 1 1 2 0.3 0
12 3 6 0 1 12.753 0.5 1.48511695862 0.0630602707954 1 bjorn  35.61777978200007 0.065 0.442315704779 0.922056687823 1 1 2 0.3 1
13 4 6 0 1 12.753 0.5 1.45683693886 0.0347802510352 1 bjorn  38.207498396999654 0.065 0.42741391051 0.922056687823 1 1 2 0.3 1
14 4 4.5 0 0 11.2815 0.5 1.27307486534 -0.0110518216205 1 bjorn  40.76478748000045 0.065 0.229666689687 0.784126686962 1 1 2 0.3 0
15 4 6 0 0 8.3385 0.5 1.94918084145 0.0536654434499 1 bjorn  43.12981901199964 0.065 0.38358698112 1.395515398 1 1 2 0.3 0
16 4 4.5 0 1 9.81 0.5 1.37240099907 -0.0270529634726 1 bjorn  46.17224868300036 0.065 0.413596876749 0.899453962542 1 1 2 0.3 1
17 3 4.5 0 1 8.3385 0.5 1.48214507103 -0.0724171580251 1 bjorn  48.63928790200043 0.065 0.504451856671 1.05456222905 1 1 2 0.3 1
18 3 6 0 1 11.2815 0.5 1.57525086403 0.0356289744107 1 bjorn  51.24080401500032 0.065 0.512175581361 1.03962188962 1 1 2 0.3 1
19 3 4.5 0 0 9.81 0.5 1.40178012848 0.00232616593721 1 bjorn  53.921121071000016 0.065 0.227589904518 0.899453962542 1 1 2 0.3 0
20 3 4.5 0 0 11.2815 0.5 1.27556586266 -0.00856082430608 1 bjorn  56.41748715799986 0.065 0.204071838366 0.784126686962 1 1 2 0.3 0
21 4 6 0 0 11.2815 0.5 1.52987098694 -0.00975090267975 1 bjorn  58.777993181000056 0.065 0.311268344996 1.03962188962 1 1 2 0.3 0
22 4 6 0 1 6.867 0.5 2.22569894791 0.041941960331 1 bjorn  61.41668257600031 0.065 0.836369782835 1.68375698758 1 1 2 0.3 1
23 3 6 0 0 8.3385 0.5 1.97725510597 0.0817397079762 1 bjorn  64.75792856499902 0.065 0.40233557572 1.395515398 1 1 2 0.3 0
24 4 4.5 0 0 8.3385 0.5 1.46779417992 -0.0867680491384 1 bjorn  67.82910592400003 0.065 0.284845631034 1.05456222905 1 1 2 0.3 0
25 3 4.5 0 1 9.81 0.5 1.29576396942 -0.10368999312 1 bjorn  70.39827727299962 0.065 0.434043892523 0.899453962542 1 1 2 0.3 1
26 3 4.5 0 0 8.3385 0.5 1.50017690659 -0.0543853224691 1 bjorn  72.79643256999952 0.065 0.272197044174 1.05456222905 1 1 2 0.3 0
27 3 6 0 1 6.867 0.5 2.12496399879 -0.058792988781 1 bjorn  75.39893881100033 0.065 0.809637991467 1.68375698758 1 1 2 0.3 1
28 3 6 0 0 9.81 0.5 1.61622595787 -0.0753299808715 1 bjorn  78.6326724190003 0.065 0.338517267973 1.19155593874 1 1 2 0.3 0
29 3 6 0 0 12.753 0.5 1.36940789223 -0.0526487955956 1 bjorn  81.35148370199931 0.065 0.267506401532 0.922056687823 1 1 2 0.3 0
30 4 4.5 0 1 11.2815 0.5 1.26164603233 -0.0224806546283 1 bjorn  83.80878232400028 0.065 0.353715894659 0.784126686962 1 1 2 0.3 1
31 3 4.5 0 0 6.867 0.5 1.64778900146 -0.126541873354 1 bjorn  86.17250670099929 0.065 0.332338657281 1.27433087482 1 1 2 0.3 0
32 4 6 0 0 6.867 0.5 2.2061419487 0.0223849611244 1 bjorn  88.92675724400033 0.065 0.448101841173 1.68375698758 1 1 2 0.3 0
33 4 6 0 1 9.81 0.5 1.60588693619 -0.0856690025542 1 bjorn  92.23341530899961 0.065 0.595707513086 1.19155593874 1 1 2 0.3 1
34 3 4.5 0 1 11.2815 0.5 1.27189397812 -0.0122327088428 1 bjorn  94.94106075799937 0.065 0.3800559218 0.784126686962 1 1 2 0.3 1
35 4 6 0 0 12.753 0.5 1.42451500893 0.00245832110358 1 bjorn  97.30660605599951 0.065 0.237833034395 0.922056687823 1 1 2 0.3 0
36 4 6 0 1 11.2815 0.5 1.55989003181 0.0202681421963 1 bjorn  99.83981412200046 0.065 0.500118544186 1.03962188962 1 1 2 0.3 1
37 3 4.5 0 1 6.867 0.5 1.67398619652 -0.100344678301 1 bjorn  102.49573722899913 0.065 0.596666688812 1.27433087482 1 1 2 0.3 1
38 4 4.5 0 1 8.3385 0.5 1.59784889221 0.0432866631572 1 bjorn  105.2616645979997 0.065 0.502696597141 1.05456222905 1 1 2 0.3 1
39 3 4.5 0 1 12.753 0.5 1.20040488243 0.00539014530363 1 bjorn  107.95260423800028 0.065 0.343819823296 0.695014737127 1 1 2 0.3 1
40 3 4.5 0 1 12.753 0.5 1.25796794891 0.0629532117862 1 bjorn  110.26066771899968 0.065 0.317874858463 0.695014737127 1 1 2 0.3 1
41 3 6 0 1 9.81 0.5 1.63571810722 -0.0558378315185 1 bjorn  112.63085405499987 0.065 0.591825796355 1.19155593874 1 1 2 0.3 1
42 4 6 0 1 6.867 0.5 2.1366019249 -0.0471550626793 1 bjorn  115.35586376100036 0.065 0.81935194599 1.68375698758 1 1 2 0.3 1
43 4 6 0 0 6.867 0.5 2.13963103294 -0.0441259546318 1 bjorn  118.60591880500033 0.065 0.428358616537 1.68375698758 1 1 2 0.3 0
44 4 6 0 0 9.81 0.5 1.71025800705 0.0187020683076 1 bjorn  121.83767100499972 0.065 0.331038684223 1.19155593874 1 1 2 0.3 0
45 3 4.5 0 0 9.81 0.5 1.3778181076 -0.0216358549368 1 bjorn  124.65368663799927 0.065 0.261263705157 0.899453962542 1 1 2 0.3 0
46 3 6 0 0 6.867 0.5 2.24885487556 0.065097887989 1 bjorn  127.14430465800069 0.065 0.455923263993 1.68375698758 1 1 2 0.3 0
47 3 6 0 1 6.867 0.5 2.14758896828 -0.0361680192986 1 bjorn  130.4873563330002 0.065 0.820731946415 1.68375698758 1 1 2 0.3 1
48 3 4.5 0 1 9.81 0.5 1.43104696274 0.0315930001962 1 bjorn  133.731805206 0.065 0.424677932186 0.899453962542 1 1 2 0.3 1
49 3 6 0 1 12.753 0.5 1.53492307663 0.112866388807 1 bjorn  136.2655110729993 0.065 0.449047343432 0.922056687823 1 1 2 0.3 1
50 4 4.5 0 0 6.867 0.5 1.66119909286 -0.113131781954 1 bjorn  138.91280056600044 0.065 0.321117788469 1.27433087482 1 1 2 0.3 0
51 4 6 0 1 12.753 0.5 1.4416539669 0.0195972790809 1 bjorn  141.6854775539996 0.065 0.445512955902 0.922056687823 1 1 2 0.3 1
52 4 4.5 0 0 9.81 0.5 1.43118405342 0.0317300908792 1 bjorn  144.22897979799927 0.065 0.238203375511 0.899453962542 1 1 2 0.3 0
53 3 4.5 0 0 6.867 0.5 1.73687505722 -0.0374558175987 1 bjorn  146.76251485600005 0.065 0.350812922844 1.27433087482 1 1 2 0.3 0
54 3 4.5 0 1 11.2815 0.5 1.22938799858 -0.0547386883808 1 bjorn  149.600730361999 0.065 0.389670526459 0.784126686962 1 1 2 0.3 1
55 3 6 0 0 9.81 0.5 1.73443007469 0.0428741359498 1 bjorn  151.944789141 0.065 0.345272781325 1.19155593874 1 1 2 0.3 0
56 4 6 0 0 8.3385 0.5 1.92982196808 0.0343065700825 1 bjorn  154.79497839100077 0.065 0.398071145792 1.395515398 1 1 2 0.3 0
57 3 4.5 0 1 6.867 0.5 1.73645496368 -0.0378759111351 1 bjorn  157.82509306199972 0.065 0.611338042223 1.27433087482 1 1 2 0.3 1
58 4 6 0 1 9.81 0.5 1.72930002213 0.0377440833833 1 bjorn  160.66285962499933 0.065 0.553702614479 1.19155593874 1 1 2 0.3 1
59 4 6 0 0 12.753 0.5 1.46202993393 0.0399732461066 1 bjorn  163.48902644400005 0.065 0.261596388172 0.922056687823 1 1 2 0.3 0
60 3 6 0 1 8.3385 0.5 1.92015600204 0.0246406040486 1 bjorn  166.06340083299983 0.065 0.654780199873 1.395515398 1 1 2 0.3 1
61 3 6 0 0 8.3385 0.5 1.85265111923 -0.0428642787639 1 bjorn  169.086837457 0.065 0.405429225679 1.395515398 1 1 2 0.3 0
62 4 4.5 0 0 8.3385 0.5 1.52224802971 -0.0323141993459 1 bjorn  172.04826140300065 0.065 0.306968044982 1.05456222905 1 1 2 0.3 0
63 3 6 0 0 11.2815 0.5 1.51446795464 -0.0251539349826 1 bjorn  174.67427158600003 0.065 0.299666132173 1.03962188962 1 1 2 0.3 0
64 4 4.5 0 0 11.2815 0.5 1.26899814606 -0.0151285409046 1 bjorn  177.29357376500047 0.065 0.202028799466 0.784126686962 1 1 2 0.3 0
65 3 4.5 0 1 8.3385 0.5 1.4756360054 -0.0789262236532 1 bjorn  179.67177912499938 0.065 0.50284003553 1.05456222905 1 1 2 0.3 1
66 3 4.5 0 0 8.3385 0.5 1.50138306618 -0.0531791628774 1 bjorn  182.2371808349999 0.065 0.301000555584 1.05456222905 1 1 2 0.3 0
67 3 4.5 0 0 11.2815 0.5 1.23238015175 -0.0517465352131 1 bjorn  184.84462922800049 0.065 0.201587355527 0.784126686962 1 1 2 0.3 0
68 4 4.5 0 1 8.3385 0.5 1.48260617256 -0.0719560564931 1 bjorn  187.17152098099905 0.065 0.485155519319 1.05456222905 1 1 2 0.3 1
69 4 4.5 0 1 9.81 0.5 1.42540597916 0.0259520166147 1 bjorn  189.75203330799923 0.065 0.447152249662 0.899453962542 1 1 2 0.3 1
70 3 4.5 0 0 12.753 0.5 1.26269197464 0.0676772375125 1 bjorn  192.27433542899962 0.065 0.179984899973 0.695014737127 1 1 2 0.3 0
71 4 4.5 0 1 6.867 0.5 1.70489406586 -0.0694368089622 1 bjorn  194.63128866899933 0.065 0.575600669514 1.27433087482 1 1 2 0.3 1
72 3 6 0 1 11.2815 0.5 1.65652394295 0.116902053329 1 bjorn  197.45299451500068 0.065 0.470557063278 1.03962188962 1 1 2 0.3 1
73 3 6 0 0 12.753 0.5 1.41200709343 -0.0100495943932 1 bjorn  200.21580742200058 0.065 0.259282067606 0.922056687823 1 1 2 0.3 0
74 4 6 0 1 11.2815 0.5 1.58615207672 0.046530187103 1 bjorn  202.72518565800056 0.065 0.488444804445 1.03962188962 1 1 2 0.3 1
75 4 4.5 0 1 11.2815 0.5 1.27397084236 -0.0101558446003 1 bjorn  205.41991956899983 0.065 0.359788009241 0.784126686962 1 1 2 0.3 1
76 4 4.5 0 0 12.753 0.5 1.28135800362 0.0863432664889 1 bjorn  207.78168393099986 0.065 0.196186104168 0.695014737127 1 1 2 0.3 0
77 4 4.5 0 1 12.753 0.5 1.25638198853 0.061367251398 1 bjorn  210.16346132999934 0.065 0.326004463689 0.695014737127 1 1 2 0.3 1
78 4 6 0 0 11.2815 0.5 1.5545809269 0.0149590372769 1 bjorn  212.53857699400032 0.065 0.27912535969 1.03962188962 1 1 2 0.3 0
79 4 6 0 1 8.3385 0.5 1.96508693695 0.0695715389546 1 bjorn  215.18666811799994 0.065 0.67842726522 1.395515398 1 1 2 0.3 1
80 4 6 0 1 12.753 0.5 1.5134499073 0.09139321948 1 bjorn  218.24321347600016 0.065 0.459268491139 0.922056687823 1 1 2 0.3 1
81 3 4.5 0 0 6.867 0.5 1.73061108589 -0.0437197889274 1 bjorn  220.86542991100032 0.065 0.362933741868 1.27433087482 1 1 2 0.3 0
82 4 4.5 0 1 11.2815 0.5 1.41936707497 0.135240388005 1 bjorn  223.68367175499952 0.065 0.365070278425 0.784126686962 1 1 2 0.3 1
83 3 6 0 0 8.3385 0.5 1.87884497643 -0.0166704215709 1 bjorn  226.20914948800055 0.065 0.38102434079 1.395515398 1 1 2 0.3 0
84 4 4.5 0 1 12.753 0.5 1.24347615242 0.0484614152926 1 bjorn  229.19150843600073 0.065 0.316486525212 0.695014737127 1 1 2 0.3 1
85 3 6 0 0 6.867 0.5 2.1826479435 -0.00110904407883 1 bjorn  231.54132138100067 0.065 0.427624134647 1.68375698758 1 1 2 0.3 0
86 4 6 0 0 9.81 0.5 1.75322508812 0.0616691493775 1 bjorn  234.83601448599984 0.065 0.301661531924 1.19155593874 1 1 2 0.3 0
87 4 4.5 0 0 6.867 0.5 1.71592998505 -0.0584008897728 1 bjorn  237.69595353300065 0.065 0.360720513685 1.27433087482 1 1 2 0.3 0
88 3 4.5 0 1 9.81 0.5 1.43813920021 0.0386852376688 1 bjorn  240.520129782999 0.065 0.426432255056 0.899453962542 1 1 2 0.3 1
89 4 6 0 1 6.867 0.5 2.17281484604 -0.0109421415367 1 bjorn  243.05471288199988 0.065 0.784052164778 1.68375698758 1 1 2 0.3 1
90 3 6 0 1 11.2815 0.5 2.09834909439 0.558727204773 1 bjorn  246.32112665100067 0.065 0.511086270362 1.03962188962 1 1 2 0.3 1
91 4 6 0 0 11.2815 0.5 1.59814405441 0.0585221647946 1 bjorn  249.51111810600014 0.065 0.303950891787 1.03962188962 1 1 2 0.3 0
92 3 4.5 0 1 12.753 0.5 1.19567298889 0.000658251764202 1 bjorn  252.2015621850005 0.065 0.313208789559 0.695014737127 1 1 2 0.3 1
93 4 6 0 0 12.753 0.5 1.45687890053 0.0348222127051 1 bjorn  254.5033497559998 0.065 0.270609140542 0.922056687823 1 1 2 0.3 0
94 3 6 0 1 12.753 0.5 1.44290208817 0.0208454003425 1 bjorn  257.0593868140004 0.065 0.436536575194 0.922056687823 1 1 2 0.3 1
95 4 6 0 0 8.3385 0.5 1.92778491974 0.0322695217427 1 bjorn  259.5963508700006 0.065 0.364395780006 1.395515398 1 1 2 0.3 0
96 3 4.5 0 1 8.3385 0.5 1.49477815628 -0.0597840727742 1 bjorn  262.63257911099936 0.065 0.491512995266 1.05456222905 1 1 2 0.3 1
97 4 6 0 0 6.867 0.5 2.14359092712 -0.0401660604515 1 bjorn  265.2282091249999 0.065 0.428310488829 1.68375698758 1 1 2 0.3 0
98 3 4.5 0 0 12.753 0.5 1.29122710228 0.0962123651523 1 bjorn  268.4779868429996 0.065 0.181691302532 0.695014737127 1 1 2 0.3 0
99 4 6 0 1 9.81 0.5 1.7773308754 0.0857749366548 1 bjorn  270.85748469899954 0.065 0.583128053658 1.19155593874 1 1 2 0.3 1
100 3 6 0 1 6.867 0.5 2.25140190125 0.0676449136696 1 bjorn  273.7347457529995 0.065 0.763699384578 1.68375698758 1 1 2 0.3 1
101 4 4.5 0 0 8.3385 0.5 1.54193305969 -0.0126291693624 1 bjorn  277.07945145399935 0.065 0.272372426498 1.05456222905 1 1 2 0.3 0
102 3 6 0 0 11.2815 0.5 1.55221796036 0.0125960707394 1 bjorn  279.7307842169994 0.065 0.276491610656 1.03962188962 1 1 2 0.3 0
103 4 6 0 1 8.3385 0.5 2.04581999779 0.150304599791 1 bjorn  282.40279868700054 0.065 0.658626883669 1.395515398 1 1 2 0.3 1
104 3 4.5 0 1 11.2815 0.5 1.38022494316 0.0960982561993 1 bjorn  285.54634946999977 0.065 0.377574254541 0.784126686962 1 1 2 0.3 1
105 4 6 0 1 11.2815 0.5 1.61975193024 0.0801300406186 1 bjorn  288.01773084100023 0.065 0.473842393833 1.03962188962 1 1 2 0.3 1
106 3 4.5 0 0 9.81 0.5 1.43650698662 0.0370530240762 1 bjorn  290.75549124200006 0.065 0.23894306323 0.899453962542 1 1 2 0.3 0
107 4 4.5 0 0 9.81 0.5 1.45135211945 0.051898156904 1 bjorn  293.2814866160006 0.065 0.231368424503 0.899453962542 1 1 2 0.3 0
108 4 4.5 0 1 8.3385 0.5 1.63332796097 0.0787657319133 1 bjorn  295.8433108429999 0.065 0.490702280428 1.05456222905 1 1 2 0.3 1
109 3 4.5 0 1 6.867 0.5 1.67256093025 -0.101769944567 1 bjorn  298.58105030799925 0.065 0.593945188161 1.27433087482 1 1 2 0.3 1
110 3 4.5 0 0 8.3385 0.5 1.54233312607 -0.0122291029866 1 bjorn  301.36246764299904 0.065 0.303750936746 1.05456222905 1 1 2 0.3 0
111 4 4.5 0 1 9.81 0.5 1.42841815948 0.0289641969431 1 bjorn  303.9947167659993 0.065 0.436806875286 0.899453962542 1 1 2 0.3 1
112 4 4.5 0 1 6.867 0.5 1.75063300133 -0.0236978734917 1 bjorn  306.5275103519998 0.065 0.580172690167 1.27433087482 1 1 2 0.3 1
113 3 6 0 0 12.753 0.5 1.45269107819 0.0306343903632 1 bjorn  309.39425185300024 0.065 0.239141842709 0.922056687823 1 1 2 0.3 0
114 4 4.5 0 0 11.2815 0.5 1.38576507568 0.101638388722 1 bjorn  311.9558175809998 0.065 0.210354496229 0.784126686962 1 1 2 0.3 0
115 3 6 0 1 8.3385 0.5 1.94401597977 0.0485005817708 1 bjorn  314.4363379639999 0.065 0.696453826229 1.395515398 1 1 2 0.3 1
116 3 6 0 1 9.81 0.5 1.81908798218 0.127532043436 1 bjorn  317.4912499540005 0.065 0.566199872845 1.19155593874 1 1 2 0.3 1
117 4 4.5 0 0 12.753 0.5 1.197879076 0.00286433887663 1 bjorn  320.3996059500005 0.065 0.190285557969 0.695014737127 1 1 2 0.3 0
118 3 4.5 0 0 11.2815 0.5 1.27708697319 -0.00703971377141 1 bjorn  322.6913951160004 0.065 0.215685090915 0.784126686962 1 1 2 0.3 0
119 3 6 0 0 9.81 0.5 1.70095992088 0.00940398214121 1 bjorn  325.0788219269998 0.065 0.323688076204 1.19155593874 1 1 2 0.3 0
120 3 4.5 0 0 8.3385 0.5 1.52495193481 -0.0296102942403 1 bjorn  327.8915003809998 0.065 0.284204992866 1.05456222905 1 1 2 0.3 0
121 4 6 0 1 8.3385 0.5 1.89670181274 0.00118641474808 1 bjorn  330.52811712400035 0.065 0.652458492145 1.395515398 1 1 2 0.3 1
122 4 6 0 0 12.753 0.5 1.44111609459 0.0190594067664 1 bjorn  333.52738763900015 0.065 0.251231250333 0.922056687823 1 1 2 0.3 0
123 3 6 0 1 11.2815 0.5 1.70056390762 0.160942018005 1 bjorn  336.06308174699916 0.065 0.479770087715 1.03962188962 1 1 2 0.3 1
124 4 6 0 1 11.2815 0.5 1.6255068779 0.0858849882809 1 bjorn  338.87226058799934 0.065 0.472107644734 1.03962188962 1 1 2 0.3 1
125 3 4.5 0 0 12.753 0.5 1.23869895935 0.0436842222232 1 bjorn  341.61363954599983 0.065 0.203949329142 0.695014737127 1 1 2 0.3 0
126 3 6 0 1 12.753 0.5 1.40787386894 -0.0141828188805 1 bjorn  343.9590856190007 0.065 0.415812644034 0.922056687823 1 1 2 0.3 1
127 4 6 0 1 12.753 0.5 1.48659396172 0.0645372738929 1 bjorn  346.4612051910008 0.065 0.449751973303 0.922056687823 1 1 2 0.3 1
128 3 4.5 0 1 12.753 0.5 1.2283809185 0.0333661813754 1 bjorn  349.03918321700075 0.065 0.343253404771 0.695014737127 1 1 2 0.3 1
129 4 4.5 0 0 8.3385 0.5 1.55842804909 0.00386582003276 1 bjorn  351.35641666800075 0.065 0.264103915729 1.05456222905 1 1 2 0.3 0
130 3 6 0 1 6.867 0.5 2.20204305649 0.0182860689125 1 bjorn  354.0196226419994 0.065 0.810551994529 1.68375698758 1 1 2 0.3 1
131 4 6 0 1 9.81 0.5 1.62574100494 -0.0658149337981 1 bjorn  357.3117574280004 0.065 0.569726103921 1.19155593874 1 1 2 0.3 1
132 4 4.5 0 0 6.867 0.5 1.65897798538 -0.115352889437 1 bjorn  360.05201001599926 0.065 0.336537812457 1.27433087482 1 1 2 0.3 0
133 4 4.5 0 1 9.81 0.5 1.33358693123 -0.0658670313132 1 bjorn  362.8019418399999 0.065 0.414778674478 0.899453962542 1 1 2 0.3 1
134 3 6 0 1 9.81 0.5 1.61868095398 -0.0728749847625 1 bjorn  365.24276691200066 0.065 0.553048694937 1.19155593874 1 1 2 0.3 1
135 4 6 0 0 8.3385 0.5 1.81177902222 -0.0837363757793 1 bjorn  367.9606395619994 0.065 0.414329885096 1.395515398 1 1 2 0.3 0
136 3 6 0 0 12.753 0.5 1.40889716148 -0.013159526339 1 bjorn  370.87816598800055 0.065 0.273239742279 0.922056687823 1 1 2 0.3 0
137 3 6 0 0 8.3385 0.5 1.87610316277 -0.0194122352306 1 bjorn  373.3946815670006 0.065 0.410002762959 1.395515398 1 1 2 0.3 0
138 3 4.5 0 0 9.81 0.5 1.34237003326 -0.0570839292776 1 bjorn  376.3592623379991 0.065 0.246078450664 0.899453962542 1 1 2 0.3 0
139 3 4.5 0 0 11.2815 0.5 1.25639009476 -0.0277365922046 1 bjorn  378.78351352199934 0.065 0.230959210027 0.784126686962 1 1 2 0.3 0
140 3 4.5 0 1 8.3385 0.5 1.40845298767 -0.146109241384 1 bjorn  381.1269215709999 0.065 0.508946378051 1.05456222905 1 1 2 0.3 1
141 4 6 0 0 11.2815 0.5 1.49752402306 -0.0420978665622 1 bjorn  383.6369413659995 0.065 0.288286363526 1.03962188962 1 1 2 0.3 0
142 3 4.5 0 1 11.2815 0.5 1.31560611725 0.0314794302868 1 bjorn  386.24231958100063 0.065 0.362160786156 0.784126686962 1 1 2 0.3 1
143 4 4.5 0 0 9.81 0.5 1.40186786652 0.00241390397432 1 bjorn  388.6695729469993 0.065 0.243365653676 0.899453962542 1 1 2 0.3 0
144 4 6 0 0 9.81 0.5 1.69078993797 -0.000766000768942 1 bjorn  391.17560192699966 0.065 0.353998548116 1.19155593874 1 1 2 0.3 0
145 4 4.5 0 1 12.753 0.5 1.22239017487 0.0273754377383 1 bjorn  393.94925478299956 0.065 0.336911065632 0.695014737127 1 1 2 0.3 1
146 3 4.5 0 1 9.81 0.5 1.41986989975 0.020415937208 1 bjorn  396.2681638619997 0.065 0.418438495357 0.899453962542 1 1 2 0.3 1
147 4 4.5 0 0 11.2815 0.5 1.32562398911 0.0414973021435 1 bjorn  398.7834445240005 0.065 0.203885561448 0.784126686962 1 1 2 0.3 0
148 4 6 0 0 6.867 0.5 2.27069306374 0.0869360761604 1 bjorn  401.2101438819991 0.065 0.437326548429 1.68375698758 1 1 2 0.3 0
149 3 6 0 0 11.2815 0.5 1.51933002472 -0.020291864899 1 bjorn  404.5820762530002 0.065 0.260567241648 1.03962188962 1 1 2 0.3 0
150 3 6 0 0 6.867 0.5 2.35065102577 0.166894038197 1 bjorn  407.21853472600014 0.065 0.480574780618 1.68375698758 1 1 2 0.3 0
151 3 6 0 1 8.3385 0.5 1.87338399887 -0.0221313991252 1 bjorn  410.6856857340008 0.065 0.681381623332 1.395515398 1 1 2 0.3 1
152 4 4.5 0 1 8.3385 0.5 1.59756588936 0.0430036603038 1 bjorn  413.6630579119992 0.065 0.522342455143 1.05456222905 1 1 2 0.3 1
153 3 6 0 0 9.81 0.5 1.66403222084 -0.0275237179015 1 bjorn  416.34979917999954 0.065 0.329811152261 1.19155593874 1 1 2 0.3 0
154 4 6 0 1 6.867 0.5 2.13603305817 -0.047723929409 1 bjorn  419.12361882999903 0.065 0.776159061436 1.68375698758 1 1 2 0.3 1
155 4 4.5 0 1 11.2815 0.5 1.24427700043 -0.0398496865345 1 bjorn  422.3644259239991 0.065 0.383021454065 0.784126686962 1 1 2 0.3 1
156 4 4.5 0 1 6.867 0.5 1.69958090782 -0.0747499669975 1 bjorn  424.70432717699987 0.065 0.584785329359 1.27433087482 1 1 2 0.3 1
157 4 4.5 0 0 12.753 0.5 1.25954604149 0.0645313043612 1 bjorn  427.504944934999 0.065 0.191869823439 0.695014737127 1 1 2 0.3 0
158 3 4.5 0 0 6.867 0.5 1.75309085846 -0.0212400163597 1 bjorn  429.8682180319993 0.065 0.32985094723 1.27433087482 1 1 2 0.3 0
159 3 4.5 0 1 6.867 0.5 1.78669404984 0.012363175016 1 bjorn  432.7298290359995 0.065 0.586541533224 1.27433087482 1 1 2 0.3 1
160 3 4.5 0 1 12.753 0.5 1.16104793549 -0.0339668016416 1 bjorn  435.61757565600055 0.065 0.316060136717 0.695014737127 1 1 2 0.3 1
161 3 6 0 0 12.753 0.5 1.51735687256 0.0953001847358 1 bjorn  437.8847037859996 0.065 0.242399699447 0.922056687823 1 1 2 0.3 0
162 4 6 0 0 8.3385 0.5 1.92627811432 0.0307627163228 1 bjorn  440.5119813279998 0.065 0.389615776638 1.395515398 1 1 2 0.3 0
163 3 4.5 0 0 6.867 0.5 1.75676107407 -0.017569800753 1 bjorn  443.5431960599999 0.065 0.350269562322 1.27433087482 1 1 2 0.3 0
164 4 6 0 1 9.81 0.5 1.7612760067 0.0697200679566 1 bjorn  446.40197110699955 0.065 0.567876133813 1.19155593874 1 1 2 0.3 1
165 4 4.5 0 0 11.2815 0.5 1.31113195419 0.0270052672314 1 bjorn  449.26804175899997 0.065 0.219326268228 0.784126686962 1 1 2 0.3 0
166 3 6 0 0 9.81 0.5 1.699873209 0.00831727025767 1 bjorn  451.6910082609993 0.065 0.326086471632 1.19155593874 1 1 2 0.3 0
167 3 6 0 0 8.3385 0.5 1.90446686745 0.00895146945083 1 bjorn  454.50130811599956 0.065 0.397639871936 1.395515398 1 1 2 0.3 0
168 4 4.5 0 0 8.3385 0.5 1.53996014595 -0.0146020831044 1 bjorn  457.49711340400063 0.065 0.291077556466 1.05456222905 1 1 2 0.3 0
169 3 6 0 1 12.753 0.5 1.55720806122 0.135151373395 1 bjorn  460.13773411200054 0.065 0.445243214409 0.922056687823 1 1 2 0.3 1
170 4 6 0 1 12.753 0.5 1.43907594681 0.0170192589851 1 bjorn  462.7924687100003 0.065 0.422825790559 0.922056687823 1 1 2 0.3 1
171 3 4.5 0 1 6.867 0.5 1.72889900208 -0.045431872744 1 bjorn  465.3346967540001 0.065 0.57359104687 1.27433087482 1 1 2 0.3 1
172 3 6 0 1 6.867 0.5 2.3015229702 0.117765982624 1 bjorn  468.15394770400053 0.065 0.826162348812 1.68375698758 1 1 2 0.3 1
173 4 4.5 0 1 6.867 0.5 1.7101521492 -0.0641787256187 1 bjorn  471.5494791660003 0.065 0.615811195024 1.27433087482 1 1 2 0.3 1
174 4 4.5 0 1 9.81 0.5 1.48569393158 0.0862399690378 1 bjorn  474.3768411809997 0.065 0.438995410212 0.899453962542 1 1 2 0.3 1
175 3 6 0 0 6.867 0.5 2.34883904457 0.165082056995 1 bjorn  476.95772803 0.065 0.453119050157 1.68375698758 1 1 2 0.3 0
176 4 4.5 0 0 9.81 0.5 1.48076820374 0.0813142411936 1 bjorn  480.402394359 0.065 0.244970351578 0.899453962542 1 1 2 0.3 0
177 3 4.5 0 0 11.2815 0.5 1.28374314308 -0.00038354388005 1 bjorn  482.9967129840006 0.065 0.214122007127 0.784126686962 1 1 2 0.3 0
178 4 4.5 0 1 12.753 0.5 1.31590485573 0.120890118601 1 bjorn  485.37916715999927 0.065 0.338593851608 0.695014737127 1 1 2 0.3 1
179 3 6 0 1 8.3385 0.5 1.90388584137 0.00837044337356 1 bjorn  487.8096973219999 0.065 0.638406641002 1.395515398 1 1 2 0.3 1
180 3 4.5 0 0 8.3385 0.5 1.56786394119 0.0133017121379 1 bjorn  490.8293381330004 0.065 0.314055380881 1.05456222905 1 1 2 0.3 0
181 3 6 0 0 11.2815 0.5 1.4831430912 -0.0564787984164 1 bjorn  493.4926514809995 0.065 0.296335869038 1.03962188962 1 1 2 0.3 0
182 4 4.5 0 1 8.3385 0.5 1.49581098557 -0.0587512434896 1 bjorn  496.0854494849991 0.065 0.495487355325 1.05456222905 1 1 2 0.3 1
183 3 6 0 1 11.2815 0.5 1.54057812691 0.00095623728912 1 bjorn  498.68609335200017 0.065 0.495252896729 1.03962188962 1 1 2 0.3 1
184 4 6 0 0 9.81 0.5 1.66093301773 -0.0306229210113 1 bjorn  501.3310335740007 0.065 0.315438529853 1.19155593874 1 1 2 0.3 0
185 4 6 0 0 11.2815 0.5 1.60542392731 0.0658020376889 1 bjorn  504.0907488569992 0.065 0.286345610143 1.03962188962 1 1 2 0.3 0
186 3 4.5 0 1 9.81 0.5 1.41910409927 0.0196501367319 1 bjorn  506.8108394280007 0.065 0.41138638414 0.899453962542 1 1 2 0.3 1
187 4 6 0 0 6.867 0.5 2.37037014961 0.186613162037 1 bjorn  509.3370988789993 0.065 0.448077169759 1.68375698758 1 1 2 0.3 0
188 4 6 0 0 12.753 0.5 1.48578500748 0.063728319654 1 bjorn  512.8028057850006 0.065 0.240887441349 0.922056687823 1 1 2 0.3 0
189 4 4.5 0 1 11.2815 0.5 1.27323102951 -0.0108956574512 1 bjorn  515.3764331120001 0.065 0.357855280869 0.784126686962 1 1 2 0.3 1
190 4 4.5 0 0 6.867 0.5 1.68462300301 -0.0897078718132 1 bjorn  517.7552024380002 0.065 0.337426793286 1.27433087482 1 1 2 0.3 0
191 3 4.5 0 0 12.753 0.5 1.23185801506 0.036843277933 1 bjorn  520.5483004010002 0.065 0.200332513063 0.695014737127 1 1 2 0.3 0
192 3 4.5 0 1 8.3385 0.5 1.53000092506 -0.0245613039907 1 bjorn  522.8834984250007 0.065 0.479315645998 1.05456222905 1 1 2 0.3 1
193 4 4.5 0 0 12.753 0.5 1.28146409988 0.0864493627566 1 bjorn  525.5124847120005 0.065 0.20393457201 0.695014737127 1 1 2 0.3 0
194 3 4.5 0 1 11.2815 0.5 1.32729887962 0.0431721926617 1 bjorn  527.8885153680003 0.065 0.383144240302 0.784126686962 1 1 2 0.3 1
195 4 6 0 1 8.3385 0.5 1.78611898422 -0.109396413774 1 bjorn  530.3199600730004 0.065 0.695576479024 1.395515398 1 1 2 0.3 1
196 4 6 0 1 11.2815 0.5 1.54449486732 0.0048729777066 1 bjorn  533.2088719580006 0.065 0.513446242335 1.03962188962 1 1 2 0.3 1
197 3 6 0 1 9.81 0.5 1.68909597397 -0.00245996477346 1 bjorn  535.8622762020004 0.065 0.548285082803 1.19155593874 1 1 2 0.3 1
198 3 4.5 0 0 9.81 0.5 1.41249084473 0.0130368821848 1 bjorn  538.6601226660005 0.065 0.232955492959 0.899453962542 1 1 2 0.3 0
199 4 6 0 1 6.867 0.5 2.19666790962 0.0129109220467 1 bjorn  541.183506551999 0.065 0.82265639136 1.68375698758 1 1 2 0.3 1
200 3 4.5 0 1 11.2815 0.5 1.24279999733 -0.041326689632 1 bjorn  544.4769432150006 0.065 0.391014832428 0.784126686962 1 1 2 0.3 1
201 4 4.5 0 1 11.2815 0.5 1.25304293633 -0.0310837506366 1 bjorn  546.8262680410007 0.065 0.384303377493 0.784126686962 1 1 2 0.3 1
202 3 6 0 0 12.753 0.5 1.48047804832 0.0584213605018 1 bjorn  549.1914813210005 0.065 0.259033416727 0.922056687823 1 1 2 0.3 0
203 3 4.5 0 0 6.867 0.5 1.70538401604 -0.0689468587822 1 bjorn  551.7643212120001 0.065 0.38045407484 1.27433087482 1 1 2 0.3 0
204 4 4.5 0 1 12.753 0.5 1.2297539711 0.0347392339725 1 bjorn  554.5899042750007 0.065 0.342714472914 0.695014737127 1 1 2 0.3 1
205 3 4.5 0 1 12.753 0.5 1.2690320015 0.074017264368 1 bjorn  556.9132441870006 0.065 0.330164995552 0.695014737127 1 1 2 0.3 1
206 4 4.5 0 0 11.2815 0.5 1.34979701042 0.06567032346 1 bjorn  559.2799171240003 0.065 0.204726465478 0.784126686962 1 1 2 0.3 0
207 4 6 0 1 8.3385 0.5 1.8430659771 -0.0524494208995 1 bjorn  561.7236534299991 0.065 0.635781675536 1.395515398 1 1 2 0.3 1
208 4 4.5 0 1 8.3385 0.5 1.50485897064 -0.0497032584127 1 bjorn  564.652681436999 0.065 0.483470932603 1.05456222905 1 1 2 0.3 1
209 4 4.5 0 1 9.81 0.5 1.4445579052 0.0451039426553 1 bjorn  567.2558514209995 0.065 0.40881212656 0.899453962542 1 1 2 0.3 1
210 4 4.5 0 0 8.3385 0.5 1.50678181648 -0.0477804125722 1 bjorn  569.8012328469995 0.065 0.29995713924 1.05456222905 1 1 2 0.3 0
211 3 6 0 0 9.81 0.5 1.66698598862 -0.024569950125 1 bjorn  572.4012157270008 0.065 0.326917347299 1.19155593874 1 1 2 0.3 0
212 3 6 0 1 9.81 0.5 1.67206811905 -0.0194878196929 1 bjorn  575.158124689 0.065 0.583823734641 1.19155593874 1 1 2 0.3 1
213 4 6 0 0 8.3385 0.5 1.89980888367 0.00429348567093 1 bjorn  577.9308436569991 0.065 0.350297473264 1.395515398 1 1 2 0.3 0
214 3 6 0 1 8.3385 0.5 1.85503101349 -0.0404843845073 1 bjorn  580.9260386949991 0.065 0.628676406964 1.395515398 1 1 2 0.3 1
215 4 4.5 0 0 12.753 0.5 1.26677894592 0.0717642087955 1 bjorn  583.8837940369995 0.065 0.205275183165 0.695014737127 1 1 2 0.3 0
216 4 6 0 1 11.2815 0.5 1.57349205017 0.0338701605527 1 bjorn  586.2651482000001 0.065 0.517756480164 1.03962188962 1 1 2 0.3 1
217 4 6 0 0 6.867 0.5 2.35270690918 0.168949921604 1 bjorn  588.9343690639998 0.065 0.480052649909 1.68375698758 1 1 2 0.3 0
218 3 6 0 1 6.867 0.5 2.16585302353 -0.0179039640465 1 bjorn  592.3879952320003 0.065 0.821518506121 1.68375698758 1 1 2 0.3 1
219 3 4.5 0 1 8.3385 0.5 1.49073195457 -0.0638302744802 1 bjorn  595.6731083209997 0.065 0.51658078354 1.05456222905 1 1 2 0.3 1
220 3 4.5 0 1 9.81 0.5 1.54557204247 0.146118079923 1 bjorn  598.2628392189999 0.065 0.444857908811 0.899453962542 1 1 2 0.3 1
221 4 4.5 0 0 6.867 0.5 1.73578810692 -0.0385427679008 1 bjorn  600.9196550899997 0.065 0.337317120091 1.27433087482 1 1 2 0.3 0
222 4 6 0 1 9.81 0.5 1.70898318291 0.0174272441651 1 bjorn  603.7519120769994 0.065 0.559924033839 1.19155593874 1 1 2 0.3 1
223 3 4.5 0 0 9.81 0.5 1.40591287613 0.00645891358735 1 bjorn  606.5485529609996 0.065 0.254963851003 0.899453962542 1 1 2 0.3 0
224 4 4.5 0 0 9.81 0.5 1.41623687744 0.0167829148996 1 bjorn  609.0524259279991 0.065 0.258223180568 0.899453962542 1 1 2 0.3 0
225 4 6 0 0 12.753 0.5 1.5107550621 0.0886983742805 1 bjorn  611.5770533079994 0.065 0.230564132682 0.922056687823 1 1 2 0.3 0
226 4 6 0 1 6.867 0.5 2.21547889709 0.0317219095192 1 bjorn  614.1970474049995 0.065 0.764560516215 1.68375698758 1 1 2 0.3 1
227 3 6 0 0 8.3385 0.5 1.84458684921 -0.0509285487834 1 bjorn  617.5187685860001 0.065 0.389312886691 1.395515398 1 1 2 0.3 0
228 3 4.5 0 0 11.2815 0.5 1.31260418892 0.0284775019574 1 bjorn  620.4715549390003 0.065 0.230405840242 0.784126686962 1 1 2 0.3 0
229 3 6 0 0 6.867 0.5 2.27336502075 0.0896080331764 1 bjorn  622.892269979 0.065 0.500796552646 1.68375698758 1 1 2 0.3 0
230 3 6 0 0 11.2815 0.5 1.52888417244 -0.0107377171787 1 bjorn  626.2624895160006 0.065 0.301336903594 1.03962188962 1 1 2 0.3 0
231 4 6 0 0 9.81 0.5 1.81553292274 0.123976984003 1 bjorn  628.8965169099993 0.065 0.309188578708 1.19155593874 1 1 2 0.3 0
232 4 6 0 1 12.753 0.5 1.38736486435 -0.0346918234734 1 bjorn  631.8175408989991 0.065 0.430193323903 0.922056687823 1 1 2 0.3 1
233 3 4.5 0 0 8.3385 0.5 1.56189393997 0.00733171091716 1 bjorn  634.3243965519996 0.065 0.265982860818 1.05456222905 1 1 2 0.3 0
234 3 4.5 0 0 12.753 0.5 1.26673603058 0.0717212934512 1 bjorn  636.9814850919993 0.065 0.195984292567 0.695014737127 1 1 2 0.3 0
235 3 4.5 0 1 6.867 0.5 1.59823799133 -0.176092883486 1 bjorn  639.3560320819997 0.065 0.611222090782 1.27433087482 1 1 2 0.3 1
236 3 6 0 1 11.2815 0.5 1.61912918091 0.07950729129 1 bjorn  642.0597365369995 0.065 0.471105312052 1.03962188962 1 1 2 0.3 1
237 4 4.5 0 1 6.867 0.5 1.70302891731 -0.0713019575065 1 bjorn  644.7649161570007 0.065 0.584619993157 1.27433087482 1 1 2 0.3 1
238 3 6 0 1 12.753 0.5 1.59987282753 0.177816139707 1 bjorn  647.5635032289993 0.065 0.431920372146 0.922056687823 1 1 2 0.3 1
239 4 6 0 0 11.2815 0.5 1.69267702103 0.153055131408 1 bjorn  650.2763113000001 0.065 0.285599522097 1.03962188962 1 1 2 0.3 0
240 4 6 0 1 9.81 0.5 1.73178100586 0.0402250671174 1 bjorn  653.0736568459997 0.065 0.561359571161 1.19155593874 1 1 2 0.3 1
241 4 4.5 0 0 9.81 0.5 1.40783905983 0.00838509728792 1 bjorn  655.9060472469992 0.065 0.244439659761 0.899453962542 1 1 2 0.3 0
242 3 4.5 0 0 12.753 0.5 1.25793886185 0.0629241247195 1 bjorn  658.4125912149993 0.065 0.20218935657 0.695014737127 1 1 2 0.3 0
243 4 6 0 0 8.3385 0.5 1.91578888893 0.0202734909352 1 bjorn  660.7657953529997 0.065 0.378802221108 1.395515398 1 1 2 0.3 0
244 3 4.5 0 1 9.81 0.5 1.41181993484 0.0123659723032 1 bjorn  663.7848236530008 0.065 0.432266799421 0.899453962542 1 1 2 0.3 1
245 4 6 0 1 11.2815 0.5 1.65540385246 0.115781962845 1 bjorn  666.2893272239999 0.065 0.506931098611 1.03962188962 1 1 2 0.3 1
246 4 6 0 1 12.753 0.5 1.48675680161 0.0647001137824 1 bjorn  669.0539152300007 0.065 0.442886507596 0.922056687823 1 1 2 0.3 1
247 4 4.5 0 0 11.2815 0.5 1.26470899582 -0.0194176911426 1 bjorn  671.6337271560005 0.065 0.204235856215 0.784126686962 1 1 2 0.3 0
248 3 6 0 1 9.81 0.5 1.82496809959 0.133412160852 1 bjorn  674.0006990910006 0.065 0.566767609207 1.19155593874 1 1 2 0.3 1
249 3 4.5 0 1 12.753 0.5 1.21218490601 0.0171701688785 1 bjorn  676.9446916390007 0.065 0.325220769914 0.695014737127 1 1 2 0.3 1
250 4 4.5 0 0 12.753 0.5 1.29647016525 0.101455428125 1 bjorn  679.2562716079992 0.065 0.191607360303 0.695014737127 1 1 2 0.3 0
251 4 6 0 0 11.2815 0.5 1.61714792252 0.0775260328976 1 bjorn  681.6370503039998 0.065 0.278870093018 1.03962188962 1 1 2 0.3 0
252 3 6 0 0 12.753 0.5 1.44026494026 0.018208252439 1 bjorn  684.3473933200003 0.065 0.252840416104 0.922056687823 1 1 2 0.3 0
253 3 6 0 0 11.2815 0.5 1.62030911446 0.0806872248379 1 bjorn  686.896374127 0.065 0.273450512395 1.03962188962 1 1 2 0.3 0
254 4 6 0 1 8.3385 0.5 2.07332706451 0.177811666518 1 bjorn  689.6176548450003 0.065 0.652853379942 1.395515398 1 1 2 0.3 1
255 4 4.5 0 1 9.81 0.5 1.41240596771 0.0129520051706 1 bjorn  692.7855753719996 0.065 0.43996499744 0.899453962542 1 1 2 0.3 1
256 3 4.5 0 0 11.2815 0.5 1.36763215065 0.0835054636883 1 bjorn  695.3016632979998 0.065 0.2146899116 0.784126686962 1 1 2 0.3 0
257 4 4.5 0 1 6.867 0.5 1.68208503723 -0.0922458375877 1 bjorn  697.7657024290002 0.065 0.605387311919 1.27433087482 1 1 2 0.3 1
258 3 6 0 0 9.81 0.5 1.71105194092 0.019496002176 1 bjorn  700.5384772289999 0.065 0.306469475734 1.19155593874 1 1 2 0.3 0
259 3 6 0 1 12.753 0.5 1.55271911621 0.130662428388 1 bjorn  703.3627621449996 0.065 0.454617414318 0.922056687823 1 1 2 0.3 1
260 3 6 0 1 11.2815 0.5 1.64266300201 0.103041112396 1 bjorn  706.0181251689992 0.065 0.473428064532 1.03962188962 1 1 2 0.3 1
261 3 4.5 0 1 6.867 0.5 1.68197083473 -0.0923600400871 1 bjorn  708.7767524169994 0.065 0.635767949648 1.27433087482 1 1 2 0.3 1
262 3 4.5 0 1 11.2815 0.5 1.30111598969 0.0169893027233 1 bjorn  711.5613898779993 0.065 0.377369786827 0.784126686962 1 1 2 0.3 1
263 4 6 0 0 6.867 0.5 2.36958312988 0.185826142307 1 bjorn  713.9747826130006 0.065 0.476819752118 1.68375698758 1 1 2 0.3 0
264 4 4.5 0 1 12.753 0.5 1.28459405899 0.0895793218631 1 bjorn  717.4493147960002 0.065 0.338737963119 0.695014737127 1 1 2 0.3 1
265 4 4.5 0 0 6.867 0.5 1.77945590019 0.00512502537309 1 bjorn  719.8357404979997 0.065 0.325446709888 1.27433087482 1 1 2 0.3 0
266 3 6 0 1 6.867 0.5 2.18914699554 0.0053900079689 1 bjorn  722.7242150879993 0.065 0.78540031061 1.68375698758 1 1 2 0.3 1
267 3 4.5 0 1 8.3385 0.5 1.53056693077 -0.0239952982839 1 bjorn  726.0247461910003 0.065 0.48006890122 1.05456222905 1 1 2 0.3 1
268 4 4.5 0 1 8.3385 0.5 1.54752707481 -0.00703515424092 1 bjorn  728.6546398959999 0.065 0.522688204101 1.05456222905 1 1 2 0.3 1
269 3 4.5 0 0 8.3385 0.5 1.5620200634 0.00745783434551 1 bjorn  731.3164870330002 0.065 0.294753891559 1.05456222905 1 1 2 0.3 0
270 4 4.5 0 1 11.2815 0.5 1.32002091408 0.035894227116 1 bjorn  733.9659062989995 0.065 0.381489627922 0.784126686962 1 1 2 0.3 1
271 3 6 0 0 8.3385 0.5 1.85773992538 -0.0377754726115 1 bjorn  736.3760624219994 0.065 0.394023271361 1.395515398 1 1 2 0.3 0
272 3 6 0 1 8.3385 0.5 1.99143791199 0.0959225139912 1 bjorn  739.3298542459997 0.065 0.672767882208 1.395515398 1 1 2 0.3 1
273 4 6 0 1 6.867 0.5 2.09466719627 -0.0890897913017 1 bjorn  742.4127954289997 0.065 0.806071483002 1.68375698758 1 1 2 0.3 1
274 4 6 0 0 12.753 0.5 1.43401503563 0.0119583478065 1 bjorn  745.607491662 0.065 0.262027581476 0.922056687823 1 1 2 0.3 0
275 4 4.5 0 0 8.3385 0.5 1.57136797905 0.0168057499949 1 bjorn  748.146841451 0.065 0.296409267226 1.05456222905 1 1 2 0.3 0
276 4 6 0 0 9.81 0.5 1.76356005669 0.0720041179444 1 bjorn  750.8276308389995 0.065 0.32705313842 1.19155593874 1 1 2 0.3 0
277 3 4.5 0 0 9.81 0.5 1.38665795326 -0.0127960092795 1 bjorn  753.7055949419992 0.065 0.262081457933 0.899453962542 1 1 2 0.3 0
278 3 4.5 0 0 6.867 0.5 1.73233914375 -0.0419917310661 1 bjorn  756.1922197990007 0.065 0.337567681324 1.27433087482 1 1 2 0.3 0
279 3 6 0 0 6.867 0.5 2.25346899033 0.0697120027504 1 bjorn  759.448681369 0.065 0.465237201931 1.68375698758 1 1 2 0.3 0
280 3 4.5 0 1 8.3385 0.5 1.55185103416 -0.00271119489033 1 bjorn  762.3875579689993 0.065 0.498001472306 1.05456222905 1 1 2 0.3 1
281 3 4.5 0 1 9.81 0.5 1.36900901794 -0.0304449445975 1 bjorn  765.0468367579997 0.065 0.429152344126 0.899453962542 1 1 2 0.3 1
282 3 6 0 0 8.3385 0.5 2.04942584038 0.153910442382 1 bjorn  767.5047609720004 0.065 0.360881913642 1.395515398 1 1 2 0.3 0
283 3 6 0 1 6.867 0.5 2.1930809021 0.00932391452407 1 bjorn  770.6445942350001 0.065 0.825130788066 1.68375698758 1 1 2 0.3 1
284 4 4.5 0 0 9.81 0.5 1.46849107742 0.0690371148813 1 bjorn  773.9504696370004 0.065 0.266681273176 0.899453962542 1 1 2 0.3 0
285 3 4.5 0 1 11.2815 0.5 1.36925292015 0.085126233189 1 bjorn  776.5219182740002 0.065 0.377618713843 0.784126686962 1 1 2 0.3 1
286 4 6 0 1 11.2815 0.5 1.59323000908 0.0536081194608 1 bjorn  779.0048221350007 0.065 0.498607507235 1.03962188962 1 1 2 0.3 1
287 4 4.5 0 0 8.3385 0.5 1.51266598701 -0.04189624204 1 bjorn  781.7009245810004 0.065 0.26406106149 1.05456222905 1 1 2 0.3 0
288 4 4.5 0 0 12.753 0.5 1.28065705299 0.0856423158664 1 bjorn  784.3339536969997 0.065 0.176570984369 0.695014737127 1 1 2 0.3 0
289 4 6 0 0 8.3385 0.5 2.06818389893 0.17266850093 1 bjorn  786.7133537070004 0.065 0.373713121321 1.395515398 1 1 2 0.3 0
290 4 6 0 1 9.81 0.5 1.71627807617 0.0247221374299 1 bjorn  789.8801292450007 0.065 0.548716749707 1.19155593874 1 1 2 0.3 1
291 3 4.5 0 0 6.867 0.5 1.79955911636 0.0252282415444 1 bjorn  792.6975701390002 0.065 0.324395865084 1.27433087482 1 1 2 0.3 0
292 4 6 0 0 6.867 0.5 2.3088388443 0.125081856724 1 bjorn  795.6071884520006 0.065 0.443488785507 1.68375698758 1 1 2 0.3 0
293 3 6 0 1 9.81 0.5 1.78132796288 0.0897720241334 1 bjorn  799.0125906169997 0.065 0.545515967473 1.19155593874 1 1 2 0.3 1
294 4 4.5 0 1 9.81 0.5 1.38982987404 -0.0096240885031 1 bjorn  801.8983781820007 0.065 0.407334056267 0.899453962542 1 1 2 0.3 1
295 3 4.5 0 1 6.867 0.5 1.77428889275 -4.19820731949e-05 1 bjorn  804.402408291 0.065 0.632141436019 1.27433087482 1 1 2 0.3 1
296 3 6 0 1 11.2815 0.5 1.63813495636 0.0985130667416 1 bjorn  807.2894232590006 0.065 0.494443112377 1.03962188962 1 1 2 0.3 1
297 3 6 0 1 12.753 0.5 1.4757630825 0.0537063946815 1 bjorn  810.0159953389993 0.065 0.426477221077 0.922056687823 1 1 2 0.3 1
298 4 4.5 0 1 8.3385 0.5 1.58766889572 0.0331066666667 1 bjorn  812.6016744150002 0.065 0.479870005361 1.05456222905 1 1 2 0.3 1
299 3 4.5 0 1 12.753 0.5 1.2837061882 0.0886914510745 1 bjorn  815.2814622040005 0.065 0.330052025638 0.695014737127 1 1 2 0.3 1
300 4 6 0 1 6.867 0.5 2.30902600288 0.125269015308 1 bjorn  817.676214657 0.065 0.827054526286 1.68375698758 1 1 2 0.3 1
301 4 6 0 0 11.2815 0.5 1.85002303123 0.310401141617 1 bjorn  821.0932162270001 0.065 0.277413342099 1.03962188962 1 1 2 0.3 0
302 4 6 0 0 12.753 0.5 1.54718804359 0.125131355772 1 bjorn  824.0570753100001 0.065 0.245600916069 0.922056687823 1 1 2 0.3 0
303 3 4.5 0 0 8.3385 0.5 1.60014796257 0.0455857335154 1 bjorn  826.7086965020007 0.065 0.29332518927 1.05456222905 1 1 2 0.3 0
304 3 6 0 0 12.753 0.5 1.47684502602 0.0547883381934 1 bjorn  829.4053901179996 0.065 0.264049496585 0.922056687823 1 1 2 0.3 0
305 4 4.5 0 1 12.753 0.5 1.40104103088 0.206026293756 1 bjorn  832.0022420860005 0.065 0.34119139023 0.695014737127 1 1 2 0.3 1
306 3 6 0 0 9.81 0.5 1.78759407997 0.0960381412293 1 bjorn  834.5086159370003 0.065 0.356437103407 1.19155593874 1 1 2 0.3 0
307 4 4.5 0 1 6.867 0.5 1.92633605003 0.152005175214 1 bjorn  837.4012425710007 0.065 0.622078721598 1.27433087482 1 1 2 0.3 1
308 3 6 0 1 8.3385 0.5 1.89700818062 0.00149278262222 1 bjorn  840.4411915830005 0.065 0.682522291481 1.395515398 1 1 2 0.3 1
309 3 6 0 0 6.867 0.5 2.33224797249 0.148490984913 1 bjorn  843.4573682959999 0.065 0.433663658533 1.68375698758 1 1 2 0.3 0
310 4 6 0 0 9.81 0.5 1.69422984123 0.00267390249034 1 bjorn  846.897797829999 0.065 0.319955311397 1.19155593874 1 1 2 0.3 0
311 4 4.5 0 0 11.2815 0.5 1.32173299789 0.0376063109326 1 bjorn  849.7052104880004 0.065 0.20717273677 0.784126686962 1 1 2 0.3 0
312 3 4.5 0 0 11.2815 0.5 1.28258800507 -0.0015386818958 1 bjorn  852.1459969900006 0.065 0.219730608695 0.784126686962 1 1 2 0.3 0
313 4 4.5 0 1 11.2815 0.5 1.32861709595 0.0444904089856 1 bjorn  854.5433603309993 0.065 0.37896774334 0.784126686962 1 1 2 0.3 1
314 3 4.5 0 0 9.81 0.5 1.43719792366 0.0377439611185 1 bjorn  856.9698102389993 0.065 0.235475368827 0.899453962542 1 1 2 0.3 0
315 3 6 0 0 11.2815 0.5 1.58702802658 0.0474061369626 1 bjorn  859.5177432210003 0.065 0.305550238095 1.03962188962 1 1 2 0.3 0
316 3 4.5 0 0 12.753 0.5 1.27743291855 0.0824181814212 1 bjorn  862.2213237470005 0.065 0.182378776204 0.695014737127 1 1 2 0.3 0
317 4 6 0 1 8.3385 0.5 2.18294095993 0.287425561934 1 bjorn  864.5987968869995 0.065 0.633122640035 1.395515398 1 1 2 0.3 1
318 4 4.5 0 0 6.867 0.5 1.84519195557 0.0708610807472 1 bjorn  867.8755153460006 0.065 0.366266874768 1.27433087482 1 1 2 0.3 0
319 4 6 0 1 12.753 0.5 1.70688414574 0.284827457914 1 bjorn  870.8264534739992 0.065 0.435147081167 0.922056687823 1 1 2 0.3 1
