trial vx vy vz LongOcclusion g timeStill rTime TemporalError environment id pupiltime IOD OccludedTimeOfTrajectory FlightDuration Drag DragFirst block accuracy LongOcclusion
0 4 4.5 0 1 9.81 0.5 1.38775897026 -0.0116949922812 1 Juan  2.9172690730001705 0.066 0.426221246364 0.899453962542 1 1 3 0.21 1
1 4 6 0 0 12.753 0.5 1.38775897026 -0.0116949922812 1 Juan  2.9172690730001705 0.066 0.426221246364 0.899453962542 1 1 3 0.21 1
2 3 4.5 0 0 9.81 0.5 1.51206302643 0.112609063886 1 Juan  5.3984873170002174 0.066 0.239142012205 0.899453962542 1 1 3 0.21 0
3 4 4.5 0 1 12.753 0.5 1.25221586227 0.0572011251468 1 Juan  8.023709124000106 0.066 0.323080110588 0.695014737127 1 1 3 0.21 1
4 3 6 0 1 8.3385 0.5 1.81304311752 -0.0824722804729 1 Juan  10.362730586999987 0.066 0.648831890987 1.395515398 1 1 3 0.21 1
5 3 6 0 1 11.2815 0.5 1.51918792725 -0.0204339623721 1 Juan  13.298376745000041 0.066 0.516345518122 1.03962188962 1 1 3 0.21 1
6 4 6 0 1 9.81 0.5 1.58089780807 -0.110658130667 1 Juan  15.928681373000018 0.066 0.579613164673 1.19155593874 1 1 3 0.21 1
7 3 6 0 1 9.81 0.5 1.69832992554 0.00677398679515 1 Juan  18.63576091899995 0.066 0.571594578187 1.19155593874 1 1 3 0.21 1
8 4 6 0 1 12.753 0.5 1.34027290344 -0.0817837843804 1 Juan  21.460616183000184 0.066 0.457068489391 0.922056687823 1 1 3 0.21 1
9 3 4.5 0 0 8.3385 0.5 1.6183578968 0.06379566775 1 Juan  23.90346704600006 0.066 0.312021049081 1.05456222905 1 1 3 0.21 0
10 4 4.5 0 0 12.753 0.5 1.23926401138 0.0442492742557 1 Juan  26.635868370000026 0.066 0.198689197765 0.695014737127 1 1 3 0.21 0
11 3 6 0 0 6.867 0.5 2.18171310425 -0.00204388332749 1 Juan  28.99138783699982 0.066 0.450117105622 1.68375698758 1 1 3 0.21 0
12 3 6 0 0 9.81 0.5 1.67896819115 -0.0125877475951 1 Juan  32.272610046999944 0.066 0.340170878168 1.19155593874 1 1 3 0.21 0
13 4 4.5 0 0 9.81 0.5 1.43382406235 0.0343700998056 1 Juan  35.08418374499979 0.066 0.261212442681 0.899453962542 1 1 3 0.21 0
14 3 4.5 0 0 6.867 0.5 1.77207589149 -0.00225498332442 1 Juan  37.62166031800007 0.066 0.32432037358 1.27433087482 1 1 3 0.21 0
15 4 6 0 1 8.3385 0.5 1.84907793999 -0.0464374580089 1 Juan  40.49751758000002 0.066 0.637738598696 1.395515398 1 1 3 0.21 1
16 3 6 0 0 11.2815 0.5 1.53307294846 -0.00654894116242 1 Juan  43.43698903099994 0.066 0.311303709483 1.03962188962 1 1 3 0.21 0
17 4 4.5 0 1 6.867 0.5 1.58188009262 -0.192450782198 1 Juan  46.07425758799991 0.066 0.596500443229 1.27433087482 1 1 3 0.21 1
18 3 4.5 0 1 6.867 0.5 1.65497207642 -0.119358798403 1 Juan  48.76093997399994 0.066 0.612058572556 1.27433087482 1 1 3 0.21 1
19 4 6 0 1 11.2815 0.5 1.41717219353 -0.122449696091 1 Juan  51.52364905000013 0.066 0.509313187296 1.03962188962 1 1 3 0.21 1
20 3 6 0 1 6.867 0.5 2.2142970562 0.0305400686226 1 Juan  54.04959345499992 0.066 0.774998336236 1.68375698758 1 1 3 0.21 1
21 3 6 0 1 12.753 0.5 1.42132091522 -0.000735772600641 1 Juan  57.38339011100015 0.066 0.445661394257 0.922056687823 1 1 3 0.21 1
22 4 4.5 0 0 11.2815 0.5 1.27062916756 -0.013497519405 1 Juan  59.90836028900003 0.066 0.205936868405 0.784126686962 1 1 3 0.21 0
23 3 4.5 0 0 12.753 0.5 1.26375794411 0.0687432069797 1 Juan  62.29482610600007 0.066 0.192236378026 0.695014737127 1 1 3 0.21 0
24 3 4.5 0 0 11.2815 0.5 1.43381619453 0.149689507573 1 Juan  64.67203383100014 0.066 0.200568657792 0.784126686962 1 1 3 0.21 0
25 3 4.5 0 1 12.753 0.5 1.22821092606 0.0331961889285 1 Juan  67.20813073 0.066 0.3228093482 0.695014737127 1 1 3 0.21 1
26 3 4.5 0 1 9.81 0.5 1.36545300484 -0.0340009577048 1 Juan  69.54340267099997 0.066 0.417601800892 0.899453962542 1 1 3 0.21 1
27 3 4.5 0 1 11.2815 0.5 1.30130600929 0.0171793223309 1 Juan  72.0147964759999 0.066 0.35664848395 0.784126686962 1 1 3 0.21 1
28 3 4.5 0 1 8.3385 0.5 1.61958694458 0.0650247155253 1 Juan  74.40820322299987 0.066 0.490291118369 1.05456222905 1 1 3 0.21 1
29 4 6 0 0 11.2815 0.5 1.43130207062 -0.108319819001 1 Juan  77.16160859400043 0.066 0.293575650817 1.03962188962 1 1 3 0.21 0
30 4 6 0 1 6.867 0.5 1.95022702217 -0.233529965405 1 Juan  79.71678209699985 0.066 0.807347233234 1.68375698758 1 1 3 0.21 1
31 4 4.5 0 0 8.3385 0.5 1.48809289932 -0.0664693297323 1 Juan  82.78978539000036 0.066 0.272265598007 1.05456222905 1 1 3 0.21 0
32 4 6 0 0 8.3385 0.5 1.91025996208 0.0147445640858 1 Juan  85.4088164320001 0.066 0.36709964156 1.395515398 1 1 3 0.21 0
33 4 4.5 0 0 6.867 0.5 1.8410949707 0.066764095884 1 Juan  88.43126934100019 0.066 0.369450843265 1.27433087482 1 1 3 0.21 0
34 3 6 0 0 8.3385 0.5 1.86927199364 -0.026243404359 1 Juan  91.38276807599959 0.066 0.379114723172 1.395515398 1 1 3 0.21 0
35 4 6 0 0 9.81 0.5 1.63488698006 -0.0566689586852 1 Juan  94.34500113000013 0.066 0.319474288847 1.19155593874 1 1 3 0.21 0
36 3 6 0 0 12.753 0.5 1.47005605698 0.0479993691535 1 Juan  97.12218100500013 0.066 0.274240614054 0.922056687823 1 1 3 0.21 0
37 4 6 0 0 6.867 0.5 2.15561890602 -0.0281380815544 1 Juan  99.71269037399998 0.066 0.503044772573 1.68375698758 1 1 3 0.21 0
38 4 4.5 0 1 11.2815 0.5 1.30165195465 0.0175252676892 1 Juan  102.98057883300044 0.066 0.369708319115 0.784126686962 1 1 3 0.21 1
39 4 4.5 0 1 8.3385 0.5 1.39669418335 -0.157868045705 1 Juan  105.40818261300046 0.066 0.509329397927 1.05456222905 1 1 3 0.21 1
40 3 4.5 0 1 8.3385 0.5 1.45703101158 -0.0975312174733 1 Juan  107.907837234 0.066 0.496677028328 1.05456222905 1 1 3 0.21 1
41 4 6 0 0 6.867 0.5 2.08633685112 -0.0974201364555 1 Juan  110.49291975100004 0.066 0.428618259558 1.68375698758 1 1 3 0.21 0
42 3 4.5 0 0 11.2815 0.5 1.40197205544 0.117845368473 1 Juan  113.68722962100037 0.066 0.229677092768 0.784126686962 1 1 3 0.21 0
43 3 6 0 0 11.2815 0.5 1.58024215698 0.0406202673642 1 Juan  116.17998819100012 0.066 0.306500033484 1.03962188962 1 1 3 0.21 0
44 3 4.5 0 1 6.867 0.5 1.65093588829 -0.123394986529 1 Juan  118.88480618700032 0.066 0.574007790271 1.27433087482 1 1 3 0.21 1
45 4 6 0 1 8.3385 0.5 1.78767800331 -0.107837394685 1 Juan  121.65978903799987 0.066 0.68868312654 1.395515398 1 1 3 0.21 1
46 3 4.5 0 0 6.867 0.5 1.82009100914 0.0457601343208 1 Juan  124.54661219599984 0.066 0.339290045056 1.27433087482 1 1 3 0.21 0
47 3 6 0 0 12.753 0.5 1.41048979759 -0.0115668902306 1 Juan  127.4925407009996 0.066 0.266256646039 0.922056687823 1 1 3 0.21 0
48 4 6 0 0 9.81 0.5 1.82088899612 0.129333057382 1 Juan  130.02569631000006 0.066 0.318180866522 1.19155593874 1 1 3 0.21 0
49 3 6 0 1 9.81 0.5 1.54763484001 -0.14392109873 1 Juan  132.96688500100026 0.066 0.565289149242 1.19155593874 1 1 3 0.21 1
50 4 4.5 0 1 11.2815 0.5 1.27457380295 -0.00955288401372 1 Juan  135.63626545399984 0.066 0.358952925759 0.784126686962 1 1 3 0.21 1
51 3 6 0 1 8.3385 0.5 2.21758413315 0.322068735152 1 Juan  138.01761988900034 0.066 0.682674312206 1.395515398 1 1 3 0.21 1
52 4 4.5 0 0 6.867 0.5 1.71365499496 -0.0606758798546 1 Juan  141.33327225700032 0.066 0.367387314762 1.27433087482 1 1 3 0.21 0
53 3 6 0 1 6.867 0.5 2.15139698982 -0.0323599977532 1 Juan  144.16549024600045 0.066 0.839038936638 1.68375698758 1 1 3 0.21 1
54 4 4.5 0 1 9.81 0.5 1.42023181915 0.020777856611 1 Juan  147.45148388800044 0.066 0.409515363105 0.899453962542 1 1 3 0.21 1
55 3 6 0 0 9.81 0.5 1.82984805107 0.138292112329 1 Juan  149.9616487909998 0.066 0.329338691782 1.19155593874 1 1 3 0.21 0
56 4 4.5 0 1 12.753 0.5 1.24467682838 0.049662091257 1 Juan  152.89966109000034 0.066 0.327964700943 0.695014737127 1 1 3 0.21 1
57 3 6 0 0 8.3385 0.5 1.88795208931 -0.00756330868637 1 Juan  155.26458744899992 0.066 0.402947117111 1.395515398 1 1 3 0.21 0
58 4 6 0 1 6.867 0.5 2.14719295502 -0.0365640325584 1 Juan  158.27916044500034 0.066 0.77811289995 1.68375698758 1 1 3 0.21 1
59 3 4.5 0 0 12.753 0.5 1.31464099884 0.119626261713 1 Juan  161.55246464999982 0.066 0.205521057303 0.695014737127 1 1 3 0.21 0
60 3 6 0 0 6.867 0.5 2.16094994545 -0.0228070421257 1 Juan  163.9757131389997 0.066 0.467975882586 1.68375698758 1 1 3 0.21 0
61 4 6 0 1 9.81 0.5 1.52866911888 -0.162886819861 1 Juan  167.26203057600014 0.066 0.592674259 1.19155593874 1 1 3 0.21 1
62 4 4.5 0 0 9.81 0.5 1.38180494308 -0.0176490194571 1 Juan  169.88792392199957 0.066 0.227795792168 0.899453962542 1 1 3 0.21 0
63 4 6 0 0 12.753 0.5 1.46247887611 0.0404221882911 1 Juan  172.40010555400022 0.066 0.235161963543 0.922056687823 1 1 3 0.21 0
64 4 4.5 0 0 8.3385 0.5 1.46413111687 -0.0904311121877 1 Juan  174.97273307100022 0.066 0.294626458084 1.05456222905 1 1 3 0.21 0
65 4 6 0 0 8.3385 0.5 7.51486587524 5.61935047725 1 Juan  184.8526984709997 0.066 0.35474348682 1.395515398 1 1 3 0.21 0
66 4 4.5 0 1 6.867 0.5 1.72672104836 -0.0476098264641 1 Juan  186.13550840399967 0.066 0.574342322888 1.27433087482 1 1 3 0.21 1
67 4 6 0 1 12.753 0.5 1.39768910408 -0.0243675837426 1 Juan  188.95113309800035 0.066 0.438655678437 0.922056687823 1 1 3 0.21 1
68 3 6 0 1 11.2815 0.5 1.5960059166 0.0563840269772 1 Juan  191.46968231400024 0.066 0.469301171361 1.03962188962 1 1 3 0.21 1
69 3 4.5 0 0 8.3385 0.5 1.61073803902 0.056175809962 1 Juan  194.20363731700036 0.066 0.309172073497 1.05456222905 1 1 3 0.21 0
70 4 4.5 0 0 12.753 0.5 1.26685190201 0.0718371648807 1 Juan  196.9252921899997 0.066 0.186409196955 0.695014737127 1 1 3 0.21 0
71 3 4.5 0 1 12.753 0.5 1.22424197197 0.0292272348422 1 Juan  199.3096810879997 0.066 0.343572501904 0.695014737127 1 1 3 0.21 1
72 3 4.5 0 1 11.2815 0.5 1.27439498901 -0.00973169794804 1 Juan  201.6579631450004 0.066 0.359801010468 0.784126686962 1 1 3 0.21 1
73 4 4.5 0 0 11.2815 0.5 1.27960395813 -0.00452272883183 1 Juan  204.06376119800007 0.066 0.202314676042 0.784126686962 1 1 3 0.21 0
74 4 6 0 0 11.2815 0.5 1.57546782494 0.0358459353177 1 Juan  206.47140760599996 0.066 0.299391698896 1.03962188962 1 1 3 0.21 0
75 3 4.5 0 1 9.81 0.5 1.53498792648 0.135533963941 1 Juan  209.17327389300044 0.066 0.424496382206 0.899453962542 1 1 3 0.21 1
76 4 6 0 1 11.2815 0.5 1.58431005478 0.0446881651608 1 Juan  211.81227577000027 0.066 0.473666377562 1.03962188962 1 1 3 0.21 1
77 4 4.5 0 1 8.3385 0.5 1.48726201057 -0.0673002184804 1 Juan  214.5186544449998 0.066 0.509666761444 1.05456222905 1 1 3 0.21 1
78 3 4.5 0 0 9.81 0.5 1.52121710777 0.121763145231 1 Juan  217.12922984299985 0.066 0.240774473609 0.899453962542 1 1 3 0.21 0
79 3 6 0 1 12.753 0.5 1.54273605347 0.120679365644 1 Juan  219.75918376800018 0.066 0.425666797775 0.922056687823 1 1 3 0.21 1
80 3 4.5 0 1 9.81 0.5 1.35879993439 -0.0406540281546 1 Juan  222.39702494700032 0.066 0.442553560211 0.899453962542 1 1 3 0.21 1
81 3 4.5 0 1 8.3385 0.5 1.72209882736 0.167536598307 1 Juan  224.88014223899972 0.066 0.476449380599 1.05456222905 1 1 3 0.21 1
82 4 4.5 0 1 11.2815 0.5 1.29557919502 0.0114525080609 1 Juan  227.70418264799991 0.066 0.359637522107 0.784126686962 1 1 3 0.21 1
83 4 6 0 0 8.3385 0.5 2.06578993797 0.170274539977 1 Juan  230.10404628000015 0.066 0.400394761566 1.395515398 1 1 3 0.21 0
84 4 6 0 1 8.3385 0.5 1.86000013351 -0.0355152644817 1 Juan  233.29133187600019 0.066 0.691586173724 1.395515398 1 1 3 0.21 1
85 3 6 0 0 6.867 0.5 2.9781908989 0.79443391132 1 Juan  236.25264669300032 0.066 0.430020415503 1.68375698758 1 1 3 0.21 0
86 3 6 0 0 9.81 0.5 1.64417099953 -0.047384939215 1 Juan  240.35009029200046 0.066 0.342556314834 1.19155593874 1 1 3 0.21 0
87 4 6 0 0 11.2815 0.5 1.63958215714 0.0999602675168 1 Juan  243.11644015599995 0.066 0.308476219773 1.03962188962 1 1 3 0.21 0
88 4 4.5 0 0 6.867 0.5 1.78091406822 0.00658319340288 1 Juan  245.8664460179998 0.066 0.358795208644 1.27433087482 1 1 3 0.21 0
89 4 6 0 0 12.753 0.5 1.49009513855 0.068038450727 1 Juan  248.77419291299975 0.066 0.263942235599 0.922056687823 1 1 3 0.21 0
90 4 6 0 0 6.867 0.5 2.20103693008 0.0172799425087 1 Juan  251.36918421100017 0.066 0.491768957142 1.68375698758 1 1 3 0.21 0
91 4 6 0 1 9.81 0.5 1.67916607857 -0.0123898601745 1 Juan  254.69057340899963 0.066 0.570909184984 1.19155593874 1 1 3 0.21 1
92 4 4.5 0 1 12.753 0.5 1.18801617622 -0.00699856090364 1 Juan  257.4775309779998 0.066 0.314938651149 0.695014737127 1 1 3 0.21 1
93 4 6 0 1 12.753 0.5 1.34064817429 -0.0814085135369 1 Juan  259.78567230800036 0.066 0.460287373281 0.922056687823 1 1 3 0.21 1
94 4 6 0 1 11.2815 0.5 1.67099690437 0.131375014755 1 Juan  262.2441570540004 0.066 0.494815528223 1.03962188962 1 1 3 0.21 1
95 3 4.5 0 0 9.81 0.5 1.57291698456 0.173463022016 1 Juan  265.0271997030004 0.066 0.266944402869 0.899453962542 1 1 3 0.21 0
96 3 6 0 0 8.3385 0.5 1.95264983177 0.0571344337758 1 Juan  267.70619457199973 0.066 0.370661244753 1.395515398 1 1 3 0.21 0
97 3 6 0 1 12.753 0.5 1.4596991539 0.0376424660773 1 Juan  270.78355346100034 0.066 0.418435111254 0.922056687823 1 1 3 0.21 1
98 3 4.5 0 1 6.867 0.5 1.81597876549 0.0416478906685 1 Juan  273.37111510900013 0.066 0.62814239462 1.27433087482 1 1 3 0.21 1
99 4 4.5 0 1 9.81 0.5 1.4749379158 0.0754839532602 1 Juan  276.29763247699975 0.066 0.441936363983 0.899453962542 1 1 3 0.21 1
100 3 6 0 1 8.3385 0.5 1.94907808304 0.0535626850423 1 Juan  278.90874258999975 0.066 0.633751280385 1.395515398 1 1 3 0.21 1
101 3 4.5 0 0 11.2815 0.5 1.4258620739 0.141735386937 1 Juan  281.9543656200003 0.066 0.224828296482 0.784126686962 1 1 3 0.21 0
102 3 6 0 0 12.753 0.5 2.09044599533 0.668389307508 1 Juan  284.4891854609996 0.066 0.237315059861 0.922056687823 1 1 3 0.21 0
103 4 4.5 0 1 8.3385 0.5 1.48360991478 -0.0709523142751 1 Juan  287.68747528899985 0.066 0.526052453311 1.05456222905 1 1 3 0.21 1
104 3 6 0 1 6.867 0.5 2.10667490959 -0.0770820779839 1 Juan  290.2743381780001 0.066 0.781947282515 1.68375698758 1 1 3 0.21 1
105 4 4.5 0 0 11.2815 0.5 1.40559601784 0.121469330876 1 Juan  293.4942428880004 0.066 0.22704574961 0.784126686962 1 1 3 0.21 0
106 3 6 0 1 11.2815 0.5 1.70408296585 0.164461076233 1 Juan  296.0293751270001 0.066 0.499570372843 1.03962188962 1 1 3 0.21 1
107 3 4.5 0 0 8.3385 0.5 1.54669189453 -0.00787033452351 1 Juan  298.8421146849996 0.066 0.314219295269 1.05456222905 1 1 3 0.21 0
108 3 6 0 0 11.2815 0.5 1.72408103943 0.18445914981 1 Juan  301.50607986199975 0.066 0.293367483662 1.03962188962 1 1 3 0.21 0
109 3 4.5 0 1 12.753 0.5 1.27664995193 0.0816352148074 1 Juan  304.3410802770004 0.066 0.314588413942 0.695014737127 1 1 3 0.21 1
110 4 6 0 1 6.867 0.5 2.16582512856 -0.0179318590202 1 Juan  306.73422007000045 0.066 0.793537442935 1.68375698758 1 1 3 0.21 1
111 4 4.5 0 1 6.867 0.5 1.93398404121 0.159653166395 1 Juan  310.02065041100013 0.066 0.584852506068 1.27433087482 1 1 3 0.21 1
112 4 4.5 0 0 8.3385 0.5 1.8039431572 0.249380928141 1 Juan  313.0946275260003 0.066 0.285947306733 1.05456222905 1 1 3 0.21 0
113 4 4.5 0 0 12.753 0.5 1.28468990326 0.0896751661319 1 Juan  316.01075731400033 0.066 0.191416155531 0.695014737127 1 1 3 0.21 0
114 3 6 0 1 9.81 0.5 1.73854804039 0.0469921016481 1 Juan  318.4206210319999 0.066 0.575393322423 1.19155593874 1 1 3 0.21 1
115 3 4.5 0 0 6.867 0.5 1.87495303154 0.100622156721 1 Juan  321.2757283580004 0.066 0.336625213154 1.27433087482 1 1 3 0.21 0
116 3 4.5 0 0 12.753 0.5 1.32726716995 0.132252432825 1 Juan  324.260845928 0.066 0.193160666967 0.695014737127 1 1 3 0.21 0
117 4 4.5 0 0 9.81 0.5 1.3837351799 -0.0157187826407 1 Juan  326.69158289500047 0.066 0.24154766952 0.899453962542 1 1 3 0.21 0
118 3 4.5 0 1 11.2815 0.5 1.35660386086 0.0724771738934 1 Juan  329.20888520100016 0.066 0.353181313775 0.784126686962 1 1 3 0.21 1
119 4 6 0 0 9.81 0.5 1.90260791779 0.211051979044 1 Juan  331.6789939809996 0.066 0.309332847463 1.19155593874 1 1 3 0.21 0
120 3 4.5 0 1 8.3385 0.5 1.58622813225 0.0316659031932 1 Juan  334.70779220700024 0.066 0.52656967223 1.05456222905 1 1 3 0.21 1
121 3 4.5 0 0 12.753 0.5 1.3509888649 0.155974127771 1 Juan  337.40575791799984 0.066 0.186973234653 0.695014737127 1 1 3 0.21 0
122 3 4.5 0 1 11.2815 0.5 1.3203098774 0.0361831904339 1 Juan  339.87233999900036 0.066 0.383103473858 0.784126686962 1 1 3 0.21 1
123 4 6 0 1 8.3385 0.5 1.92745900154 0.0319436035451 1 Juan  342.31312322600024 0.066 0.630904191586 1.395515398 1 1 3 0.21 1
124 3 6 0 1 6.867 0.5 2.51055002213 0.32679303455 1 Juan  345.3685999019999 0.066 0.806409284158 1.68375698758 1 1 3 0.21 1
125 3 4.5 0 0 11.2815 0.5 1.50781202316 0.223685336201 1 Juan  348.985456761 0.066 0.216668357231 0.784126686962 1 1 3 0.21 0
126 4 6 0 1 11.2815 0.5 1.65197491646 0.11235302684 1 Juan  351.62058205999983 0.066 0.498034931953 1.03962188962 1 1 3 0.21 1
127 4 6 0 0 12.753 0.5 6.61231803894 5.19026135112 1 Juan  354.38436044599985 0.066 0.274708601383 0.922056687823 1 1 3 0.21 0
128 4 4.5 0 1 11.2815 0.5 1.36099004745 0.0768633604931 1 Juan  362.1178423649999 0.066 0.380221970964 0.784126686962 1 1 3 0.21 1
129 4 6 0 0 9.81 0.5 1.70909500122 0.0175390624787 1 Juan  364.59563037800035 0.066 0.319883819148 1.19155593874 1 1 3 0.21 0
130 3 6 0 1 11.2815 0.5 1.85740494728 0.317783057663 1 Juan  367.4206662160004 0.066 0.516345840473 1.03962188962 1 1 3 0.21 1
131 3 6 0 0 8.3385 0.5 2.11433506012 0.218819662124 1 Juan  370.3853040590002 0.066 0.384546522556 1.395515398 1 1 3 0.21 0
132 3 4.5 0 0 9.81 0.5 1.98925209045 0.589798127912 1 Juan  373.61642962600035 0.066 0.227278969417 0.899453962542 1 1 3 0.21 0
133 3 6 0 1 8.3385 0.5 2.3420650959 0.446549697905 1 Juan  376.6909790560003 0.066 0.674459886492 1.395515398 1 1 3 0.21 1
134 3 4.5 0 1 6.867 0.5 1.94936800003 0.175037125211 1 Juan  380.13974105800025 0.066 0.579694733513 1.27433087482 1 1 3 0.21 1
135 3 4.5 0 0 6.867 0.5 1.86431097984 0.089980105024 1 Juan  383.21287896600006 0.066 0.37706723266 1.27433087482 1 1 3 0.21 0
136 4 4.5 0 1 9.81 0.5 1.38594102859 -0.0135129339468 1 Juan  386.2038782740001 0.066 0.448428107089 0.899453962542 1 1 3 0.21 1
137 4 4.5 0 0 12.753 0.5 1.3217420578 0.126727320673 1 Juan  388.6899196969998 0.066 0.189679561046 0.695014737127 1 1 3 0.21 0
138 4 6 0 1 12.753 0.5 1.51118588448 0.0891291966529 1 Juan  391.12678795400006 0.066 0.440299274463 0.922056687823 1 1 3 0.21 1
139 3 6 0 1 12.753 0.5 1.47614884377 0.0540921559425 1 Juan  393.759740472 0.066 0.443438244149 0.922056687823 1 1 3 0.21 1
140 4 4.5 0 0 8.3385 0.5 1.53263807297 -0.0219241560872 1 Juan  396.3297419700002 0.066 0.308445773024 1.05456222905 1 1 3 0.21 0
141 3 4.5 0 0 8.3385 0.5 1.53947901726 -0.0150832117971 1 Juan  398.9744645689998 0.066 0.299533906383 1.05456222905 1 1 3 0.21 0
142 4 6 0 1 6.867 0.5 2.23556685448 0.0518098669014 1 Juan  401.63394644799973 0.066 0.799066787506 1.68375698758 1 1 3 0.21 1
143 4 6 0 0 11.2815 0.5 1.62875986099 0.0891379713742 1 Juan  404.95556232200033 0.066 0.289694659734 1.03962188962 1 1 3 0.21 0
144 3 6 0 0 11.2815 0.5 1.7580909729 0.218469083282 1 Juan  407.6789035089996 0.066 0.310968245233 1.03962188962 1 1 3 0.21 0
145 4 6 0 1 9.81 0.5 1.7394361496 0.0478802108552 1 Juan  410.5420340460005 0.066 0.550864822822 1.19155593874 1 1 3 0.21 1
146 4 4.5 0 1 12.753 0.5 1.35189008713 0.15687535 1 Juan  413.405502005 0.066 0.314031378324 0.695014737127 1 1 3 0.21 1
147 3 6 0 0 6.867 0.5 2.24312114716 0.0593641595802 1 Juan  415.85735419200046 0.066 0.4907568804 1.68375698758 1 1 3 0.21 0
148 4 4.5 0 0 11.2815 0.5 1.46615409851 0.182027411549 1 Juan  419.21451790300034 0.066 0.19996521975 0.784126686962 1 1 3 0.21 0
149 4 4.5 0 1 6.867 0.5 1.67539000511 -0.0989408697075 1 Juan  421.77834993600027 0.066 0.610090137459 1.27433087482 1 1 3 0.21 1
150 3 6 0 0 12.753 0.5 1.46590399742 0.0438473095985 1 Juan  424.5671465409996 0.066 0.253163397774 0.922056687823 1 1 3 0.21 0
151 3 4.5 0 1 9.81 0.5 1.40769910812 0.00824514558198 1 Juan  427.13848494299964 0.066 0.43736999893 0.899453962542 1 1 3 0.21 1
152 3 6 0 1 9.81 0.5 1.73010897636 0.0385530376222 1 Juan  429.6632859749998 0.066 0.550898844948 1.19155593874 1 1 3 0.21 1
153 4 4.5 0 1 8.3385 0.5 1.6928050518 0.138242822749 1 Juan  432.49219325099966 0.066 0.492730650445 1.05456222905 1 1 3 0.21 1
154 4 6 0 0 8.3385 0.5 1.89309191704 -0.0024234809581 1 Juan  435.3006961159999 0.066 0.403710735991 1.395515398 1 1 3 0.21 0
155 4 4.5 0 0 9.81 0.5 1.49892091751 0.0994669549692 1 Juan  438.2922882339999 0.066 0.230529652889 0.899453962542 1 1 3 0.21 0
156 4 4.5 0 0 6.867 0.5 1.85044813156 0.0761172567421 1 Juan  440.9127564110004 0.066 0.333620175247 1.27433087482 1 1 3 0.21 0
157 3 6 0 0 9.81 0.5 1.67793393135 -0.0136220073913 1 Juan  443.86650302900034 0.066 0.297967514924 1.19155593874 1 1 3 0.21 0
158 4 6 0 0 6.867 0.5 2.2094168663 0.025659878727 1 Juan  446.69257688499965 0.066 0.443282488775 1.68375698758 1 1 3 0.21 0
159 3 4.5 0 1 12.753 0.5 1.39647316933 0.201458432199 1 Juan  449.9772383489999 0.066 0.315186492891 0.695014737127 1 1 3 0.21 1
160 3 6 0 0 9.81 0.5 1.74246692657 0.0509109878327 1 Juan  452.44641062699975 0.066 0.306283721446 1.19155593874 1 1 3 0.21 0
161 3 4.5 0 1 11.2815 0.5 1.28852176666 0.00439507970088 1 Juan  455.3136378250001 0.066 0.387712328961 0.784126686962 1 1 3 0.21 1
162 3 4.5 0 0 12.753 0.5 1.25561594963 0.0606012125033 1 Juan  457.70533891299965 0.066 0.208166891665 0.695014737127 1 1 3 0.21 0
163 4 6 0 1 8.3385 0.5 1.62021183968 -0.27530355832 1 Juan  460.06227570600004 0.066 0.689530665417 1.395515398 1 1 3 0.21 1
164 3 4.5 0 0 8.3385 0.5 1.47720789909 -0.0773543299611 1 Juan  462.8220750299997 0.066 0.296593538448 1.05456222905 1 1 3 0.21 0
165 3 6 0 1 8.3385 0.5 1.70966005325 -0.185855344743 1 Juan  465.402579093 0.066 0.665740082608 1.395515398 1 1 3 0.21 1
166 4 4.5 0 0 8.3385 0.5 1.51747393608 -0.0370882929738 1 Juan  468.21930697599964 0.066 0.283867347685 1.05456222905 1 1 3 0.21 0
167 3 6 0 0 11.2815 0.5 1.53774404526 -0.00187784436066 1 Juan  470.84811807799997 0.066 0.264077782817 1.03962188962 1 1 3 0.21 0
168 3 4.5 0 1 6.867 0.5 1.55377101898 -0.220559855837 1 Juan  473.50604172400017 0.066 0.617697721505 1.27433087482 1 1 3 0.21 1
169 4 4.5 0 1 8.3385 0.5 1.4610490799 -0.0935131491597 1 Juan  476.172905077 0.066 0.524017144937 1.05456222905 1 1 3 0.21 1
170 3 4.5 0 1 8.3385 0.5 1.45133090019 -0.103231328863 1 Juan  478.7496516600004 0.066 0.491982220217 1.05456222905 1 1 3 0.21 1
171 4 4.5 0 1 12.753 0.5 1.19196105003 -0.00305368709383 1 Juan  481.3000847129997 0.066 0.343103510916 0.695014737127 1 1 3 0.21 1
172 4 4.5 0 0 6.867 0.5 1.69730401039 -0.0770268644279 1 Juan  483.6128223019996 0.066 0.3372405503 1.27433087482 1 1 3 0.21 0
173 3 6 0 0 8.3385 0.5 1.92576909065 0.0302536926564 1 Juan  486.4325117320004 0.066 0.373547779867 1.395515398 1 1 3 0.21 0
174 4 4.5 0 1 6.867 0.5 1.52948999405 -0.24484088077 1 Juan  489.46188230900043 0.066 0.597879398519 1.27433087482 1 1 3 0.21 1
175 4 4.5 0 0 12.753 0.5 18.9471700191 17.752155282 1 Juan  510.54592860899993 0.066 0.201863044972 0.695014737127 1 1 3 0.21 0
176 4 4.5 0 1 11.2815 0.5 18.9471700191 17.752155282 1 Juan  511.83923181299997 0.066 0.365261072798 0.784126686962 1 1 3 0.21 1
177 3 6 0 0 6.867 0.5 18.9471700191 17.752155282 1 Juan  511.97457380499964 0.066 0.431985789627 1.68375698758 1 1 3 0.21 0
178 4 6 0 1 9.81 0.5 1.70730018616 0.0157442474153 1 Juan  512.1489883240001 0.066 0.56027291643 1.19155593874 1 1 3 0.21 1
179 4 4.5 0 1 9.81 0.5 1.43631219864 0.0368582360971 1 Juan  514.9270200029996 0.066 0.444164393414 0.899453962542 1 1 3 0.21 1
180 3 6 0 1 6.867 0.5 2.14785194397 -0.0359050436058 1 Juan  517.4815355500004 0.066 0.812459700025 1.68375698758 1 1 3 0.21 1
181 3 4.5 0 1 9.81 0.5 1.53708600998 0.137632047437 1 Juan  520.74651008 0.066 0.405731458056 0.899453962542 1 1 3 0.21 1
182 3 4.5 0 0 9.81 0.5 1.34667491913 -0.0527790434134 1 Juan  523.382027869 0.066 0.258155125215 0.899453962542 1 1 3 0.21 0
183 4 4.5 0 0 11.2815 0.5 1.40774679184 0.123620104878 1 Juan  525.8280908400002 0.066 0.234459899429 0.784126686962 1 1 3 0.21 0
184 3 4.5 0 0 6.867 0.5 1.87550902367 0.101178148847 1 Juan  528.3672081370005 0.066 0.330184625078 1.27433087482 1 1 3 0.21 0
185 4 6 0 1 6.867 0.5 2.14983105659 -0.0339259309807 1 Juan  531.3663345450004 0.066 0.792133548749 1.68375698758 1 1 3 0.21 1
186 3 4.5 0 0 11.2815 0.5 1.36293911934 0.0788124323773 1 Juan  534.6314406809997 0.066 0.200917616525 0.784126686962 1 1 3 0.21 0
187 3 4.5 0 1 12.753 0.5 1.25853300095 0.0635182638186 1 Juan  537.114337131 0.066 0.32748949769 0.695014737127 1 1 3 0.21 1
188 4 6 0 0 12.753 0.5 1.50182008743 0.0797633996101 1 Juan  539.4666373500004 0.066 0.231063695596 0.922056687823 1 1 3 0.21 0
189 3 6 0 1 12.753 0.5 1.5460100174 0.123953329572 1 Juan  542.0618407150005 0.066 0.418889363414 0.922056687823 1 1 3 0.21 1
190 4 6 0 0 6.867 0.5 2.26417708397 0.0804200963936 1 Juan  544.7386507070005 0.066 0.457738985613 1.68375698758 1 1 3 0.21 0
191 4 6 0 1 12.753 0.5 1.47935009003 0.057293402204 1 Juan  548.0974445060001 0.066 0.450069366676 0.922056687823 1 1 3 0.21 1
192 4 6 0 0 8.3385 0.5 1.88932394981 -0.00619144818222 1 Juan  550.6816101160002 0.066 0.37368649452 1.395515398 1 1 3 0.21 0
193 3 6 0 0 12.753 0.5 1.47738099098 0.0553243031592 1 Juan  553.6862054680005 0.066 0.242972136128 0.922056687823 1 1 3 0.21 0
194 4 6 0 0 11.2815 0.5 1.62257218361 0.0829502939908 1 Juan  556.26753715 0.066 0.287656763294 1.03962188962 1 1 3 0.21 0
195 3 6 0 1 11.2815 0.5 1.52134799957 -0.0182738900455 1 Juan  558.9962315980001 0.066 0.472086148769 1.03962188962 1 1 3 0.21 1
196 3 6 0 1 9.81 0.5 1.74839305878 0.0568371200349 1 Juan  561.6328430849999 0.066 0.561727386353 1.19155593874 1 1 3 0.21 1
197 4 6 0 1 11.2815 0.5 1.53025698662 -0.00936490300019 1 Juan  564.4783257649997 0.066 0.477177645405 1.03962188962 1 1 3 0.21 1
198 4 6 0 0 9.81 0.5 1.86105108261 0.169495143869 1 Juan  567.1200169180001 0.066 0.342638455949 1.19155593874 1 1 3 0.21 0
199 4 4.5 0 0 9.81 0.5 1.36023712158 -0.0392168409598 1 Juan  570.0697388680001 0.066 0.260158580792 0.899453962542 1 1 3 0.21 0
200 3 6 0 1 9.81 0.5 1.70508313179 0.0135271930482 1 Juan  572.5595741830002 0.066 0.53936480304 1.19155593874 1 1 3 0.21 1
201 4 4.5 0 0 9.81 0.5 1.55055618286 0.15110222032 1 Juan  575.3837552289997 0.066 0.244516391386 0.899453962542 1 1 3 0.21 0
202 4 4.5 0 1 11.2815 0.5 1.41340303421 0.129276347248 1 Juan  578.0386114120001 0.066 0.353955894012 0.784126686962 1 1 3 0.21 1
203 4 6 0 0 11.2815 0.5 1.58257079124 0.0429489016263 1 Juan  580.5401443890005 0.066 0.279175663522 1.03962188962 1 1 3 0.21 0
204 4 4.5 0 0 11.2815 0.5 1.55700993538 0.272883248417 1 Juan  583.2279956419998 0.066 0.219966471659 0.784126686962 1 1 3 0.21 0
205 4 4.5 0 0 8.3385 0.5 1.79406905174 0.239506822688 1 Juan  585.8821869029998 0.066 0.313352413217 1.05456222905 1 1 3 0.21 0
206 4 4.5 0 1 8.3385 0.5 1.60819005966 0.0536278306071 1 Juan  588.7931527979999 0.066 0.47824629054 1.05456222905 1 1 3 0.21 1
207 4 6 0 0 9.81 0.5 1.79255390167 0.10099796293 1 Juan  591.5213951530004 0.066 0.298278347089 1.19155593874 1 1 3 0.21 0
208 4 4.5 0 0 6.867 0.5 1.8267531395 0.0524222646767 1 Juan  594.4200766800004 0.066 0.349290564267 1.27433087482 1 1 3 0.21 0
209 4 4.5 0 1 6.867 0.5 1.60418987274 -0.170141002077 1 Juan  597.3445699060003 0.066 0.596833761956 1.27433087482 1 1 3 0.21 1
210 3 4.5 0 1 6.867 0.5 1.58582401276 -0.188506862063 1 Juan  600.0480745699997 0.066 0.608714493026 1.27433087482 1 1 3 0.21 1
211 4 6 0 1 12.753 0.5 1.39910101891 -0.0229556689172 1 Juan  602.7585418039998 0.066 0.455161441599 0.922056687823 1 1 3 0.21 1
212 4 6 0 1 9.81 0.5 1.77303504944 0.0814791106965 1 Juan  605.2579336389999 0.066 0.539453314402 1.19155593874 1 1 3 0.21 1
213 3 4.5 0 0 9.81 0.5 1.45199489594 0.0525409333933 1 Juan  608.1345362100001 0.066 0.251216916778 0.899453962542 1 1 3 0.21 0
214 3 4.5 0 0 8.3385 0.5 1.62724494934 0.0726827202861 1 Juan  610.7112744460001 0.066 0.270242001533 1.05456222905 1 1 3 0.21 0
215 3 6 0 0 6.867 0.5 2.18061590195 -0.00314108562852 1 Juan  613.4280766539996 0.066 0.502924516558 1.68375698758 1 1 3 0.21 0
216 3 6 0 0 11.2815 0.5 1.60702896118 0.0674070715634 1 Juan  616.7066951570005 0.066 0.303125192137 1.03962188962 1 1 3 0.21 0
217 3 6 0 1 8.3385 0.5 1.86605906487 -0.029456333131 1 Juan  619.4255870699999 0.066 0.665158096485 1.395515398 1 1 3 0.21 1
218 3 4.5 0 1 12.753 0.5 1.23991298676 0.044898249628 1 Juan  622.4079043339998 0.066 0.338341144914 0.695014737127 1 1 3 0.21 1
219 4 6 0 1 8.3385 0.5 1.81700396538 -0.0785114326183 1 Juan  624.7527391140002 0.066 0.667759700624 1.395515398 1 1 3 0.21 1
220 3 4.5 0 0 12.753 0.5 1.24374198914 0.0487272520083 1 Juan  627.662308592 0.066 0.183946890976 0.695014737127 1 1 3 0.21 0
221 4 6 0 1 11.2815 0.5 1.53146600723 -0.00815588238556 1 Juan  630.0301334240003 0.066 0.512369515025 1.03962188962 1 1 3 0.21 1
222 4 6 0 0 8.3385 0.5 1.96659016609 0.0710747680959 1 Juan  632.6447492429998 0.066 0.418073187224 1.395515398 1 1 3 0.21 0
223 3 6 0 0 8.3385 0.5 2.12758803368 0.23207263568 1 Juan  635.7134351240002 0.066 0.409447195869 1.395515398 1 1 3 0.21 0
224 3 4.5 0 0 6.867 0.5 1.83407020569 0.0597393308693 1 Juan  638.9435567299997 0.066 0.344617152695 1.27433087482 1 1 3 0.21 0
225 3 6 0 1 12.753 0.5 1.54975795746 0.127701269636 1 Juan  641.874625339 0.066 0.443864867213 0.922056687823 1 1 3 0.21 1
226 3 4.5 0 1 9.81 0.5 1.47715401649 0.077700053953 1 Juan  644.5203590190004 0.066 0.427189081369 0.899453962542 1 1 3 0.21 1
227 4 4.5 0 1 9.81 0.5 1.42344903946 0.0239950769174 1 Juan  647.1055518610001 0.066 0.421715404247 0.899453962542 1 1 3 0.21 1
228 4 6 0 0 12.753 0.5 1.46864509583 0.0465884080024 1 Juan  649.6235490440004 0.066 0.232074241033 0.922056687823 1 1 3 0.21 0
229 4 4.5 0 0 12.753 0.5 1.2391898632 0.0441751260776 1 Juan  652.2021379859998 0.066 0.186579145846 0.695014737127 1 1 3 0.21 0
230 3 6 0 1 11.2815 0.5 1.61564207077 0.076020181152 1 Juan  654.5452193789997 0.066 0.511865944924 1.03962188962 1 1 3 0.21 1
231 3 6 0 0 9.81 0.5 2.02040791512 0.328851976373 1 Juan  657.2730816949997 0.066 0.346201536889 1.19155593874 1 1 3 0.21 0
232 3 4.5 0 1 8.3385 0.5 1.5573117733 0.00274954424541 1 Juan  660.4097139000005 0.066 0.518262319986 1.05456222905 1 1 3 0.21 1
233 3 4.5 0 0 11.2815 0.5 1.27474403381 -0.00938265314824 1 Juan  663.0778558049997 0.066 0.218229459073 0.784126686962 1 1 3 0.21 0
234 4 6 0 1 6.867 0.5 2.21822404861 0.034467061039 1 Juan  665.4545060629998 0.066 0.809408878245 1.68375698758 1 1 3 0.21 1
235 3 4.5 0 1 11.2815 0.5 1.34467887878 0.0605521918225 1 Juan  668.7625054159998 0.066 0.360223641669 0.784126686962 1 1 3 0.21 1
236 3 6 0 0 12.753 0.5 1.56354212761 0.141485439786 1 Juan  671.1870079219998 0.066 0.271293276425 0.922056687823 1 1 3 0.21 0
237 3 6 0 1 6.867 0.5 2.1272790432 -0.0564779443779 1 Juan  673.846243299 0.066 0.83498315806 1.68375698758 1 1 3 0.21 1
238 4 6 0 0 6.867 0.5 2.24805402756 0.0642970399818 1 Juan  677.0867779330001 0.066 0.492672655331 1.68375698758 1 1 3 0.21 0
239 4 4.5 0 1 12.753 0.5 1.29243707657 0.0974223394412 1 Juan  680.438273576 0.066 0.33558818444 0.695014737127 1 1 3 0.21 1
240 3 6 0 1 6.867 0.5 2.30374407768 0.119987090107 1 Juan  682.8406981030002 0.066 0.780001699866 1.68375698758 1 1 3 0.21 1
241 3 4.5 0 0 6.867 0.5 2.10001802444 0.325687149625 1 Juan  686.2650070330001 0.066 0.357781121474 1.27433087482 1 1 3 0.21 0
242 4 6 0 1 11.2815 0.5 1.49493789673 -0.0446839928897 1 Juan  689.4641055049997 0.066 0.487522083851 1.03962188962 1 1 3 0.21 1
243 4 4.5 0 0 11.2815 0.5 1.61026597023 0.326139283268 1 Juan  692.0735576630004 0.066 0.227397352954 0.784126686962 1 1 3 0.21 0
244 4 4.5 0 0 9.81 0.5 1.50344920158 0.103995239042 1 Juan  694.7610698059998 0.066 0.253061698128 0.899453962542 1 1 3 0.21 0
245 4 6 0 1 8.3385 0.5 2.45723199844 0.561716600448 1 Juan  697.3765151320003 0.066 0.69347600155 1.395515398 1 1 3 0.21 1
246 3 6 0 0 8.3385 0.5 1.9650349617 0.0695195637044 1 Juan  700.9290887039997 0.066 0.362150731544 1.395515398 1 1 3 0.21 0
247 4 6 0 0 11.2815 0.5 1.65763998032 0.118018090698 1 Juan  704.0035434649999 0.066 0.31052836478 1.03962188962 1 1 3 0.21 0
248 4 6 0 1 9.81 0.5 1.55744886398 -0.134107074759 1 Juan  706.7594767139999 0.066 0.587490819505 1.19155593874 1 1 3 0.21 1
249 3 6 0 1 12.753 0.5 1.47409510612 0.0520384183021 1 Juan  709.4362704140003 0.066 0.426642634058 0.922056687823 1 1 3 0.21 1
250 3 6 0 0 9.81 0.5 1.70593190193 0.0143759631898 1 Juan  712.0163198130003 0.066 0.351602933475 1.19155593874 1 1 3 0.21 0
251 4 4.5 0 0 6.867 0.5 1.95663404465 0.182303169828 1 Juan  714.8276476190003 0.066 0.366900754062 1.27433087482 1 1 3 0.21 0
252 4 4.5 0 1 12.753 0.5 1.2040541172 0.00903938007536 1 Juan  717.8906657830003 0.066 0.339839037995 0.695014737127 1 1 3 0.21 1
253 4 4.5 0 1 6.867 0.5 1.58132314682 -0.193007727999 1 Juan  720.2023266639999 0.066 0.627575843976 1.27433087482 1 1 3 0.21 1
254 3 4.5 0 1 12.753 0.5 1.29752612114 0.102511384012 1 Juan  722.8828995570002 0.066 0.342952332364 0.695014737127 1 1 3 0.21 1
255 3 4.5 0 1 8.3385 0.5 1.69595479965 0.141392570597 1 Juan  725.3014815489996 0.066 0.527005044469 1.05456222905 1 1 3 0.21 1
256 4 4.5 0 1 9.81 0.5 1.38801193237 -0.0114420301687 1 Juan  728.1071316560001 0.066 0.415511778544 0.899453962542 1 1 3 0.21 1
257 3 6 0 1 9.81 0.5 1.92094707489 0.229391136148 1 Juan  730.5849100020005 0.066 0.549690971403 1.19155593874 1 1 3 0.21 1
258 4 4.5 0 0 8.3385 0.5 1.68112683296 0.126564603907 1 Juan  733.61443814 0.066 0.270423839167 1.05456222905 1 1 3 0.21 0
259 3 6 0 0 11.2815 0.5 1.86765003204 0.328028142425 1 Juan  736.4156375760003 0.066 0.275730778694 1.03962188962 1 1 3 0.21 0
260 3 6 0 1 11.2815 0.5 1.61458086967 0.0749589800565 1 Juan  739.3926742310005 0.066 0.499046331647 1.03962188962 1 1 3 0.21 1
261 3 6 0 1 8.3385 0.5 1.87184810638 -0.0236672916118 1 Juan  742.1145480149999 0.066 0.675921773685 1.395515398 1 1 3 0.21 1
262 4 6 0 1 6.867 0.5 2.09989714622 -0.0838598413506 1 Juan  745.0863495009999 0.066 0.827549349666 1.68375698758 1 1 3 0.21 1
263 4 6 0 1 12.753 0.5 1.55013608932 0.128079401502 1 Juan  748.2875457139999 0.066 0.426626124691 0.922056687823 1 1 3 0.21 1
264 4 4.5 0 1 11.2815 0.5 1.3569278717 0.0728011847424 1 Juan  750.9457009790003 0.066 0.39104664154 0.784126686962 1 1 3 0.21 1
265 3 4.5 0 0 11.2815 0.5 1.45899295807 0.174866271107 1 Juan  753.4283204849999 0.066 0.233318945456 0.784126686962 1 1 3 0.21 0
266 4 4.5 0 1 8.3385 0.5 1.56817603111 0.0136138020579 1 Juan  755.9978699820003 0.066 0.4918292787 1.05456222905 1 1 3 0.21 1
267 3 4.5 0 0 9.81 0.5 1.51629495621 0.116840993665 1 Juan  758.6797797910003 0.066 0.231029962584 0.899453962542 1 1 3 0.21 0
268 4 6 0 0 12.753 0.5 1.68262696266 0.260570274839 1 Juan  761.2944174929999 0.066 0.233830482254 0.922056687823 1 1 3 0.21 0
269 3 4.5 0 0 12.753 0.5 1.40300703049 0.20799229336 1 Juan  764.0656773620003 0.066 0.200176123563 0.695014737127 1 1 3 0.21 0
270 4 6 0 0 9.81 0.5 1.80282998085 0.111274042108 1 Juan  766.574084201 0.066 0.350031804024 1.19155593874 1 1 3 0.21 0
271 3 6 0 0 6.867 0.5 2.2741048336 0.0903478460274 1 Juan  769.4793538240001 0.066 0.452628161904 1.68375698758 1 1 3 0.21 0
272 3 6 0 0 12.753 0.5 1.52282309532 0.100766407499 1 Juan  772.8408912900004 0.066 0.253035014104 0.922056687823 1 1 3 0.21 0
273 3 4.5 0 1 9.81 0.5 1.37396597862 -0.0254879839194 1 Juan  775.4890468149997 0.066 0.430766177275 0.899453962542 1 1 3 0.21 1
274 3 4.5 0 1 6.867 0.5 1.89674520493 0.122414330106 1 Juan  777.9714824590001 0.066 0.626127507412 1.27433087482 1 1 3 0.21 1
275 4 4.5 0 0 12.753 0.5 1.26042294502 0.0654082078952 1 Juan  780.9754963450005 0.066 0.193703771326 0.695014737127 1 1 3 0.21 0
276 3 4.5 0 0 8.3385 0.5 1.67237710953 0.117814880473 1 Juan  783.3552290999996 0.066 0.299530512031 1.05456222905 1 1 3 0.21 0
277 4 6 0 0 8.3385 0.5 1.97471094131 0.0791955433186 1 Juan  786.1262951030003 0.066 0.374051177412 1.395515398 1 1 3 0.21 0
278 3 4.5 0 1 11.2815 0.5 1.58439898491 0.300272297947 1 Juan  789.1982556370003 0.066 0.387126349831 0.784126686962 1 1 3 0.21 1
279 4 6 0 0 6.867 0.5 2.31696891785 0.133211930271 1 Juan  791.8805627909996 0.066 0.44382677615 1.68375698758 1 1 3 0.21 0
280 4 4.5 0 0 8.3385 0.5 1.65696716309 0.102404934031 1 Juan  795.2991101520001 0.066 0.30416635318 1.05456222905 1 1 3 0.21 0
281 4 4.5 0 0 11.2815 0.5 1.34195804596 0.0578313589978 1 Juan  798.0596787089999 0.066 0.232790306279 0.784126686962 1 1 3 0.21 0
282 4 6 0 1 6.867 0.5 1.98108696938 -0.2026700182 1 Juan  800.5095120790002 0.066 0.770530994234 1.68375698758 1 1 3 0.21 1
283 4 4.5 0 1 6.867 0.5 1.62265086174 -0.151680013079 1 Juan  803.595274792 0.066 0.631124852965 1.27433087482 1 1 3 0.21 1
284 4 6 0 1 11.2815 0.5 1.5974881649 0.0578662752835 1 Juan  806.3364974249998 0.066 0.476643451052 1.03962188962 1 1 3 0.21 1
285 3 6 0 0 6.867 0.5 2.23308205605 0.04932506847 1 Juan  809.0410728010002 0.066 0.449565345948 1.68375698758 1 1 3 0.21 0
286 3 6 0 1 8.3385 0.5 1.69472908974 -0.200786308259 1 Juan  812.3709568719996 0.066 0.689853109182 1.395515398 1 1 3 0.21 1
287 4 4.5 0 0 6.867 0.5 1.71865391731 -0.0556769575065 1 Juan  815.1918606150002 0.066 0.354225145844 1.27433087482 1 1 3 0.21 0
288 4 4.5 0 1 12.753 0.5 1.23394107819 0.0389263410586 1 Juan  818.0111740680004 0.066 0.324385720424 0.695014737127 1 1 3 0.21 1
289 4 6 0 0 12.753 0.5 1.54272007942 0.120663391599 1 Juan  820.3524099639999 0.066 0.237372666199 0.922056687823 1 1 3 0.21 0
290 3 6 0 0 11.2815 0.5 1.48598599434 -0.0536358952792 1 Juan  822.9831919150001 0.066 0.301681266535 1.03962188962 1 1 3 0.21 0
291 3 4.5 0 1 6.867 0.5 1.6045050621 -0.169825812716 1 Juan  825.5761963920004 0.066 0.591342113872 1.27433087482 1 1 3 0.21 1
292 4 4.5 0 1 11.2815 0.5 1.29276204109 0.0086353541302 1 Juan  828.2742724070004 0.066 0.369609244646 0.784126686962 1 1 3 0.21 1
293 3 4.5 0 1 9.81 0.5 1.39858794212 -0.000866020418383 1 Juan  830.6766879229999 0.066 0.421233967165 0.899453962542 1 1 3 0.21 1
294 4 6 0 1 9.81 0.5 1.62813687325 -0.0634190654967 1 Juan  833.1639695189997 0.066 0.556036115495 1.19155593874 1 1 3 0.21 1
295 4 6 0 1 8.3385 0.5 1.70261216164 -0.19290323636 1 Juan  835.9338991470004 0.066 0.640658683912 1.395515398 1 1 3 0.21 1
296 3 4.5 0 1 8.3385 0.5 1.43269705772 -0.121865171331 1 Juan  838.718589993 0.066 0.507134335793 1.05456222905 1 1 3 0.21 1
297 3 6 0 0 8.3385 0.5 1.60906386375 -0.286451534242 1 Juan  841.2586623870002 0.066 0.41024108922 1.395515398 1 1 3 0.21 0
298 3 4.5 0 0 8.3385 0.5 1.58371806145 0.0291558323924 1 Juan  843.955551772 0.066 0.303450939816 1.05456222905 1 1 3 0.21 0
299 4 6 0 0 6.867 0.5 2.24106907845 0.0573120908699 1 Juan  846.639826916 0.066 0.440150549533 1.68375698758 1 1 3 0.21 0
300 3 4.5 0 1 11.2815 0.5 1.31160402298 0.027477336018 1 Juan  849.9875168420003 0.066 0.368002959483 0.784126686962 1 1 3 0.21 1
301 4 6 0 0 8.3385 0.5 1.9394030571 0.0438876591023 1 Juan  852.3908485210004 0.066 0.392643737767 1.395515398 1 1 3 0.21 0
302 3 6 0 1 6.867 0.5 2.20439195633 0.0206349687538 1 Juan  855.4359427270001 0.066 0.789010845976 1.68375698758 1 1 3 0.21 1
303 4 4.5 0 0 12.753 0.5 1.23604512215 0.0410303850192 1 Juan  858.7618270640005 0.066 0.189230855178 0.695014737127 1 1 3 0.21 0
304 3 6 0 1 12.753 0.5 1.57193398476 0.149877296934 1 Juan  861.133837159 0.066 0.42294382366 0.922056687823 1 1 3 0.21 1
305 3 6 0 0 9.81 0.5 1.74751091003 0.0559549712922 1 Juan  863.8151212849998 0.066 0.321782635365 1.19155593874 1 1 3 0.21 0
306 4 6 0 0 9.81 0.5 1.80246400833 0.110908069589 1 Juan  866.6625652860002 0.066 0.321067032417 1.19155593874 1 1 3 0.21 0
307 3 4.5 0 0 11.2815 0.5 1.39398384094 0.109857153981 1 Juan  869.5718604860003 0.066 0.234329966288 0.784126686962 1 1 3 0.21 0
308 4 6 0 0 11.2815 0.5 1.58864307404 0.0490211844174 1 Juan  872.0708215329996 0.066 0.303720503271 1.03962188962 1 1 3 0.21 0
309 3 4.5 0 1 12.753 0.5 1.26228809357 0.0672733564395 1 Juan  874.7970428999997 0.066 0.342692004708 0.695014737127 1 1 3 0.21 1
310 3 4.5 0 0 6.867 0.5 2.02515721321 0.250826338392 1 Juan  877.1774232389998 0.066 0.320583897664 1.27433087482 1 1 3 0.21 0
311 4 6 0 1 12.753 0.5 1.48960804939 0.0675513615699 1 Juan  880.3053830810004 0.066 0.444695088041 0.922056687823 1 1 3 0.21 1
312 3 4.5 0 0 9.81 0.5 1.49661207199 0.0971581094492 1 Juan  882.8789304990005 0.066 0.246533470828 0.899453962542 1 1 3 0.21 0
313 4 4.5 0 0 9.81 0.5 1.57733488083 0.177880918287 1 Juan  885.4816400689997 0.066 0.229318944355 0.899453962542 1 1 3 0.21 0
314 4 4.5 0 1 8.3385 0.5 1.62224912643 0.0676868973796 1 Juan  888.189900974 0.066 0.486941336102 1.05456222905 1 1 3 0.21 1
315 4 4.5 0 1 9.81 0.5 1.41742491722 0.0179709546793 1 Juan  890.9109229699998 0.066 0.423544674476 0.899453962542 1 1 3 0.21 1
316 3 6 0 1 11.2815 0.5 1.61839985847 0.0787779688565 1 Juan  893.4258153219998 0.066 0.505281409993 1.03962188962 1 1 3 0.21 1
317 3 4.5 0 0 12.753 0.5 28.0313670635 26.8363523264 1 Juan  923.0365441909998 0.066 0.206551127769 0.695014737127 1 1 3 0.21 0
318 3 6 0 0 12.753 0.5 28.0313670635 26.8363523264 1 Juan  924.5827011439997 0.066 0.259127243894 0.922056687823 1 1 3 0.21 0
319 3 6 0 1 9.81 0.5 28.0313670635 26.8363523264 1 Juan  925.0330178679997 0.066 0.540043727485 1.19155593874 1 1 3 0.21 1
