trial vx vy vz LongOcclusion g timeStill rTime TemporalError environment id pupiltime IOD OccludedTimeOfTrajectory FlightDuration Drag DragFirst block accuracy LongOcclusion
0 4 4.5 0 1 9.81 0.5 3.3984310627 1.99897710016 1 Rodolfo  2.6855378830005066 0.062 0.429813548905 0.899453962542 1 1 2 0.95 1
1 3 6 0 1 12.753 0.5 98.1395828724 96.7175261846 1 Rodolfo  6.910730730000068 0.062 0.428360201278 0.922056687823 1 1 2 0.95 1
2 4 4.5 0 0 11.2815 0.5 1.28100705147 -0.00311963549382 1 Rodolfo  106.17203482399782 0.062 0.209278301803 0.784126686962 1 1 2 0.95 0
3 3 4.5 0 0 9.81 0.5 1.4010078907 0.0015539281595 1 Rodolfo  108.5503881759978 0.062 0.225952417108 0.899453962542 1 1 2 0.95 0
4 3 6 0 0 12.753 0.5 1.58617186546 0.16411517764 1 Rodolfo  111.06226107899784 0.062 0.253079767226 0.922056687823 1 1 2 0.95 0
5 4 6 0 1 11.2815 0.5 1.39826822281 -0.141353666809 1 Rodolfo  113.76945297400016 0.062 0.514669918159 1.03962188962 1 1 2 0.95 1
6 4 4.5 0 1 6.867 0.5 1.39367890358 -0.380651971239 1 Rodolfo  116.24084085899813 0.062 0.602636695221 1.27433087482 1 1 2 0.95 1
7 4 6 0 0 8.3385 0.5 1.99743700027 0.101921602279 1 Rodolfo  118.70945098800075 0.062 0.389374913835 1.395515398 1 1 2 0.95 0
8 4 4.5 0 1 12.753 0.5 1.28925609589 0.0942413587588 1 Rodolfo  121.82339481099916 0.062 0.320299112 0.695014737127 1 1 2 0.95 1
9 3 6 0 0 9.81 0.5 1.50368499756 -0.187870941183 1 Rodolfo  124.23912159099928 0.062 0.35353156035 1.19155593874 1 1 2 0.95 0
10 4 6 0 1 6.867 0.5 1.84457302094 -0.33918396664 1 Rodolfo  126.86215029999948 0.062 0.779615989305 1.68375698758 1 1 2 0.95 1
11 3 6 0 0 8.3385 0.5 1.74469995499 -0.150815443009 1 Rodolfo  129.80481187400073 0.062 0.385863539253 1.395515398 1 1 2 0.95 0
12 3 6 0 0 11.2815 0.5 1.65303111076 0.113409221145 1 Rodolfo  132.65506371099764 0.062 0.266334608074 1.03962188962 1 1 2 0.95 0
13 3 4.5 0 1 8.3385 0.5 1.52357888222 -0.0309833468374 1 Rodolfo  135.41672851299882 0.062 0.517800012935 1.05456222905 1 1 2 0.95 1
14 4 4.5 0 0 8.3385 0.5 1.66675806046 0.112195831401 1 Rodolfo  138.02528953900037 0.062 0.26906301169 1.05456222905 1 1 2 0.95 0
15 3 6 0 1 11.2815 0.5 1.53355002403 -0.00607186558564 1 Rodolfo  140.79798268000013 0.062 0.512130984245 1.03962188962 1 1 2 0.95 1
16 4 4.5 0 1 11.2815 0.5 1.22824692726 -0.0558797597004 1 Rodolfo  143.45879559899913 0.062 0.382533335737 0.784126686962 1 1 2 0.95 1
17 3 6 0 1 9.81 0.5 1.64594507217 -0.0456108665679 1 Rodolfo  145.79611805400054 0.062 0.54108276453 1.19155593874 1 1 2 0.95 1
18 3 6 0 0 6.867 0.5 1.65882110596 -0.524935881619 1 Rodolfo  148.5662845959996 0.062 0.456077142317 1.68375698758 1 1 2 0.95 0
19 4 4.5 0 1 8.3385 0.5 1.56787014008 0.0133079110209 1 Rodolfo  151.34706867500063 0.062 0.503777609734 1.05456222905 1 1 2 0.95 1
20 3 4.5 0 1 9.81 0.5 1.39304018021 -0.0064137823355 1 Rodolfo  154.04089641599785 0.062 0.417845886839 0.899453962542 1 1 2 0.95 1
21 3 4.5 0 1 6.867 0.5 1.54982495308 -0.22450592174 1 Rodolfo  156.54134841499763 0.062 0.630505835743 1.27433087482 1 1 2 0.95 1
22 4 6 0 1 8.3385 0.5 1.77946209908 -0.116053298921 1 Rodolfo  159.18927726999755 0.062 0.682411079799 1.395515398 1 1 2 0.95 1
23 3 6 0 1 6.867 0.5 1.87054395676 -0.313213030819 1 Rodolfo  162.07121795000057 0.062 0.774362541149 1.68375698758 1 1 2 0.95 1
24 3 4.5 0 1 12.753 0.5 1.26032614708 0.0653114099521 1 Rodolfo  165.03998654099996 0.062 0.338097700974 0.695014737127 1 1 2 0.95 1
25 4 4.5 0 0 6.867 0.5 1.64859199524 -0.12573887958 1 Rodolfo  167.4125292509998 0.062 0.354992973316 1.27433087482 1 1 2 0.95 0
26 4 6 0 1 9.81 0.5 1.56674313545 -0.12481280329 1 Rodolfo  170.1656727519985 0.062 0.564178621688 1.19155593874 1 1 2 0.95 1
27 3 4.5 0 0 6.867 0.5 1.72237992287 -0.0519509519523 1 Rodolfo  172.85770962400056 0.062 0.366449525118 1.27433087482 1 1 2 0.95 0
28 4 6 0 0 6.867 0.5 2.19321393967 0.00945695209121 1 Rodolfo  175.688001317998 0.062 0.48017692212 1.68375698758 1 1 2 0.95 0
29 4 4.5 0 0 9.81 0.5 1.47932982445 0.0798758619058 1 Rodolfo  178.96772085499833 0.062 0.226438242912 0.899453962542 1 1 2 0.95 0
30 4 6 0 0 9.81 0.5 1.72815895081 0.0366030120637 1 Rodolfo  181.54352506400028 0.062 0.304628992153 1.19155593874 1 1 2 0.95 0
31 4 6 0 1 12.753 0.5 1.4218711853 -0.000185502520074 1 Rodolfo  184.3763890859991 0.062 0.420337723582 0.922056687823 1 1 2 0.95 1
32 3 4.5 0 1 11.2815 0.5 1.34914803505 0.0650213480877 1 Rodolfo  186.88071012900036 0.062 0.36526478038 0.784126686962 1 1 2 0.95 1
33 3 6 0 1 8.3385 0.5 1.70516586304 -0.190349534959 1 Rodolfo  189.30588179400002 0.062 0.682078961088 1.395515398 1 1 2 0.95 1
34 4 6 0 0 12.753 0.5 5.63267111778 4.21061442996 1 Rodolfo  192.10276797799816 0.062 0.275474060099 0.922056687823 1 1 2 0.95 0
35 4 4.5 0 0 12.753 0.5 1.17927408218 -0.0157406549436 1 Rodolfo  198.8589185439996 0.062 0.200648884732 0.695014737127 1 1 2 0.95 0
36 3 4.5 0 0 11.2815 0.5 1.40415096283 0.120024275868 1 Rodolfo  201.1504695509975 0.062 0.198012416168 0.784126686962 1 1 2 0.95 0
37 4 6 0 0 11.2815 0.5 1.43311786652 -0.106504023102 1 Rodolfo  203.65931981099857 0.062 0.267746023407 1.03962188962 1 1 2 0.95 0
38 3 4.5 0 0 12.753 0.5 1.23472189903 0.0397071619052 1 Rodolfo  206.21586937100074 0.062 0.19001834897 0.695014737127 1 1 2 0.95 0
39 3 4.5 0 0 8.3385 0.5 1.69903421402 0.144471984965 1 Rodolfo  208.58131482300087 0.062 0.302391181977 1.05456222905 1 1 2 0.95 0
40 3 4.5 0 0 12.753 0.5 1.50182199478 0.306807257654 1 Rodolfo  211.412552193 0.062 0.176021522372 0.695014737127 1 1 2 0.95 0
41 4 6 0 1 11.2815 0.5 1.51008319855 -0.0295386910709 1 Rodolfo  214.01362114899894 0.062 0.493858307081 1.03962188962 1 1 2 0.95 1
42 4 6 0 0 12.753 0.5 1.56847000122 0.146413313398 1 Rodolfo  216.62235833600062 0.062 0.243614224985 0.922056687823 1 1 2 0.95 0
43 3 6 0 1 6.867 0.5 1.90657615662 -0.277180830959 1 Rodolfo  219.3197757859998 0.062 0.776670526755 1.68375698758 1 1 2 0.95 1
44 3 4.5 0 1 11.2815 0.5 1.34123802185 0.0571113348889 1 Rodolfo  222.33946372900027 0.062 0.391800936061 0.784126686962 1 1 2 0.95 1
45 4 4.5 0 1 8.3385 0.5 3.87392401695 2.3193617879 1 Rodolfo  224.77876703400034 0.062 0.490752297831 1.05456222905 1 1 2 0.95 1
46 3 6 0 0 9.81 0.5 1.8865840435 0.195028104761 1 Rodolfo  229.7549947660009 0.062 0.30300446058 1.19155593874 1 1 2 0.95 0
47 3 6 0 0 12.753 0.5 1.61075210571 0.18869541789 1 Rodolfo  232.7389007649981 0.062 0.251964936781 0.922056687823 1 1 2 0.95 0
48 3 4.5 0 1 6.867 0.5 1.71253418922 -0.0617966855949 1 Rodolfo  235.45389384399823 0.062 0.578560722278 1.27433087482 1 1 2 0.95 1
49 3 4.5 0 0 9.81 0.5 7.11646699905 5.71701303651 1 Rodolfo  238.29182610299904 0.062 0.23509606803 0.899453962542 1 1 2 0.95 0
50 4 4.5 0 1 11.2815 0.5 1.38137602806 0.0972493410992 1 Rodolfo  246.53860350899777 0.062 0.375767154219 0.784126686962 1 1 2 0.95 1
51 4 6 0 0 6.867 0.5 1.98491692543 -0.198840062145 1 Rodolfo  249.01208689199848 0.062 0.501494155909 1.68375698758 1 1 2 0.95 0
52 4 6 0 0 9.81 0.5 1.82448196411 0.132926025369 1 Rodolfo  252.10222384699955 0.062 0.303441210008 1.19155593874 1 1 2 0.95 0
53 4 6 0 1 6.867 0.5 1.86268210411 -0.321074883465 1 Rodolfo  255.04384589799884 0.062 0.804499243712 1.68375698758 1 1 2 0.95 1
54 3 6 0 1 9.81 0.5 1.64650988579 -0.045046052954 1 Rodolfo  258.02643788500063 0.062 0.566163454136 1.19155593874 1 1 2 0.95 1
55 4 4.5 0 0 6.867 0.5 1.89059400558 0.116263130766 1 Rodolfo  260.8023081379979 0.062 0.341942313483 1.27433087482 1 1 2 0.95 0
56 4 4.5 0 0 9.81 0.5 1.53064012527 0.131186162733 1 Rodolfo  263.78490051799963 0.062 0.264398969775 0.899453962542 1 1 2 0.95 0
57 4 4.5 0 1 6.867 0.5 1.66726613045 -0.107064744372 1 Rodolfo  266.40112133599905 0.062 0.57670871772 1.27433087482 1 1 2 0.95 1
58 3 4.5 0 1 12.753 0.5 1.22795987129 0.0329451341647 1 Rodolfo  269.19420490799894 0.062 0.34520892107 0.695014737127 1 1 2 0.95 1
59 3 4.5 0 0 8.3385 0.5 1.70955300331 0.154990774256 1 Rodolfo  271.53038177399867 0.062 0.284374089522 1.05456222905 1 1 2 0.95 0
60 4 6 0 1 12.753 0.5 1.49952197075 0.0774652829261 1 Rodolfo  274.3432519269991 0.062 0.444762113474 0.922056687823 1 1 2 0.95 1
61 3 4.5 0 1 9.81 0.5 1.43822002411 0.0387660615671 1 Rodolfo  276.9515950799978 0.062 0.409973785655 0.899453962542 1 1 2 0.95 1
62 4 6 0 0 11.2815 0.5 1.64597892761 0.106357037994 1 Rodolfo  279.48258239499773 0.062 0.28522342686 1.03962188962 1 1 2 0.95 0
63 3 6 0 1 11.2815 0.5 1.53201603889 -0.00760585072358 1 Rodolfo  282.2558792109994 0.062 0.505968646126 1.03962188962 1 1 2 0.95 1
64 3 6 0 1 8.3385 0.5 1.71021485329 -0.185300544709 1 Rodolfo  284.88894868100033 0.062 0.67437701257 1.395515398 1 1 2 0.95 1
65 3 6 0 0 11.2815 0.5 1.49845910072 -0.041162788895 1 Rodolfo  287.7122335739987 0.062 0.296041353345 1.03962188962 1 1 2 0.95 0
66 4 4.5 0 1 12.753 0.5 3.42931509018 2.23430035305 1 Rodolfo  290.3362262419978 0.062 0.342652240799 0.695014737127 1 1 2 0.95 1
67 4 6 0 0 8.3385 0.5 1.89667797089 0.00116257289017 1 Rodolfo  294.8885464249979 0.062 0.404701177892 1.395515398 1 1 2 0.95 0
68 4 4.5 0 1 9.81 0.5 1.41223287582 0.0127789132822 1 Rodolfo  297.89058400299837 0.062 0.415986732569 0.899453962542 1 1 2 0.95 1
69 3 4.5 0 1 8.3385 0.5 1.27955293655 -0.275009292501 1 Rodolfo  300.43715597199844 0.062 0.520012140508 1.05456222905 1 1 2 0.95 1
70 4 6 0 1 8.3385 0.5 1.73873305321 -0.156782344789 1 Rodolfo  302.81683663199874 0.062 0.67352542121 1.395515398 1 1 2 0.95 1
71 3 4.5 0 0 11.2815 0.5 1.4066529274 0.122526240437 1 Rodolfo  305.6727263629982 0.062 0.214162495881 0.784126686962 1 1 2 0.95 0
72 3 6 0 0 8.3385 0.5 2.09236812592 0.196852727919 1 Rodolfo  308.2117389189989 0.062 0.364026740434 1.395515398 1 1 2 0.95 0
73 4 4.5 0 0 8.3385 0.5 2.57459497452 1.02003274546 1 Rodolfo  311.3945099599987 0.062 0.286604275967 1.05456222905 1 1 2 0.95 0
74 3 6 0 0 6.867 0.5 1.86857891083 -0.315178076748 1 Rodolfo  315.04546584499985 0.062 0.497908213037 1.68375698758 1 1 2 0.95 0
75 3 4.5 0 0 6.867 0.5 1.72578191757 -0.0485489572471 1 Rodolfo  318.436022392998 0.062 0.375357370388 1.27433087482 1 1 2 0.95 0
76 4 4.5 0 0 11.2815 0.5 1.20639896393 -0.0777277230335 1 Rodolfo  320.8536286339986 0.062 0.202021641897 0.784126686962 1 1 2 0.95 0
77 4 6 0 1 9.81 0.5 1.58709812164 -0.104457817099 1 Rodolfo  323.16701129399735 0.062 0.537140000118 1.19155593874 1 1 2 0.95 1
78 3 6 0 1 12.753 0.5 1.39473700523 -0.027319682589 1 Rodolfo  325.8550187410001 0.062 0.443287721801 0.922056687823 1 1 2 0.95 1
79 4 4.5 0 0 12.753 0.5 1.1846909523 -0.0103237848264 1 Rodolfo  328.3534502090006 0.062 0.18507535792 0.695014737127 1 1 2 0.95 0
80 4 4.5 0 1 9.81 0.5 1.52391600609 0.124462043546 1 Rodolfo  330.6481088299988 0.062 0.439433809475 0.899453962542 1 1 2 0.95 1
81 3 4.5 0 0 11.2815 0.5 1.40226101875 0.118134331791 1 Rodolfo  333.2709924390001 0.062 0.225068214774 0.784126686962 1 1 2 0.95 0
82 3 6 0 0 12.753 0.5 1.38385510445 -0.0382015833764 1 Rodolfo  335.7737094039985 0.062 0.274186035621 0.922056687823 1 1 2 0.95 0
83 4 4.5 0 0 9.81 0.5 1.38514018059 -0.014313781954 1 Rodolfo  338.2780360020006 0.062 0.24621624795 0.899453962542 1 1 2 0.95 0
84 3 6 0 0 6.867 0.5 2.26816082001 0.0844038324318 1 Rodolfo  340.7385773979986 0.062 0.440433041147 1.68375698758 1 1 2 0.95 0
85 3 4.5 0 1 11.2815 0.5 4.82427811623 3.54015142926 1 Rodolfo  344.1130369879975 0.062 0.382428427525 0.784126686962 1 1 2 0.95 1
86 3 4.5 0 0 12.753 0.5 1.36354207993 0.168527342798 1 Rodolfo  350.03446143999827 0.062 0.186220954017 0.695014737127 1 1 2 0.95 0
87 4 4.5 0 1 8.3385 0.5 1.47345685959 -0.0811053694661 1 Rodolfo  352.50609853700007 0.062 0.482913182223 1.05456222905 1 1 2 0.95 1
88 3 6 0 0 8.3385 0.5 1.90596389771 0.010448499709 1 Rodolfo  355.101153489999 0.062 0.349781115455 1.395515398 1 1 2 0.95 0
89 4 6 0 1 8.3385 0.5 1.69667696953 -0.198838428468 1 Rodolfo  358.13045607800086 0.062 0.680979096567 1.395515398 1 1 2 0.95 1
90 4 4.5 0 0 6.867 0.5 1.85876393318 0.0844330583626 1 Rodolfo  360.95533974799764 0.062 0.35148514075 1.27433087482 1 1 2 0.95 0
91 4 4.5 0 0 12.753 0.5 1.28023195267 0.0852172155398 1 Rodolfo  363.92622450400086 0.062 0.203008795979 0.695014737127 1 1 2 0.95 0
92 4 6 0 1 12.753 0.5 1.40625095367 -0.0158057341485 1 Rodolfo  366.3183933250002 0.062 0.426640362754 0.922056687823 1 1 2 0.95 1
93 4 4.5 0 1 11.2815 0.5 1.19897818565 -0.085148501308 1 Rodolfo  368.82298447799985 0.062 0.377394438482 0.784126686962 1 1 2 0.95 1
94 4 6 0 0 9.81 0.5 1.59969687462 -0.0918590641234 1 Rodolfo  371.1200693360006 0.062 0.300490074868 1.19155593874 1 1 2 0.95 0
95 3 4.5 0 1 9.81 0.5 1.02966284752 -0.369791115023 1 Rodolfo  373.8102258309991 0.062 0.417061923481 0.899453962542 1 1 2 0.95 1
96 3 4.5 0 0 6.867 0.5 1.48827505112 -0.286055823702 1 Rodolfo  375.9453637400002 0.062 0.343994036366 1.27433087482 1 1 2 0.95 0
97 4 6 0 0 8.3385 0.5 1.93456196785 0.0390465698537 1 Rodolfo  378.54135148599744 0.062 0.36628816789 1.395515398 1 1 2 0.95 0
98 4 4.5 0 1 6.867 0.5 1.64102911949 -0.133301755328 1 Rodolfo  381.56164991499827 0.062 0.600710379467 1.27433087482 1 1 2 0.95 1
99 3 6 0 0 11.2815 0.5 1.55217909813 0.012557208511 1 Rodolfo  384.3040599349988 0.062 0.28833483735 1.03962188962 1 1 2 0.95 0
100 4 4.5 0 1 12.753 0.5 6.27154493332 5.07653019619 1 Rodolfo  386.9629403180006 0.062 0.318840031513 0.695014737127 1 1 2 0.95 1
101 4 6 0 0 11.2815 0.5 1.70401382446 0.164391934845 1 Rodolfo  394.368217321 0.062 0.269664300551 1.03962188962 1 1 2 0.95 0
102 4 6 0 1 9.81 0.5 1.58384990692 -0.107706031821 1 Rodolfo  397.168290024998 0.062 0.576899341475 1.19155593874 1 1 2 0.95 1
103 4 4.5 0 0 11.2815 0.5 1.28045892715 -0.00366775980717 1 Rodolfo  399.8521045790003 0.062 0.229263440065 0.784126686962 1 1 2 0.95 0
104 4 4.5 0 0 8.3385 0.5 1.48818993568 -0.0663722933706 1 Rodolfo  402.2389755619988 0.062 0.304793529284 1.05456222905 1 1 2 0.95 0
105 4 6 0 0 6.867 0.5 1.96498703957 -0.218769948009 1 Rodolfo  404.8330921989982 0.062 0.475662361142 1.68375698758 1 1 2 0.95 0
106 3 4.5 0 1 6.867 0.5 1.61904406548 -0.155286809344 1 Rodolfo  407.87262732999807 0.062 0.596214828783 1.27433087482 1 1 2 0.95 1
107 3 4.5 0 0 8.3385 0.5 1.56930708885 0.0147448597972 1 Rodolfo  410.59486465699956 0.062 0.302773307759 1.05456222905 1 1 2 0.95 0
108 3 4.5 0 0 9.81 0.5 1.48570609093 0.0862521283853 1 Rodolfo  413.25097637100043 0.062 0.264921112312 0.899453962542 1 1 2 0.95 0
109 3 6 0 1 6.867 0.5 3.56460881233 1.38085182476 1 Rodolfo  415.851616437998 0.062 0.802528490187 1.68375698758 1 1 2 0.95 1
110 3 4.5 0 1 8.3385 0.5 1.46057605743 -0.0939861716207 1 Rodolfo  420.53979462999996 0.062 0.522600006166 1.05456222905 1 1 2 0.95 1
111 4 6 0 0 12.753 0.5 1.47367095947 0.0516142716498 1 Rodolfo  423.1195342840001 0.062 0.269184565725 0.922056687823 1 1 2 0.95 0
112 4 6 0 1 11.2815 0.5 1.46998095512 -0.0696409344943 1 Rodolfo  425.71372993899786 0.062 0.492441146635 1.03962188962 1 1 2 0.95 1
113 3 6 0 1 11.2815 0.5 1.4930639267 -0.0465579629215 1 Rodolfo  428.29314205599803 0.062 0.51951094818 1.03962188962 1 1 2 0.95 1
114 3 6 0 1 8.3385 0.5 1.66886615753 -0.226649240464 1 Rodolfo  430.9066961110002 0.062 0.652812714865 1.395515398 1 1 2 0.95 1
115 3 6 0 1 9.81 0.5 1.46758389473 -0.223972044012 1 Rodolfo  433.67252044499764 0.062 0.591425920347 1.19155593874 1 1 2 0.95 1
116 4 6 0 1 6.867 0.5 2.06258201599 -0.121174971584 1 Rodolfo  436.2396382449988 0.062 0.776456362264 1.68375698758 1 1 2 0.95 1
117 3 6 0 0 9.81 0.5 1.63279509544 -0.0587608432982 1 Rodolfo  439.4044693939977 0.062 0.347037771226 1.19155593874 1 1 2 0.95 0
118 3 4.5 0 1 12.753 0.5 1.24693107605 0.0519163389224 1 Rodolfo  442.1408999609994 0.062 0.341954595408 0.695014737127 1 1 2 0.95 1
119 3 6 0 1 12.753 0.5 1.39848995209 -0.0235667357354 1 Rodolfo  444.4941777879976 0.062 0.445575233363 0.922056687823 1 1 2 0.95 1
120 3 4.5 0 0 12.753 0.5 1.08659696579 -0.108417771338 1 Rodolfo  446.9991023279981 0.062 0.194310914029 0.695014737127 1 1 2 0.95 0
121 3 4.5 0 1 6.867 0.5 1.61026716232 -0.164063712496 1 Rodolfo  449.1795851280003 0.062 0.592650101679 1.27433087482 1 1 2 0.95 1
122 4 6 0 1 9.81 0.5 1.53428888321 -0.157267055533 1 Rodolfo  451.90797136499896 0.062 0.580776625903 1.19155593874 1 1 2 0.95 1
123 3 4.5 0 0 8.3385 0.5 1.32990002632 -0.224662202733 1 Rodolfo  454.5407961739984 0.062 0.305159850382 1.05456222905 1 1 2 0.95 0
124 4 6 0 0 11.2815 0.5 1.35135698318 -0.188264906433 1 Rodolfo  456.97642788399753 0.062 0.297529081816 1.03962188962 1 1 2 0.95 0
125 4 4.5 0 0 11.2815 0.5 1.26390814781 -0.0202185391498 1 Rodolfo  459.44362373200056 0.062 0.20068275266 0.784126686962 1 1 2 0.95 0
126 3 6 0 1 12.753 0.5 1.4564909935 0.0344343056769 1 Rodolfo  461.829508797 0.062 0.454789617094 0.922056687823 1 1 2 0.95 1
127 4 6 0 0 8.3385 0.5 1.82711291313 -0.0684024848644 1 Rodolfo  464.38166849999834 0.062 0.355264165815 1.395515398 1 1 2 0.95 0
128 3 6 0 1 8.3385 0.5 1.624573946 -0.270941451997 1 Rodolfo  467.2885649609998 0.062 0.684012795452 1.395515398 1 1 2 0.95 1
129 4 6 0 0 9.81 0.5 1.99950289726 0.307946958521 1 Rodolfo  471.18788250299986 0.062 0.320443069303 1.19155593874 1 1 2 0.95 0
130 4 4.5 0 1 8.3385 0.5 1.20402979851 -0.350532430547 1 Rodolfo  473.1012488209999 0.062 0.509177495607 1.05456222905 1 1 2 0.95 1
131 3 6 0 0 6.867 0.5 1.99782395363 -0.185933033947 1 Rodolfo  475.4272081169984 0.062 0.493514110505 1.68375698758 1 1 2 0.95 0
132 4 6 0 0 12.753 0.5 1.43524289131 0.0131862034888 1 Rodolfo  478.49063444999774 0.062 0.233904289162 0.922056687823 1 1 2 0.95 0
133 3 6 0 1 9.81 0.5 1.6441950798 -0.0473608589385 1 Rodolfo  481.0297420179995 0.062 0.539142010421 1.19155593874 1 1 2 0.95 1
134 3 6 0 1 11.2815 0.5 1.05548000336 -0.484141886261 1 Rodolfo  483.7477983339995 0.062 0.476478809817 1.03962188962 1 1 2 0.95 1
135 3 4.5 0 1 8.3385 0.5 1.47827911377 -0.0762831152852 1 Rodolfo  485.9084521029981 0.062 0.500900303719 1.05456222905 1 1 2 0.95 1
136 3 4.5 0 0 11.2815 0.5 1.56960296631 0.285476279347 1 Rodolfo  488.49324821199843 0.062 0.218138744956 0.784126686962 1 1 2 0.95 0
137 3 6 0 0 12.753 0.5 1.58063101768 0.158574329862 1 Rodolfo  491.1539392400009 0.062 0.276333475929 0.922056687823 1 1 2 0.95 0
138 3 4.5 0 1 12.753 0.5 2.73193717003 1.5369224329 1 Rodolfo  493.859087689998 0.062 0.326521096112 0.695014737127 1 1 2 0.95 1
139 3 6 0 0 8.3385 0.5 1.97527003288 0.0797546348866 1 Rodolfo  497.67244102199766 0.062 0.384702714725 1.395515398 1 1 2 0.95 0
140 4 6 0 0 6.867 0.5 2.06379818916 -0.119958798412 1 Rodolfo  500.73872144199777 0.062 0.479617172051 1.68375698758 1 1 2 0.95 0
141 4 4.5 0 1 9.81 0.5 1.31930017471 -0.0801537878287 1 Rodolfo  503.90621727399775 0.062 0.41592830579 0.899453962542 1 1 2 0.95 1
142 4 4.5 0 0 12.753 0.5 1.28979706764 0.0947823305148 1 Rodolfo  506.30650847799916 0.062 0.194807205382 0.695014737127 1 1 2 0.95 0
143 4 6 0 1 12.753 0.5 1.430311203 0.00825451518012 1 Rodolfo  508.7134050370005 0.062 0.434423057307 0.922056687823 1 1 2 0.95 1
144 3 4.5 0 0 9.81 0.5 1.35754299164 -0.0419109709036 1 Rodolfo  511.243570532999 0.062 0.257866302152 0.899453962542 1 1 2 0.95 0
145 4 6 0 1 8.3385 0.5 1.74790716171 -0.147608236283 1 Rodolfo  513.7139537170005 0.062 0.675723354004 1.395515398 1 1 2 0.95 1
146 3 6 0 0 11.2815 0.5 1.49857902527 -0.0410428643497 1 Rodolfo  516.575841777998 0.062 0.267494714771 1.03962188962 1 1 2 0.95 0
147 3 4.5 0 1 9.81 0.5 1.41810894012 0.0186549775827 1 Rodolfo  519.1846046369974 0.062 0.440047438906 0.899453962542 1 1 2 0.95 1
148 4 4.5 0 1 11.2815 0.5 1.39644098282 0.112314295857 1 Rodolfo  521.7135788779997 0.062 0.360265830914 0.784126686962 1 1 2 0.95 1
149 3 6 0 1 6.867 0.5 1.93360996246 -0.250147025112 1 Rodolfo  524.2087637330005 0.062 0.79123203726 1.68375698758 1 1 2 0.95 1
150 3 4.5 0 1 11.2815 0.5 1.3154900074 0.0313633204388 1 Rodolfo  527.2166003620005 0.062 0.385084368998 0.784126686962 1 1 2 0.95 1
151 4 6 0 1 11.2815 0.5 1.30476403236 -0.234857857254 1 Rodolfo  529.6116339309992 0.062 0.482014854932 1.03962188962 1 1 2 0.95 1
152 4 4.5 0 0 6.867 0.5 1.59263110161 -0.181699773211 1 Rodolfo  532.042869896999 0.062 0.323263270375 1.27433087482 1 1 2 0.95 0
153 4 4.5 0 1 6.867 0.5 1.68874788284 -0.0855829919761 1 Rodolfo  534.7449343900007 0.062 0.613142859471 1.27433087482 1 1 2 0.95 1
154 3 4.5 0 0 6.867 0.5 1.74781608582 -0.0265147890037 1 Rodolfo  537.5370999599982 0.062 0.336489197569 1.27433087482 1 1 2 0.95 0
155 4 4.5 0 1 12.753 0.5 1.24646782875 0.0514530916232 1 Rodolfo  540.4016837259987 0.062 0.342015199644 0.695014737127 1 1 2 0.95 1
156 4 4.5 0 0 9.81 0.5 1.38912701607 -0.0103269464743 1 Rodolfo  542.7570517639979 0.062 0.254350129029 0.899453962542 1 1 2 0.95 0
157 3 6 0 0 9.81 0.5 1.77379894257 0.082243003824 1 Rodolfo  545.2564010899987 0.062 0.347583668016 1.19155593874 1 1 2 0.95 0
158 4 6 0 1 6.867 0.5 2.04196119308 -0.141795794491 1 Rodolfo  548.1524635219976 0.062 0.763822570975 1.68375698758 1 1 2 0.95 1
159 4 4.5 0 0 8.3385 0.5 1.40980100632 -0.144761222738 1 Rodolfo  551.2967584590006 0.062 0.285029092101 1.05456222905 1 1 2 0.95 0
160 3 6 0 1 12.753 0.5 1.52075386047 0.0986971726508 1 Rodolfo  553.8165046920003 0.062 0.453773134893 0.922056687823 1 1 2 0.95 1
161 4 4.5 0 0 9.81 0.5 1.47757411003 0.0781201474893 1 Rodolfo  556.4595352929973 0.062 0.241033191457 0.899453962542 1 1 2 0.95 0
162 4 4.5 0 1 8.3385 0.5 1.20613312721 -0.348429101842 1 Rodolfo  559.0576732749978 0.062 0.520618064812 1.05456222905 1 1 2 0.95 1
163 4 4.5 0 0 6.867 0.5 1.21173119545 -0.562599679369 1 Rodolfo  561.3925074180006 0.062 0.343774992059 1.27433087482 1 1 2 0.95 0
164 3 6 0 0 12.753 0.5 1.39149808884 -0.0305585989861 1 Rodolfo  563.7083781269976 0.062 0.258854939582 0.922056687823 1 1 2 0.95 0
165 4 4.5 0 1 6.867 0.5 1.63817811012 -0.136152764696 1 Rodolfo  566.2146188909974 0.062 0.636550429674 1.27433087482 1 1 2 0.95 1
166 3 4.5 0 0 11.2815 0.5 1.49086093903 0.206734252064 1 Rodolfo  568.9376804679996 0.062 0.212891815118 0.784126686962 1 1 2 0.95 0
167 3 4.5 0 0 6.867 0.5 1.8964381218 0.122107246976 1 Rodolfo  571.5476239279997 0.062 0.359798924883 1.27433087482 1 1 2 0.95 0
168 3 4.5 0 1 8.3385 0.5 1.44555902481 -0.109003204244 1 Rodolfo  574.520361644998 0.062 0.51574498309 1.05456222905 1 1 2 0.95 1
169 4 4.5 0 0 12.753 0.5 1.18954396248 -0.00547077464876 1 Rodolfo  577.0824657429985 0.062 0.182361930601 0.695014737127 1 1 2 0.95 0
170 3 4.5 0 0 9.81 0.5 1.45664191246 0.0571879499185 1 Rodolfo  579.3848062910001 0.062 0.245710818284 0.899453962542 1 1 2 0.95 0
171 4 4.5 0 0 8.3385 0.5 1.71527099609 0.160708767039 1 Rodolfo  581.9514910420003 0.062 0.299858787397 1.05456222905 1 1 2 0.95 0
172 4 6 0 1 12.753 0.5 1.52707910538 0.105022417554 1 Rodolfo  584.7805891709977 0.062 0.416910913068 0.922056687823 1 1 2 0.95 1
173 4 6 0 0 6.867 0.5 2.20946002007 0.0257030324898 1 Rodolfo  587.4232266359977 0.062 0.465013276563 1.68375698758 1 1 2 0.95 0
174 3 4.5 0 1 9.81 0.5 1.45986390114 0.0604099385965 1 Rodolfo  590.7543010269983 0.062 0.422151190312 0.899453962542 1 1 2 0.95 1
175 3 6 0 1 9.81 0.5 1.65494799614 -0.0366079426024 1 Rodolfo  593.3272212699994 0.062 0.557828777482 1.19155593874 1 1 2 0.95 1
176 4 6 0 1 11.2815 0.5 1.5491039753 0.00948208567779 1 Rodolfo  596.1242521389977 0.062 0.511079544306 1.03962188962 1 1 2 0.95 1
177 3 6 0 1 6.867 0.5 1.86779808998 -0.315958897594 1 Rodolfo  598.76873643 0.062 0.806006073027 1.68375698758 1 1 2 0.95 1
178 4 6 0 1 6.867 0.5 1.93341517448 -0.250341813091 1 Rodolfo  601.7573015769995 0.062 0.82233884939 1.68375698758 1 1 2 0.95 1
179 3 6 0 0 8.3385 0.5 2.84230184555 0.946786447554 1 Rodolfo  604.7976913370003 0.062 0.397612204937 1.395515398 1 1 2 0.95 0
180 4 4.5 0 1 12.753 0.5 1.30867791176 0.113663174631 1 Rodolfo  608.7460027889974 0.062 0.320431223035 0.695014737127 1 1 2 0.95 1
181 3 6 0 0 11.2815 0.5 1.33951616287 -0.200105726746 1 Rodolfo  611.1377692360002 0.062 0.281516473233 1.03962188962 1 1 2 0.95 0
182 4 6 0 0 8.3385 0.5 2.18666291237 0.291147514373 1 Rodolfo  613.5870468309986 0.062 0.366183286788 1.395515398 1 1 2 0.95 0
183 4 4.5 0 1 9.81 0.5 1.37645888329 -0.0229950792563 1 Rodolfo  616.8812893739996 0.062 0.434492098803 0.899453962542 1 1 2 0.95 1
184 4 6 0 0 12.753 0.5 1.4781498909 0.0560932030768 1 Rodolfo  619.3639208940003 0.062 0.258307252995 0.922056687823 1 1 2 0.95 0
185 4 4.5 0 1 11.2815 0.5 1.3146340847 0.0305073977398 1 Rodolfo  621.9659465139994 0.062 0.362243125592 0.784126686962 1 1 2 0.95 1
186 3 6 0 1 11.2815 0.5 1.50814890862 -0.0314729810031 1 Rodolfo  624.3863321930003 0.062 0.508719190103 1.03962188962 1 1 2 0.95 1
187 3 4.5 0 1 6.867 0.5 1.44344806671 -0.330882808108 1 Rodolfo  627.0234876110007 0.062 0.577787977678 1.27433087482 1 1 2 0.95 1
188 3 4.5 0 0 8.3385 0.5 1.52004694939 -0.0345152796682 1 Rodolfo  629.5811004069983 0.062 0.29398007542 1.05456222905 1 1 2 0.95 0
189 3 4.5 0 0 12.753 0.5 1.21830797195 0.0232932348269 1 Rodolfo  632.2168196139974 0.062 0.191048301416 0.695014737127 1 1 2 0.95 0
190 3 4.5 0 1 11.2815 0.5 1.24849319458 -0.0356334923816 1 Rodolfo  634.5441836129976 0.062 0.387861608717 0.784126686962 1 1 2 0.95 1
191 3 6 0 1 8.3385 0.5 1.63536500931 -0.260150388688 1 Rodolfo  636.8755658619993 0.062 0.628097104937 1.395515398 1 1 2 0.95 1
192 3 6 0 0 9.81 0.5 1.30590009689 -0.385655841849 1 Rodolfo  639.6304169809991 0.062 0.357063568153 1.19155593874 1 1 2 0.95 0
193 3 6 0 0 6.867 0.5 2.02140784264 -0.162349144939 1 Rodolfo  642.0432891839991 0.062 0.469492757856 1.68375698758 1 1 2 0.95 0
194 4 6 0 1 9.81 0.5 1.61179494858 -0.0797609901641 1 Rodolfo  645.1424102569981 0.062 0.554242089461 1.19155593874 1 1 2 0.95 1
195 4 6 0 0 9.81 0.5 1.60473585129 -0.0868200874541 1 Rodolfo  647.8673757979996 0.062 0.328726560086 1.19155593874 1 1 2 0.95 0
196 4 4.5 0 0 11.2815 0.5 1.35394191742 0.0698152304577 1 Rodolfo  650.5902275349981 0.062 0.229003292512 0.784126686962 1 1 2 0.95 0
197 3 4.5 0 1 12.753 0.5 1.30903697014 0.114022233011 1 Rodolfo  653.0717326129998 0.062 0.314475660815 0.695014737127 1 1 2 0.95 1
198 4 6 0 1 8.3385 0.5 1.51053285599 -0.384982542009 1 Rodolfo  655.4983585000009 0.062 0.697320630422 1.395515398 1 1 2 0.95 1
199 4 6 0 0 11.2815 0.5 1.47815990448 -0.0614619851382 1 Rodolfo  658.1011668350002 0.062 0.287056970969 1.03962188962 1 1 2 0.95 0
200 3 6 0 0 12.753 0.5 2.63259100914 1.21053432132 1 Rodolfo  662.1689457909997 0.062 0.241104369109 0.922056687823 1 1 2 0.95 0
201 4 4.5 0 1 12.753 0.5 1.28060102463 0.0855862875003 1 Rodolfo  664.4174985120007 0.062 0.331672900584 0.695014737127 1 1 2 0.95 1
202 3 4.5 0 0 9.81 0.5 1.17545294762 -0.224001014925 1 Rodolfo  666.7820141669981 0.062 0.241712670782 0.899453962542 1 1 2 0.95 0
203 3 6 0 0 11.2815 0.5 1.56522798538 0.0256060957639 1 Rodolfo  669.0545795519974 0.062 0.269158629513 1.03962188962 1 1 2 0.95 0
204 4 6 0 0 8.3385 0.5 1.85033607483 -0.045179323167 1 Rodolfo  671.7447074560005 0.062 0.37080481453 1.395515398 1 1 2 0.95 0
205 3 6 0 1 11.2815 0.5 1.51558899879 -0.0240328908237 1 Rodolfo  674.7111731119985 0.062 0.50268650767 1.03962188962 1 1 2 0.95 1
206 3 6 0 1 12.753 0.5 1.42465996742 0.00260327959968 1 Rodolfo  677.3230527689993 0.062 0.442074384187 0.922056687823 1 1 2 0.95 1
207 3 4.5 0 1 11.2815 0.5 1.58005213737 0.295925450413 1 Rodolfo  679.8613146110001 0.062 0.366203052907 0.784126686962 1 1 2 0.95 1
208 4 6 0 1 6.867 0.5 2.26847982407 0.0847228364906 1 Rodolfo  682.5710179069974 0.062 0.80919308307 1.68375698758 1 1 2 0.95 1
209 3 4.5 0 0 8.3385 0.5 2.45149612427 0.896933895213 1 Rodolfo  685.9129087539986 0.062 0.276068512804 1.05456222905 1 1 2 0.95 0
210 3 6 0 1 6.867 0.5 1.97151303291 -0.212243954662 1 Rodolfo  689.4478053589992 0.062 0.761763763349 1.68375698758 1 1 2 0.95 1
211 3 4.5 0 1 8.3385 0.5 1.59782385826 0.0432616292063 1 Rodolfo  692.5327871789996 0.062 0.499131938444 1.05456222905 1 1 2 0.95 1
212 4 6 0 0 6.867 0.5 2.24047994614 0.0567229585609 1 Rodolfo  695.2305152150002 0.062 0.462344339317 1.68375698758 1 1 2 0.95 0
213 4 4.5 0 0 12.753 0.5 1.28168988228 0.086675145151 1 Rodolfo  698.5553382789985 0.062 0.191032658705 0.695014737127 1 1 2 0.95 0
214 4 4.5 0 1 8.3385 0.5 1.52258586884 -0.0319763602193 1 Rodolfo  700.9424144839977 0.062 0.519709817366 1.05456222905 1 1 2 0.95 1
215 4 6 0 1 12.753 0.5 1.54655694962 0.124500261793 1 Rodolfo  703.5496639669982 0.062 0.426312202371 0.922056687823 1 1 2 0.95 1
216 4 6 0 0 12.753 0.5 1.47047305107 0.0484163632484 1 Rodolfo  706.2057401710008 0.062 0.254927812709 0.922056687823 1 1 2 0.95 0
217 3 4.5 0 1 6.867 0.5 1.55847001076 -0.215860864062 1 Rodolfo  708.7863236550002 0.062 0.60412147136 1.27433087482 1 1 2 0.95 1
218 4 6 0 1 11.2815 0.5 1.3725438118 -0.16707807782 1 Rodolfo  711.4740394039982 0.062 0.484609274046 1.03962188962 1 1 2 0.95 1
219 3 4.5 0 0 11.2815 0.5 1.33958292007 0.0554562331127 1 Rodolfo  713.9182001730005 0.062 0.21629561786 0.784126686962 1 1 2 0.95 0
220 4 4.5 0 0 9.81 0.5 1.51167011261 0.112216150068 1 Rodolfo  716.3541152399994 0.062 0.268094384139 0.899453962542 1 1 2 0.95 0
221 4 6 0 0 9.81 0.5 1.30452179909 -0.387034139654 1 Rodolfo  718.994521577999 0.062 0.344938491943 1.19155593874 1 1 2 0.95 0
222 3 6 0 0 6.867 0.5 2.31292700768 0.1291700201 1 Rodolfo  721.4100178039989 0.062 0.426309220703 1.68375698758 1 1 2 0.95 0
223 3 6 0 1 9.81 0.5 1.62871694565 -0.0628389930938 1 Rodolfo  724.8393833560003 0.062 0.55939966285 1.19155593874 1 1 2 0.95 1
224 4 4.5 0 0 8.3385 0.5 1.47156000137 -0.0830022276815 1 Rodolfo  727.5660310130006 0.062 0.308373608557 1.05456222905 1 1 2 0.95 0
225 3 6 0 0 9.81 0.5 1.49514317513 -0.196412763617 1 Rodolfo  730.1627858009997 0.062 0.325795633319 1.19155593874 1 1 2 0.95 0
226 4 4.5 0 0 6.867 0.5 1.84133696556 0.0670060907417 1 Rodolfo  732.7738458259992 0.062 0.369844640345 1.27433087482 1 1 2 0.95 0
227 3 6 0 0 8.3385 0.5 1.94785904884 0.0523436508473 1 Rodolfo  735.7191192499995 0.062 0.403495024299 1.395515398 1 1 2 0.95 0
228 4 4.5 0 1 6.867 0.5 4.06627511978 2.29194424496 1 Rodolfo  738.7748250730001 0.062 0.58412632031 1.27433087482 1 1 2 0.95 1
229 3 4.5 0 0 12.753 0.5 1.32033395767 0.125319220545 1 Rodolfo  743.9454387400001 0.062 0.186443039619 0.695014737127 1 1 2 0.95 0
230 3 6 0 1 8.3385 0.5 1.73777794838 -0.157737449617 1 Rodolfo  746.3457912819977 0.062 0.671677259525 1.395515398 1 1 2 0.95 1
231 4 4.5 0 1 11.2815 0.5 1.37944412231 0.0953174353527 1 Rodolfo  749.1730562599987 0.062 0.387628380307 0.784126686962 1 1 2 0.95 1
232 4 4.5 0 0 11.2815 0.5 1.15809702873 -0.126029658229 1 Rodolfo  751.6487974279989 0.062 0.213562163955 0.784126686962 1 1 2 0.95 0
233 4 6 0 1 8.3385 0.5 1.66876506805 -0.226750329942 1 Rodolfo  753.8726323279989 0.062 0.686745331748 1.395515398 1 1 2 0.95 1
234 3 4.5 0 0 6.867 0.5 1.49319982529 -0.281131049532 1 Rodolfo  756.6783641099973 0.062 0.350450317666 1.27433087482 1 1 2 0.95 0
235 3 4.5 0 1 9.81 0.5 1.38742017746 -0.0120337850821 1 Rodolfo  759.2569952679987 0.062 0.445495166715 0.899453962542 1 1 2 0.95 1
236 4 6 0 1 9.81 0.5 1.52244305611 -0.169112882635 1 Rodolfo  761.7513222569978 0.062 0.555827784201 1.19155593874 1 1 2 0.95 1
237 4 4.5 0 1 9.81 0.5 1.33602905273 -0.0634249098074 1 Rodolfo  764.3918340899982 0.062 0.416950621222 0.899453962542 1 1 2 0.95 1
238 4 6 0 0 11.2815 0.5 1.23005604744 -0.309565842179 1 Rodolfo  766.8372620189984 0.062 0.272890579687 1.03962188962 1 1 2 0.95 0
239 3 4.5 0 1 12.753 0.5 1.20929694176 0.0142822046298 1 Rodolfo  769.1756018619999 0.062 0.31356356655 0.695014737127 1 1 2 0.95 1
240 3 6 0 1 12.753 0.5 1.41354322433 -0.00851346348809 1 Rodolfo  771.498253714999 0.062 0.459744766922 0.922056687823 1 1 2 0.95 1
241 3 6 0 0 9.81 0.5 1.50139498711 -0.190160951636 1 Rodolfo  774.0131402939987 0.062 0.343243641653 1.19155593874 1 1 2 0.95 0
242 4 4.5 0 1 11.2815 0.5 1.25175786018 -0.032368826778 1 Rodolfo  776.625293713998 0.062 0.373715069263 0.784126686962 1 1 2 0.95 1
243 3 4.5 0 1 12.753 0.5 1.20298695564 0.0079722185153 1 Rodolfo  779.0038683639978 0.062 0.345628614793 0.695014737127 1 1 2 0.95 1
244 3 4.5 0 0 12.753 0.5 1.15965390205 -0.0353608350736 1 Rodolfo  781.3171166879984 0.062 0.189161267871 0.695014737127 1 1 2 0.95 0
245 4 6 0 0 6.867 0.5 1.95171499252 -0.232041995052 1 Rodolfo  783.5811292539984 0.062 0.463654636525 1.68375698758 1 1 2 0.95 0
246 3 6 0 1 8.3385 0.5 1.72615790367 -0.169357494325 1 Rodolfo  786.6335934759991 0.062 0.672787783045 1.395515398 1 1 2 0.95 1
247 4 6 0 1 12.753 0.5 1.49122595787 0.0691692700477 1 Rodolfo  789.4531090019991 0.062 0.438075908235 0.922056687823 1 1 2 0.95 1
248 3 4.5 0 0 6.867 0.5 1.584856987 -0.18947388782 1 Rodolfo  792.0482140669992 0.062 0.346948938832 1.27433087482 1 1 2 0.95 0
249 4 6 0 0 9.81 0.5 1.84019494057 0.148639001825 1 Rodolfo  794.7518922439995 0.062 0.334176212512 1.19155593874 1 1 2 0.95 0
250 4 4.5 0 0 8.3385 0.5 1.65170717239 0.097144943339 1 Rodolfo  797.710320072998 0.062 0.31125177889 1.05456222905 1 1 2 0.95 0
251 4 6 0 0 12.753 0.5 1.45443415642 0.032377468595 1 Rodolfo  800.4676250379998 0.062 0.24154725207 0.922056687823 1 1 2 0.95 0
252 4 6 0 1 9.81 0.5 1.60512113571 -0.0864348030303 1 Rodolfo  803.0272185419999 0.062 0.56975661036 1.19155593874 1 1 2 0.95 1
253 3 4.5 0 1 6.867 0.5 1.57560920715 -0.198721667666 1 Rodolfo  805.7412820589998 0.062 0.629202420752 1.27433087482 1 1 2 0.95 1
254 4 4.5 0 1 9.81 0.5 1.27150583267 -0.12794812987 1 Rodolfo  808.4376793269985 0.062 0.425365028496 0.899453962542 1 1 2 0.95 1
255 4 4.5 0 1 8.3385 0.5 1.42414498329 -0.130417245763 1 Rodolfo  810.7980193059993 0.062 0.525136921333 1.05456222905 1 1 2 0.95 1
256 3 6 0 0 8.3385 0.5 2.43181991577 0.536304517775 1 Rodolfo  813.3369634099981 0.062 0.400242713612 1.395515398 1 1 2 0.95 0
257 3 4.5 0 0 11.2815 0.5 1.45742893219 0.173302245228 1 Rodolfo  816.8827094439985 0.062 0.227296503159 0.784126686962 1 1 2 0.95 0
258 4 4.5 0 0 9.81 0.5 1.18250703812 -0.216946924425 1 Rodolfo  819.4491787439983 0.062 0.232590892362 0.899453962542 1 1 2 0.95 0
259 3 4.5 0 1 8.3385 0.5 1.63402295113 0.0794607220713 1 Rodolfo  821.7250436350005 0.062 0.49449931128 1.05456222905 1 1 2 0.95 1
260 4 4.5 0 1 12.753 0.5 1.3204331398 0.125418402674 1 Rodolfo  824.4917761799989 0.062 0.330843920629 0.695014737127 1 1 2 0.95 1
261 4 6 0 1 8.3385 0.5 1.68950605392 -0.206009344072 1 Rodolfo  826.9252123549995 0.062 0.647382987158 1.395515398 1 1 2 0.95 1
262 4 6 0 0 8.3385 0.5 1.7138209343 -0.1816944637 1 Rodolfo  829.7087976519979 0.062 0.414606678865 1.395515398 1 1 2 0.95 0
263 3 6 0 1 11.2815 0.5 1.38798618317 -0.151635706452 1 Rodolfo  832.5032159330003 0.062 0.481079400772 1.03962188962 1 1 2 0.95 1
264 3 6 0 0 12.753 0.5 1.95628595352 0.534229265699 1 Rodolfo  834.989125352 0.062 0.243205366045 0.922056687823 1 1 2 0.95 0
265 4 6 0 0 11.2815 0.5 1.68174982071 0.142127931091 1 Rodolfo  838.0639407749986 0.062 0.26410052187 1.03962188962 1 1 2 0.95 0
266 3 4.5 0 1 9.81 0.5 1.62539887428 0.225944911741 1 Rodolfo  840.8440611980004 0.062 0.422104952341 0.899453962542 1 1 2 0.95 1
267 3 6 0 0 6.867 0.5 2.09329509735 -0.0904618902245 1 Rodolfo  843.5803163719975 0.062 0.500276997651 1.68375698758 1 1 2 0.95 0
268 4 4.5 0 1 6.867 0.5 1.46783804893 -0.306492825884 1 Rodolfo  846.7989874439991 0.062 0.611581565708 1.27433087482 1 1 2 0.95 1
269 4 4.5 0 0 11.2815 0.5 1.55549693108 0.271370244114 1 Rodolfo  849.3801731669992 0.062 0.209557972276 0.784126686962 1 1 2 0.95 0
270 4 6 0 1 11.2815 0.5 2.31848096848 0.778859078857 1 Rodolfo  852.0518442680004 0.062 0.481017417683 1.03962188962 1 1 2 0.95 1
271 3 4.5 0 0 8.3385 0.5 1.57801389694 0.0234516678874 1 Rodolfo  855.4815868629994 0.062 0.285677759034 1.05456222905 1 1 2 0.95 0
272 4 4.5 0 0 6.867 0.5 1.45535802841 -0.318972846407 1 Rodolfo  858.1736546829998 0.062 0.377551483986 1.27433087482 1 1 2 0.95 0
273 3 6 0 0 11.2815 0.5 1.54902482033 0.00940293070953 1 Rodolfo  860.7522224509994 0.062 0.273432851106 1.03962188962 1 1 2 0.95 0
274 3 4.5 0 1 11.2815 0.5 1.41419005394 0.130063366978 1 Rodolfo  863.4089461129988 0.062 0.383467493089 0.784126686962 1 1 2 0.95 1
275 3 6 0 1 6.867 0.5 1.84075903893 -0.34299794865 1 Rodolfo  865.9418634430003 0.062 0.779291217384 1.68375698758 1 1 2 0.95 1
276 3 4.5 0 0 9.81 0.5 1.27715682983 -0.122297132708 1 Rodolfo  868.8967126549978 0.062 0.240217383973 0.899453962542 1 1 2 0.95 0
277 4 6 0 1 6.867 0.5 1.93622112274 -0.247535864834 1 Rodolfo  871.294105126999 0.062 0.768034559129 1.68375698758 1 1 2 0.95 1
278 3 6 0 1 9.81 0.5 1.68370699883 -0.00784893991689 1 Rodolfo  874.3326314259975 0.062 0.589164390942 1.19155593874 1 1 2 0.95 1
279 4 4.5 0 0 12.753 0.5 1.27746295929 0.0824482221622 1 Rodolfo  877.1303807250006 0.062 0.196123963895 0.695014737127 1 1 2 0.95 0
280 4 4.5 0 0 11.2815 0.5 1.28487277031 0.000746083347734 1 Rodolfo  879.522864008999 0.062 0.202829399696 0.784126686962 1 1 2 0.95 0
281 3 6 0 0 8.3385 0.5 2.04051399231 0.144998594314 1 Rodolfo  881.9304639090005 0.062 0.370546881134 1.395515398 1 1 2 0.95 0
282 3 4.5 0 1 9.81 0.5 1.18425393105 -0.215200031496 1 Rodolfo  885.0453355190002 0.062 0.443722976295 0.899453962542 1 1 2 0.95 1
283 3 6 0 0 9.81 0.5 2.7509829998 1.05942706106 1 Rodolfo  887.3101175640004 0.062 0.356249139362 1.19155593874 1 1 2 0.95 0
284 3 6 0 0 6.867 0.5 2.17555594444 -0.00820104313279 1 Rodolfo  891.1691671269982 0.062 0.441521130144 1.68375698758 1 1 2 0.95 0
285 3 4.5 0 1 6.867 0.5 1.61076402664 -0.163566848177 1 Rodolfo  894.4459865659992 0.062 0.600332144625 1.27433087482 1 1 2 0.95 1
286 3 6 0 1 12.753 0.5 1.43009901047 0.00804232264472 1 Rodolfo  897.1511245199981 0.062 0.419112679288 0.922056687823 1 1 2 0.95 1
287 3 4.5 0 0 8.3385 0.5 6.01952791214 4.46496568309 1 Rodolfo  905.3220254139997 0.062 0.289754514678 1.05456222905 1 1 2 0.95 0
288 4 4.5 0 0 8.3385 0.5 6.01952791214 4.46496568309 1 Rodolfo  906.5840629630002 0.062 0.268128513159 1.05456222905 1 1 2 0.95 0
289 3 4.5 0 0 11.2815 0.5 1.34705615044 0.0629294634747 1 Rodolfo  906.7842556649994 0.062 0.215400198492 0.784126686962 1 1 2 0.95 0
290 4 6 0 1 11.2815 0.5 1.47570085526 -0.0639210343631 1 Rodolfo  909.227743468 0.062 0.509436061034 1.03962188962 1 1 2 0.95 1
291 4 4.5 0 0 9.81 0.5 1.13070821762 -0.268745744921 1 Rodolfo  911.8256769719992 0.062 0.253307441326 0.899453962542 1 1 2 0.95 0
292 4 4.5 0 1 6.867 0.5 1.60853505135 -0.165795823473 1 Rodolfo  914.0582929789998 0.062 0.573690441057 1.27433087482 1 1 2 0.95 1
293 4 6 0 0 9.81 0.5 1.5413210392 -0.150234899542 1 Rodolfo  916.7764325989992 0.062 0.309095589107 1.19155593874 1 1 2 0.95 0
294 4 6 0 1 12.753 0.5 1.4754588604 0.0534021725745 1 Rodolfo  919.4294868399993 0.062 0.446632381641 0.922056687823 1 1 2 0.95 1
295 4 6 0 0 11.2815 0.5 1.68882989883 0.149208009216 1 Rodolfo  922.0139339589987 0.062 0.298494377099 1.03962188962 1 1 2 0.95 0
296 4 4.5 0 1 12.753 0.5 1.17687296867 -0.0181417684537 1 Rodolfo  924.8206509009979 0.062 0.346796693798 0.695014737127 1 1 2 0.95 1
297 3 4.5 0 1 11.2815 0.5 1.28905391693 0.00492722996944 1 Rodolfo  927.0968498789989 0.062 0.373700885783 0.784126686962 1 1 2 0.95 1
298 4 6 0 1 8.3385 0.5 2.13018393517 0.234668537169 1 Rodolfo  929.4984667569988 0.062 0.695240977368 1.395515398 1 1 2 0.95 1
299 4 4.5 0 1 11.2815 0.5 1.19160604477 -0.0925206421924 1 Rodolfo  932.7352803819995 0.062 0.382503336574 0.784126686962 1 1 2 0.95 1
300 3 6 0 1 11.2815 0.5 4.0744330883 2.53481119868 1 Rodolfo  935.0457055240004 0.062 0.500421391913 1.03962188962 1 1 2 0.95 1
301 3 6 0 0 11.2815 0.5 1.55003786087 0.0104159712521 1 Rodolfo  940.2412648339996 0.062 0.272774236063 1.03962188962 1 1 2 0.95 0
302 3 6 0 1 9.81 0.5 1.5906701088 -0.100885829947 1 Rodolfo  942.915842901999 0.062 0.580630241028 1.19155593874 1 1 2 0.95 1
303 4 6 0 1 9.81 0.5 1.52578210831 -0.165773830435 1 Rodolfo  945.6005642529999 0.062 0.584388293188 1.19155593874 1 1 2 0.95 1
304 4 6 0 0 8.3385 0.5 1.84900712967 -0.0465082683269 1 Rodolfo  948.2195178059992 0.062 0.371462653179 1.395515398 1 1 2 0.95 0
305 3 4.5 0 0 6.867 0.5 1.55146312714 -0.222867747683 1 Rodolfo  951.1592010679997 0.062 0.357836902249 1.27433087482 1 1 2 0.95 0
306 3 4.5 0 1 12.753 0.5 1.28882718086 0.093812443735 1 Rodolfo  953.8198700739995 0.062 0.325983349097 0.695014737127 1 1 2 0.95 1
307 4 6 0 1 6.867 0.5 1.92639708519 -0.257359902386 1 Rodolfo  956.2157327349996 0.062 0.766005712042 1.68375698758 1 1 2 0.95 1
308 4 6 0 0 12.753 0.5 1.47409081459 0.0520341267676 1 Rodolfo  959.2428305139983 0.062 0.251698995851 0.922056687823 1 1 2 0.95 0
309 4 4.5 0 0 12.753 0.5 1.24044513702 0.0454303998965 1 Rodolfo  961.8282416420006 0.062 0.200873829155 0.695014737127 1 1 2 0.95 0
310 3 6 0 0 12.753 0.5 1.4061999321 -0.0158567557244 1 Rodolfo  964.1742574909986 0.062 0.269808284543 0.922056687823 1 1 2 0.95 0
311 3 4.5 0 0 12.753 0.5 1.34963297844 0.154618241312 1 Rodolfo  966.6878889289983 0.062 0.176671673795 0.695014737127 1 1 2 0.95 0
312 4 4.5 0 1 9.81 0.5 1.39988589287 0.000431930326246 1 Rodolfo  969.151660866999 0.062 0.438115949818 0.899453962542 1 1 2 0.95 1
313 3 4.5 0 0 9.81 0.5 1.24377894402 -0.155675018526 1 Rodolfo  971.6773819579976 0.062 0.257213950715 0.899453962542 1 1 2 0.95 0
314 3 6 0 1 6.867 0.5 1.77922916412 -0.404527823452 1 Rodolfo  974.0263959129989 0.062 0.826133346211 1.68375698758 1 1 2 0.95 1
315 3 4.5 0 1 8.3385 0.5 1.44021987915 -0.114342349904 1 Rodolfo  976.9112560939975 0.062 0.481236773087 1.05456222905 1 1 2 0.95 1
316 4 6 0 0 6.867 0.5 1.61810207367 -0.565654913906 1 Rodolfo  979.4683462569992 0.062 0.47677767403 1.68375698758 1 1 2 0.95 0
317 4 4.5 0 1 8.3385 0.5 1.44234800339 -0.112214225667 1 Rodolfo  982.1853367160002 0.062 0.51618465116 1.05456222905 1 1 2 0.95 1
318 3 6 0 1 8.3385 0.5 1.59021878242 -0.305296615571 1 Rodolfo  984.7397394309992 0.062 0.629324826371 1.395515398 1 1 2 0.95 1
319 4 4.5 0 0 6.867 0.5 1.44569993019 -0.328630944628 1 Rodolfo  987.4574250559999 0.062 0.366813024942 1.27433087482 1 1 2 0.95 0
