trial vx vy vz LongOcclusion g timeStill rTime TemporalError environment id pupiltime IOD OccludedTimeOfTrajectory FlightDuration Drag DragFirst block accuracy LongOcclusion
0 3 4.5 0 0 9.81 0.5 10.2933590412 8.89390507867 1 Borja  2.2745265479998125 0.058 0.225830407362 0.899453962542 1 1 3 0.57 0
1 3 6 0 1 6.867 0.5 10.2933590412 8.89390507867 1 Borja  13.1788606049995 0.058 0.765572066858 1.68375698758 1 1 3 0.57 1
2 3 4.5 0 0 6.867 0.5 10.2933590412 8.89390507867 1 Borja  13.416689441999551 0.058 0.347678441755 1.27433087482 1 1 3 0.57 0
3 3 6 0 1 8.3385 0.5 2.66608309746 0.770567699462 1 Borja  13.686271398999452 0.058 0.648941916256 1.395515398 1 1 3 0.57 1
4 4 6 0 1 12.753 0.5 1.47466111183 0.0526044240089 1 Borja  16.728960096000264 0.058 0.452560999059 0.922056687823 1 1 3 0.57 1
5 3 4.5 0 1 8.3385 0.5 1.51270198822 -0.0418602408345 1 Borja  19.31936397499976 0.058 0.495376547673 1.05456222905 1 1 3 0.57 1
6 3 6 0 1 9.81 0.5 1.6767539978 -0.0148019409392 1 Borja  21.932121660999655 0.058 0.553695315281 1.19155593874 1 1 3 0.57 1
7 4 4.5 0 1 12.753 0.5 1.25585603714 0.0608413000125 1 Borja  24.717445436999697 0.058 0.317211088217 0.695014737127 1 1 3 0.57 1
8 4 4.5 0 0 8.3385 0.5 1.54602408409 -0.00853814496358 1 Borja  27.08781736199944 0.058 0.272710759913 1.05456222905 1 1 3 0.57 0
9 3 4.5 0 0 11.2815 0.5 1.3695230484 0.0853963614392 1 Borja  29.74527354499969 0.058 0.196862132346 0.784126686962 1 1 3 0.57 0
10 4 4.5 0 0 11.2815 0.5 1.32708597183 0.0429592848706 1 Borja  32.239353005999874 0.058 0.221173238893 0.784126686962 1 1 3 0.57 0
11 3 4.5 0 1 6.867 0.5 1.6503880024 -0.123942872424 1 Borja  34.66825531699942 0.058 0.631040990164 1.27433087482 1 1 3 0.57 1
12 3 6 0 0 11.2815 0.5 1.64183497429 0.102213084671 1 Borja  37.42769738300012 0.058 0.26635669295 1.03962188962 1 1 3 0.57 0
13 3 6 0 1 12.753 0.5 1.47715306282 0.0550963749976 1 Borja  40.18280521699944 0.058 0.428279111625 0.922056687823 1 1 3 0.57 1
14 4 6 0 1 6.867 0.5 2.02554607391 -0.158210913662 1 Borja  42.76734927100006 0.058 0.794394035488 1.68375698758 1 1 3 0.57 1
15 4 4.5 0 0 9.81 0.5 1.46485996246 0.0654059999216 1 Borja  45.912374087999524 0.058 0.255648370601 0.899453962542 1 1 3 0.57 0
16 4 6 0 0 6.867 0.5 2.12790799141 -0.0558489961662 1 Borja  48.49945868499981 0.058 0.484706541299 1.68375698758 1 1 3 0.57 0
17 4 6 0 0 11.2815 0.5 1.60846090317 0.0688390135495 1 Borja  51.71687314300016 0.058 0.291527810046 1.03962188962 1 1 3 0.57 0
18 4 6 0 1 8.3385 0.5 1.77340507507 -0.122110322923 1 Borja  54.44868913800019 0.058 0.692685265065 1.395515398 1 1 3 0.57 1
19 4 4.5 0 1 9.81 0.5 1.42029094696 0.0208369844187 1 Borja  57.34201251899958 0.058 0.414433846362 0.899453962542 1 1 3 0.57 1
20 3 4.5 0 1 12.753 0.5 1.28089094162 0.0858762044925 1 Borja  59.868155798999396 0.058 0.318390168762 0.695014737127 1 1 3 0.57 1
21 4 4.5 0 1 6.867 0.5 1.6727950573 -0.101535817522 1 Borja  62.25512573099968 0.058 0.615984965647 1.27433087482 1 1 3 0.57 1
22 3 4.5 0 1 9.81 0.5 1.40360617638 0.00415221383455 1 Borja  65.04676192700026 0.058 0.435933374427 0.899453962542 1 1 3 0.57 1
23 4 6 0 1 11.2815 0.5 1.5025331974 -0.0370886922153 1 Borja  67.56480356300017 0.058 0.489376376769 1.03962188962 1 1 3 0.57 1
24 3 4.5 0 0 8.3385 0.5 1.56116700172 0.00660477266948 1 Borja  70.18388920100006 0.058 0.300285333629 1.05456222905 1 1 3 0.57 0
25 3 6 0 0 9.81 0.5 1.72347307205 0.03191713331 1 Borja  72.85286668000026 0.058 0.321411945229 1.19155593874 1 1 3 0.57 0
26 4 6 0 0 12.753 0.5 1.46679210663 0.0447354188056 1 Borja  75.68859879699994 0.058 0.249889057584 0.922056687823 1 1 3 0.57 0
27 3 6 0 1 11.2815 0.5 1.60478782654 0.0651659369199 1 Borja  78.26657241300018 0.058 0.515071366099 1.03962188962 1 1 3 0.57 1
28 4 4.5 0 0 6.867 0.5 1.76322007179 -0.0111108030266 1 Borja  81.17726534800022 0.058 0.376756417963 1.27433087482 1 1 3 0.57 0
29 3 6 0 0 8.3385 0.5 2.02425003052 0.128734632522 1 Borja  83.83366726700024 0.058 0.390168782075 1.395515398 1 1 3 0.57 0
30 3 4.5 0 1 11.2815 0.5 1.38730192184 0.103175234883 1 Borja  86.98062636699979 0.058 0.387361593381 0.784126686962 1 1 3 0.57 1
31 3 4.5 0 0 12.753 0.5 3.91228890419 2.71727416706 1 Borja  89.46281846199963 0.058 0.197693463728 0.695014737127 1 1 3 0.57 0
32 3 6 0 0 6.867 0.5 2.23621106148 0.0524540739021 1 Borja  94.49042476799968 0.058 0.460996757856 1.68375698758 1 1 3 0.57 0
33 3 6 0 0 12.753 0.5 1.49478602409 0.0727293362708 1 Borja  97.82818497500011 0.058 0.239641381959 0.922056687823 1 1 3 0.57 0
34 4 4.5 0 1 11.2815 0.5 1.30910110474 0.0249744177746 1 Borja  100.43726375499955 0.058 0.373545942489 0.784126686962 1 1 3 0.57 1
35 4 4.5 0 0 12.753 0.5 1.2923989296 0.0973841924685 1 Borja  102.85278411599938 0.058 0.178329724438 0.695014737127 1 1 3 0.57 0
36 4 6 0 1 9.81 0.5 1.62434506416 -0.0672108745788 1 Borja  105.26611854800012 0.058 0.553749317253 1.19155593874 1 1 3 0.57 1
37 4 4.5 0 1 8.3385 0.5 1.44306492805 -0.111497301 1 Borja  108.00279967699953 0.058 0.475380651869 1.05456222905 1 1 3 0.57 1
38 4 6 0 0 9.81 0.5 1.70605897903 0.0145030402925 1 Borja  110.57283486199958 0.058 0.356783215751 1.19155593874 1 1 3 0.57 0
39 4 6 0 0 8.3385 0.5 1.96055102348 0.0650356254872 1 Borja  113.39554164099991 0.058 0.382193310618 1.395515398 1 1 3 0.57 0
40 3 6 0 0 9.81 0.5 1.71589684486 0.0243409061219 1 Borja  116.45912546 0.058 0.330131501583 1.19155593874 1 1 3 0.57 0
41 4 4.5 0 1 9.81 0.5 1.39842987061 -0.00102409193633 1 Borja  119.28190175100008 0.058 0.419508450723 0.899453962542 1 1 3 0.57 1
42 4 6 0 0 8.3385 0.5 2.00827002525 0.112754627257 1 Borja  121.78166562099977 0.058 0.351799873682 1.395515398 1 1 3 0.57 0
43 3 4.5 0 0 8.3385 0.5 1.59910392761 0.0445416985575 1 Borja  124.9118022900002 0.058 0.264378742413 1.05456222905 1 1 3 0.57 0
44 3 4.5 0 1 9.81 0.5 1.43460607529 0.0351521127451 1 Borja  127.61327649199939 0.058 0.438821813163 0.899453962542 1 1 3 0.57 1
45 3 6 0 0 11.2815 0.5 1.5713160038 0.0316941141812 1 Borja  130.14739862199986 0.058 0.266956740497 1.03962188962 1 1 3 0.57 0
46 4 6 0 1 8.3385 0.5 1.79410290718 -0.101412490815 1 Borja  132.82057133699982 0.058 0.686020103101 1.395515398 1 1 3 0.57 1
47 3 6 0 1 8.3385 0.5 1.76137089729 -0.134144500703 1 Borja  135.7307051990001 0.058 0.681847163888 1.395515398 1 1 3 0.57 1
48 4 6 0 0 9.81 0.5 1.78424191475 0.0926859760072 1 Borja  138.59986410799957 0.058 0.348727402576 1.19155593874 1 1 3 0.57 0
49 4 6 0 1 11.2815 0.5 1.43035793304 -0.109263956574 1 Borja  141.4864048720001 0.058 0.479009654783 1.03962188962 1 1 3 0.57 1
50 3 4.5 0 0 6.867 0.5 1.68035817146 -0.0939727033562 1 Borja  144.021196701 0.058 0.380652352894 1.27433087482 1 1 3 0.57 0
51 4 4.5 0 1 8.3385 0.5 1.52394390106 -0.0306183279928 1 Borja  146.8159315590001 0.058 0.474953528281 1.05456222905 1 1 3 0.57 1
52 4 6 0 1 6.867 0.5 1.93968391418 -0.244073073391 1 Borja  149.4499018380002 0.058 0.770767982779 1.68375698758 1 1 3 0.57 1
53 4 6 0 1 12.753 0.5 1.43737196922 0.0153152814002 1 Borja  152.50913819800007 0.058 0.437883266651 0.922056687823 1 1 3 0.57 1
54 3 4.5 0 0 9.81 0.5 1.4729449749 0.0734910123575 1 Borja  155.05602451399955 0.058 0.22719967581 0.899453962542 1 1 3 0.57 0
55 3 4.5 0 1 8.3385 0.5 1.52547979355 -0.0290824355062 1 Borja  157.64138716300022 0.058 0.492231857081 1.05456222905 1 1 3 0.57 1
56 4 6 0 1 9.81 0.5 1.62414097786 -0.0674149608825 1 Borja  160.27098832899992 0.058 0.591320733218 1.19155593874 1 1 3 0.57 1
57 3 6 0 1 6.867 0.5 1.8878660202 -0.295890967373 1 Borja  163.00749117299983 0.058 0.836341987994 1.68375698758 1 1 3 0.57 1
58 4 4.5 0 0 12.753 0.5 1.1826338768 -0.0123808603269 1 Borja  166.00372590499956 0.058 0.193827910424 0.695014737127 1 1 3 0.57 0
59 4 4.5 0 0 11.2815 0.5 1.43928194046 0.155155253498 1 Borja  168.279900001 0.058 0.222350881061 0.784126686962 1 1 3 0.57 0
60 4 4.5 0 0 8.3385 0.5 1.66760492325 0.113042694194 1 Borja  170.8090794359996 0.058 0.300121251752 1.05456222905 1 1 3 0.57 0
61 3 6 0 1 11.2815 0.5 1.59304785728 0.0534259676663 1 Borja  173.59141579900006 0.058 0.503067233235 1.03962188962 1 1 3 0.57 1
62 3 4.5 0 1 6.867 0.5 1.70221996307 -0.0721109117454 1 Borja  176.3055208400001 0.058 0.591610583752 1.27433087482 1 1 3 0.57 1
63 3 4.5 0 0 12.753 0.5 1.31351304054 0.118498303415 1 Borja  179.13232123099988 0.058 0.182080796181 0.695014737127 1 1 3 0.57 0
64 3 6 0 0 12.753 0.5 1.51798200607 0.0959253182502 1 Borja  181.56082546499965 0.058 0.254022949774 0.922056687823 1 1 3 0.57 0
65 3 6 0 1 12.753 0.5 1.44125509262 0.019198404798 1 Borja  184.1911801209999 0.058 0.432955863198 0.922056687823 1 1 3 0.57 1
66 3 6 0 0 6.867 0.5 2.291629076 0.107872088428 1 Borja  186.73063282299972 0.058 0.435470873236 1.68375698758 1 1 3 0.57 0
67 3 6 0 1 9.81 0.5 1.71625804901 0.0247021102693 1 Borja  190.12999395799943 0.058 0.545308708831 1.19155593874 1 1 3 0.57 1
68 4 4.5 0 0 6.867 0.5 1.84759116173 0.0732602869087 1 Borja  192.962126679 0.058 0.323094454003 1.27433087482 1 1 3 0.57 0
69 4 6 0 0 11.2815 0.5 1.56665706635 0.027035176727 1 Borja  195.92365955599962 0.058 0.267961596585 1.03962188962 1 1 3 0.57 0
70 4 6 0 0 6.867 0.5 2.140666008 -0.0430909795799 1 Borja  198.59818026599987 0.058 0.486885000259 1.68375698758 1 1 3 0.57 0
71 3 4.5 0 1 11.2815 0.5 1.36810421944 0.0839775324749 1 Borja  201.84953066900016 0.058 0.361107996947 0.784126686962 1 1 3 0.57 1
72 4 4.5 0 1 12.753 0.5 1.24541187286 0.0503971357364 1 Borja  204.32999719999953 0.058 0.32231698543 0.695014737127 1 1 3 0.57 1
73 4 4.5 0 0 9.81 0.5 1.47694516182 0.0774911992777 1 Borja  206.67823597200004 0.058 0.255268695053 0.899453962542 1 1 3 0.57 0
74 4 4.5 0 1 6.867 0.5 1.80757498741 0.0332441125923 1 Borja  209.26597019899964 0.058 0.630825924339 1.27433087482 1 1 3 0.57 1
75 3 4.5 0 0 11.2815 0.5 1.43137812614 0.147251439183 1 Borja  212.1937543919994 0.058 0.229253159228 0.784126686962 1 1 3 0.57 0
76 4 6 0 0 12.753 0.5 1.50571298599 0.0836562981696 1 Borja  214.73229158499998 0.058 0.275463685153 0.922056687823 1 1 3 0.57 0
77 3 6 0 0 8.3385 0.5 2.08043193817 0.184916540175 1 Borja  217.3622853019997 0.058 0.354988931408 1.395515398 1 1 3 0.57 0
78 3 4.5 0 1 12.753 0.5 1.3135240078 0.11850927067 1 Borja  220.57151938399966 0.058 0.318867907796 0.695014737127 1 1 3 0.57 1
79 4 4.5 0 1 11.2815 0.5 1.31123805046 0.0271113634991 1 Borja  222.99075600099968 0.058 0.384922419399 0.784126686962 1 1 3 0.57 1
80 3 6 0 0 11.2815 0.5 1.52224802971 -0.0173738599094 1 Borja  225.3847260550001 0.058 0.31088477919 1.03962188962 1 1 3 0.57 0
81 4 6 0 0 12.753 0.5 1.60345506668 0.181398378858 1 Borja  228.04039255899988 0.058 0.246477943939 0.922056687823 1 1 3 0.57 0
82 4 6 0 1 11.2815 0.5 1.59070301056 0.0510811209409 1 Borja  230.74888985799953 0.058 0.504296139082 1.03962188962 1 1 3 0.57 1
83 4 4.5 0 1 9.81 0.5 1.36017513275 -0.0392788297903 1 Borja  233.44898491599997 0.058 0.409963798899 0.899453962542 1 1 3 0.57 1
84 4 6 0 1 6.867 0.5 2.10178303719 -0.0819739503899 1 Borja  235.90864058599982 0.058 0.827983800898 1.68375698758 1 1 3 0.57 1
85 4 4.5 0 0 8.3385 0.5 1.63754296303 0.0829807339732 1 Borja  239.1200809029997 0.058 0.296694137697 1.05456222905 1 1 3 0.57 0
86 3 6 0 0 9.81 0.5 1.76429104805 0.072735109308 1 Borja  241.860992033 0.058 0.344571415384 1.19155593874 1 1 3 0.57 0
87 3 4.5 0 0 11.2815 0.5 1.36180186272 0.077675175755 1 Borja  244.70980112300003 0.058 0.201000101778 0.784126686962 1 1 3 0.57 0
88 4 6 0 1 12.753 0.5 1.48916816711 0.0671114792914 1 Borja  247.1805058760001 0.058 0.457181206656 0.922056687823 1 1 3 0.57 1
89 3 4.5 0 1 8.3385 0.5 1.59360909462 0.039046865565 1 Borja  249.76262727199992 0.058 0.498110935475 1.05456222905 1 1 3 0.57 1
90 4 4.5 0 0 6.867 0.5 1.75647997856 -0.0178508962578 1 Borja  252.4823568969996 0.058 0.363627760877 1.27433087482 1 1 3 0.57 0
91 3 6 0 1 11.2815 0.5 1.5481159687 0.00849407908599 1 Borja  255.3410263429996 0.058 0.505709458434 1.03962188962 1 1 3 0.57 1
92 4 4.5 0 0 9.81 0.5 1.52896308899 0.129509126447 1 Borja  257.99543129999984 0.058 0.245494836204 0.899453962542 1 1 3 0.57 0
93 3 4.5 0 1 11.2815 0.5 1.33523416519 0.0511074782299 1 Borja  260.63119702699987 0.058 0.359904738715 0.784126686962 1 1 3 0.57 1
94 4 4.5 0 1 11.2815 0.5 1.32561302185 0.0414863348889 1 Borja  263.07059042699984 0.058 0.389485952625 0.784126686962 1 1 3 0.57 1
95 4 6 0 0 8.3385 0.5 1.96276092529 0.0672455272969 1 Borja  265.51932165000017 0.058 0.406809244951 1.395515398 1 1 3 0.57 0
96 3 6 0 0 6.867 0.5 2.23366999626 0.0499130086861 1 Borja  268.6029633620001 0.058 0.441479406943 1.68375698758 1 1 3 0.57 0
97 4 6 0 0 9.81 0.5 1.80551218987 0.113956251123 1 Borja  271.94527384699995 0.058 0.343961364479 1.19155593874 1 1 3 0.57 0
98 3 4.5 0 1 12.753 0.5 1.30016994476 0.105155207636 1 Borja  274.85266157800015 0.058 0.31677754162 0.695014737127 1 1 3 0.57 1
99 4 4.5 0 0 11.2815 0.5 1.4651889801 0.181062293141 1 Borja  277.24915280999994 0.058 0.231890654122 0.784126686962 1 1 3 0.57 0
100 4 6 0 1 8.3385 0.5 1.87060809135 -0.0249073066417 1 Borja  279.8218881390003 0.058 0.679877322504 1.395515398 1 1 3 0.57 1
101 3 4.5 0 1 6.867 0.5 1.7481470108 -0.0261838640159 1 Borja  282.79325666099976 0.058 0.588572366618 1.27433087482 1 1 3 0.57 1
102 3 4.5 0 0 12.753 0.5 1.36381101608 0.168796278955 1 Borja  285.63793310799974 0.058 0.174605835526 0.695014737127 1 1 3 0.57 0
103 4 6 0 1 9.81 0.5 1.70937108994 0.0178151511933 1 Borja  288.0988347579996 0.058 0.581900523125 1.19155593874 1 1 3 0.57 1
104 3 6 0 1 12.753 0.5 1.57203102112 0.149974333295 1 Borja  290.9083510729997 0.058 0.416669454241 0.922056687823 1 1 3 0.57 1
105 3 4.5 0 0 9.81 0.5 1.61842513084 0.218971168302 1 Borja  293.6051362729995 0.058 0.244783257529 0.899453962542 1 1 3 0.57 0
106 3 6 0 1 9.81 0.5 1.73959898949 0.0480430507447 1 Borja  296.3365767839996 0.058 0.553602770239 1.19155593874 1 1 3 0.57 1
107 4 4.5 0 1 6.867 0.5 1.74102807045 -0.0333028043693 1 Borja  299.18035783100004 0.058 0.597883498067 1.27433087482 1 1 3 0.57 1
108 4 4.5 0 1 12.753 0.5 1.24503111839 0.0500163812655 1 Borja  302.0181386639997 0.058 0.316448219497 0.695014737127 1 1 3 0.57 1
109 3 6 0 0 12.753 0.5 1.55940318108 0.137346493253 1 Borja  304.3684286560001 0.058 0.252213405279 0.922056687823 1 1 3 0.57 0
110 4 6 0 0 11.2815 0.5 1.71880698204 0.179185092422 1 Borja  307.0408919499996 0.058 0.276126074647 1.03962188962 1 1 3 0.57 0
111 3 4.5 0 0 6.867 0.5 1.83746290207 0.0631320272499 1 Borja  309.85146148999956 0.058 0.356402899068 1.27433087482 1 1 3 0.57 0
112 3 4.5 0 1 9.81 0.5 1.40448212624 0.00502816369417 1 Borja  312.80072186599955 0.058 0.417027825251 0.899453962542 1 1 3 0.57 1
113 4 4.5 0 1 8.3385 0.5 1.50244307518 -0.0521191538747 1 Borja  315.297739695 0.058 0.506952423308 1.05456222905 1 1 3 0.57 1
114 4 6 0 0 6.867 0.5 2.21875500679 0.0349980192146 1 Borja  317.9122663629996 0.058 0.424402252839 1.68375698758 1 1 3 0.57 0
115 3 6 0 0 8.3385 0.5 1.90342402458 0.00790862658584 1 Borja  321.2308695499996 0.058 0.406875768274 1.395515398 1 1 3 0.57 0
116 3 6 0 1 6.867 0.5 1.98446702957 -0.199289958004 1 Borja  324.2445840769997 0.058 0.832026050337 1.68375698758 1 1 3 0.57 1
117 3 4.5 0 0 8.3385 0.5 1.58193707466 0.0273748456065 1 Borja  327.3372636289996 0.058 0.306587090614 1.05456222905 1 1 3 0.57 0
118 4 4.5 0 0 12.753 0.5 1.27940583229 0.0843910951632 1 Borja  330.03005656000005 0.058 0.198468167495 0.695014737127 1 1 3 0.57 0
119 3 6 0 1 8.3385 0.5 1.8142991066 -0.0812162913982 1 Borja  332.41080271400006 0.058 0.654149735904 1.395515398 1 1 3 0.57 1
120 3 4.5 0 1 6.867 0.5 1.66197395325 -0.112356921572 1 Borja  335.34604777799996 0.058 0.630473119332 1.27433087482 1 1 3 0.57 1
121 4 4.5 0 0 12.753 0.5 1.31110215187 0.116087414743 1 Borja  338.11856311300016 0.058 0.175546143786 0.695014737127 1 1 3 0.57 0
122 4 4.5 0 0 9.81 0.5 1.416877985 0.0174240224588 1 Borja  340.5375603709999 0.058 0.267543892826 0.899453962542 1 1 3 0.57 0
123 3 6 0 0 12.753 0.5 1.4230298996 0.000973211774359 1 Borja  343.055698569 0.058 0.232774181608 0.922056687823 1 1 3 0.57 0
124 3 4.5 0 0 12.753 0.5 1.34853100777 0.153516270639 1 Borja  345.5861993259996 0.058 0.199926408181 0.695014737127 1 1 3 0.57 0
125 4 6 0 1 12.753 0.5 1.43242716789 0.0103704800696 1 Borja  348.046021483 0.058 0.432730171029 0.922056687823 1 1 3 0.57 1
126 3 6 0 0 6.867 0.5 2.2385392189 0.054782231327 1 Borja  350.59640894899985 0.058 0.449603731469 1.68375698758 1 1 3 0.57 0
127 3 6 0 0 8.3385 0.5 1.91526484489 0.0197494468983 1 Borja  353.9526354319996 0.058 0.379988194631 1.395515398 1 1 3 0.57 0
128 3 6 0 1 9.81 0.5 1.6858818531 -0.00567408563833 1 Borja  356.98143286899995 0.058 0.578971694843 1.19155593874 1 1 3 0.57 1
129 4 6 0 1 9.81 0.5 1.56749916077 -0.124056777975 1 Borja  359.7739087029995 0.058 0.572106560401 1.19155593874 1 1 3 0.57 1
130 3 4.5 0 1 9.81 0.5 1.39531612396 -0.00413783857939 1 Borja  362.45985550000023 0.058 0.444193483563 0.899453962542 1 1 3 0.57 1
131 4 6 0 1 6.867 0.5 1.96496701241 -0.21878997517 1 Borja  364.9682983020002 0.058 0.774519743116 1.68375698758 1 1 3 0.57 1
132 3 4.5 0 0 9.81 0.5 1.51149606705 0.112042104505 1 Borja  368.03242833199965 0.058 0.268967817929 0.899453962542 1 1 3 0.57 0
133 3 4.5 0 0 8.3385 0.5 1.5720448494 0.017482620341 1 Borja  370.662805121 0.058 0.282368550484 1.05456222905 1 1 3 0.57 0
134 3 6 0 1 11.2815 0.5 1.72160482407 0.181982934448 1 Borja  373.3328159869998 0.058 0.500987806224 1.03962188962 1 1 3 0.57 1
135 3 6 0 1 6.867 0.5 1.98539113998 -0.198365847591 1 Borja  376.16540939399965 0.058 0.768047328788 1.68375698758 1 1 3 0.57 1
136 4 6 0 0 9.81 0.5 1.81166410446 0.12010816572 1 Borja  379.27484158399966 0.058 0.306887449568 1.19155593874 1 1 3 0.57 0
137 4 4.5 0 1 11.2815 0.5 1.42923307419 0.145106387227 1 Borja  382.1909615149998 0.058 0.389191323908 0.784126686962 1 1 3 0.57 1
138 4 6 0 1 8.3385 0.5 2.01692891121 0.121413513213 1 Borja  384.7342617819995 0.058 0.628422479332 1.395515398 1 1 3 0.57 1
139 3 4.5 0 0 6.867 0.5 1.77190685272 -0.002424022097 1 Borja  387.87555692099977 0.058 0.340835474925 1.27433087482 1 1 3 0.57 0
140 4 6 0 0 11.2815 0.5 1.6408290863 0.101207196685 1 Borja  390.7589459339997 0.058 0.26265797509 1.03962188962 1 1 3 0.57 0
141 4 6 0 0 8.3385 0.5 1.98477911949 0.0892637214955 1 Borja  393.51515448600003 0.058 0.356774699393 1.395515398 1 1 3 0.57 0
142 3 4.5 0 1 12.753 0.5 1.41591095924 0.220896222116 1 Borja  396.61178458999984 0.058 0.320694765296 0.695014737127 1 1 3 0.57 1
143 3 4.5 0 0 11.2815 0.5 1.42935705185 0.145230364888 1 Borja  399.1443211609994 0.058 0.210445338704 0.784126686962 1 1 3 0.57 0
144 4 6 0 0 6.867 0.5 2.32683897018 0.143081982609 1 Borja  401.69619918900025 0.058 0.479515148808 1.68375698758 1 1 3 0.57 0
145 3 6 0 0 11.2815 0.5 1.73329806328 0.19367617366 1 Borja  405.1248630509999 0.058 0.272599313291 1.03962188962 1 1 3 0.57 0
146 4 4.5 0 1 8.3385 0.5 1.66906094551 0.114498716456 1 Borja  407.98133432800023 0.058 0.480443011963 1.05456222905 1 1 3 0.57 1
147 3 6 0 1 8.3385 0.5 1.85247182846 -0.0430435695354 1 Borja  410.7727328259998 0.058 0.667548284694 1.395515398 1 1 3 0.57 1
148 4 4.5 0 1 6.867 0.5 1.79659700394 0.0222661291176 1 Borja  413.74622829999953 0.058 0.606722673217 1.27433087482 1 1 3 0.57 1
149 4 4.5 0 0 11.2815 0.5 1.52399897575 0.239872288792 1 Borja  416.65515194099953 0.058 0.219674084989 0.784126686962 1 1 3 0.57 0
150 3 6 0 1 12.753 0.5 1.64582300186 0.223766314039 1 Borja  419.2977675530001 0.058 0.439756732271 0.922056687823 1 1 3 0.57 1
151 4 4.5 0 0 6.867 0.5 1.90038704872 0.126056173902 1 Borja  422.0603050990003 0.058 0.348770453726 1.27433087482 1 1 3 0.57 0
152 4 4.5 0 0 8.3385 0.5 1.7106730938 0.156110864741 1 Borja  425.0634014999996 0.058 0.313642484154 1.05456222905 1 1 3 0.57 0
153 3 6 0 0 9.81 0.5 1.82099199295 0.129436054208 1 Borja  427.8820507829996 0.058 0.35409463992 1.19155593874 1 1 3 0.57 0
154 4 4.5 0 1 9.81 0.5 1.59642505646 0.196971093916 1 Borja  430.8244492069998 0.058 0.428454502378 0.899453962542 1 1 3 0.57 1
155 3 4.5 0 1 11.2815 0.5 1.4690759182 0.184949231236 1 Borja  433.53955953700006 0.058 0.374730863795 0.784126686962 1 1 3 0.57 1
156 4 6 0 0 12.753 0.5 1.54398298264 0.121926294813 1 Borja  436.13510273500015 0.058 0.26522815044 0.922056687823 1 1 3 0.57 0
157 4 6 0 1 11.2815 0.5 1.74472498894 0.205103099319 1 Borja  438.79120003299977 0.058 0.47331757417 1.03962188962 1 1 3 0.57 1
158 4 4.5 0 1 12.753 0.5 1.38767886162 0.192664124491 1 Borja  441.6525926489994 0.058 0.343869485515 0.695014737127 1 1 3 0.57 1
159 3 4.5 0 1 8.3385 0.5 1.56304907799 0.00848684893291 1 Borja  444.15949511300005 0.058 0.515234652961 1.05456222905 1 1 3 0.57 1
160 4 6 0 0 6.867 0.5 2.17699718475 -0.00675980282212 1 Borja  446.84033869799987 0.058 0.488892352344 1.68375698758 1 1 3 0.57 0
161 3 6 0 1 9.81 0.5 1.82428407669 0.132728137949 1 Borja  450.13008704299955 0.058 0.583330020728 1.19155593874 1 1 3 0.57 1
162 3 6 0 0 6.867 0.5 2.24805617332 0.064299185749 1 Borja  453.09438973099986 0.058 0.45382174901 1.68375698758 1 1 3 0.57 0
163 3 4.5 0 0 11.2815 0.5 1.40381813049 0.119691443531 1 Borja  456.4259455199999 0.058 0.208853546222 0.784126686962 1 1 3 0.57 0
164 4 4.5 0 1 11.2815 0.5 1.3546090126 0.070482325642 1 Borja  458.9509886619999 0.058 0.362000659806 0.784126686962 1 1 3 0.57 1
165 3 4.5 0 0 9.81 0.5 1.58501195908 0.185557996534 1 Borja  461.43904981299966 0.058 0.258174803766 0.899453962542 1 1 3 0.57 0
166 4 6 0 1 9.81 0.5 1.66208481789 -0.0294711208556 1 Borja  464.14772769199953 0.058 0.542087517334 1.19155593874 1 1 3 0.57 1
167 4 6 0 1 6.867 0.5 3.97342801094 1.78967102337 1 Borja  466.9162166340002 0.058 0.838513840621 1.68375698758 1 1 3 0.57 1
168 4 4.5 0 1 8.3385 0.5 1.45473098755 -0.0998312415059 1 Borja  472.0082361249997 0.058 0.516982950644 1.05456222905 1 1 3 0.57 1
169 3 6 0 0 8.3385 0.5 1.94536089897 0.0498455009755 1 Borja  474.5577819359996 0.058 0.353547062959 1.395515398 1 1 3 0.57 0
170 4 6 0 1 8.3385 0.5 1.8822760582 -0.013239339799 1 Borja  477.63053125199986 0.058 0.632964576705 1.395515398 1 1 3 0.57 1
171 3 6 0 1 12.753 0.5 1.47010612488 0.0480494370551 1 Borja  480.6402565219996 0.058 0.425688922535 0.922056687823 1 1 3 0.57 1
172 3 4.5 0 0 8.3385 0.5 1.68756508827 0.133002859217 1 Borja  483.20865019600024 0.058 0.31306774049 1.05456222905 1 1 3 0.57 0
173 3 6 0 0 12.753 0.5 1.58393096924 0.161874281415 1 Borja  486.0038891240001 0.058 0.269398170435 0.922056687823 1 1 3 0.57 0
174 4 4.5 0 0 11.2815 0.5 1.39055418968 0.10642750272 1 Borja  488.70101088699994 0.058 0.230409803444 0.784126686962 1 1 3 0.57 0
175 4 4.5 0 0 8.3385 0.5 1.67679786682 0.122235637767 1 Borja  491.209013961 0.058 0.267334006681 1.05456222905 1 1 3 0.57 0
176 3 6 0 0 9.81 0.5 1.84214282036 0.150586881616 1 Borja  493.9974677680002 0.058 0.33322017048 1.19155593874 1 1 3 0.57 0
177 4 4.5 0 1 12.753 0.5 1.28766107559 0.0926463384646 1 Borja  496.9504865930003 0.058 0.346647844397 0.695014737127 1 1 3 0.57 1
178 4 6 0 0 11.2815 0.5 1.70933294296 0.169711053344 1 Borja  499.3483002769999 0.058 0.282574710245 1.03962188962 1 1 3 0.57 0
179 3 6 0 1 8.3385 0.5 1.83793497086 -0.0575804271404 1 Borja  502.16858055600005 0.058 0.678457582141 1.395515398 1 1 3 0.57 1
180 4 4.5 0 0 9.81 0.5 1.55008816719 0.150634204649 1 Borja  505.1303812739998 0.058 0.249696765701 0.899453962542 1 1 3 0.57 0
181 4 6 0 1 11.2815 0.5 1.54924702644 0.00962513682525 1 Borja  507.8006629350002 0.058 0.470700881404 1.03962188962 1 1 3 0.57 1
182 3 4.5 0 1 6.867 0.5 1.74641704559 -0.0279138292259 1 Borja  510.4693027359999 0.058 0.57863340887 1.27433087482 1 1 3 0.57 1
183 3 4.5 0 0 12.753 0.5 1.29901504517 0.104000308039 1 Borja  513.3413314190002 0.058 0.191094754681 0.695014737127 1 1 3 0.57 0
184 3 4.5 0 0 6.867 0.5 1.92463111877 0.150300243955 1 Borja  515.7351476699996 0.058 0.326111254822 1.27433087482 1 1 3 0.57 0
185 3 6 0 1 6.867 0.5 2.22531700134 0.0415600137672 1 Borja  518.7859003419999 0.058 0.79417777538 1.68375698758 1 1 3 0.57 1
186 3 4.5 0 1 9.81 0.5 1.46132493019 0.0618709676492 1 Borja  522.1230776900002 0.058 0.415026548627 0.899453962542 1 1 3 0.57 1
187 4 6 0 1 12.753 0.5 1.48547101021 0.0634143223853 1 Borja  524.7081987439997 0.058 0.424236254536 0.922056687823 1 1 3 0.57 1
188 4 6 0 0 8.3385 0.5 1.97950100899 0.0839856109914 1 Borja  527.2963285409996 0.058 0.352411358403 1.395515398 1 1 3 0.57 0
189 4 6 0 0 9.81 0.5 1.71571803093 0.0241620921876 1 Borja  530.3850583040003 0.058 0.354565296938 1.19155593874 1 1 3 0.57 0
190 4 4.5 0 1 9.81 0.5 1.47757601738 0.078122054838 1 Borja  533.2269995209999 0.058 0.415734164713 0.899453962542 1 1 3 0.57 1
191 4 6 0 0 12.753 0.5 1.61495685577 0.192900167951 1 Borja  535.8372446599997 0.058 0.238261586437 0.922056687823 1 1 3 0.57 0
192 3 6 0 0 11.2815 0.5 1.6854789257 0.145857036087 1 Borja  538.5704819329994 0.058 0.30862443824 1.03962188962 1 1 3 0.57 0
193 4 4.5 0 0 12.753 0.5 1.32415699959 0.129142262461 1 Borja  541.3534960030001 0.058 0.195277453235 0.695014737127 1 1 3 0.57 0
194 3 4.5 0 1 12.753 0.5 1.30157089233 0.106556155207 1 Borja  543.7811925280002 0.058 0.33266508132 0.695014737127 1 1 3 0.57 1
195 4 4.5 0 0 6.867 0.5 1.94937705994 0.175046185117 1 Borja  546.2010676660002 0.058 0.354331402984 1.27433087482 1 1 3 0.57 0
196 4 4.5 0 1 6.867 0.5 1.70599794388 -0.068332930941 1 Borja  549.287418203 0.058 0.582089290706 1.27433087482 1 1 3 0.57 1
197 3 4.5 0 1 8.3385 0.5 1.6300008297 0.0754386006419 1 Borja  552.109479105 0.058 0.490195057154 1.05456222905 1 1 3 0.57 1
198 3 6 0 1 11.2815 0.5 1.56230688095 0.0226849913327 1 Borja  554.8760239200001 0.058 0.516571865866 1.03962188962 1 1 3 0.57 1
199 3 4.5 0 1 11.2815 0.5 1.4879219532 0.20379526624 1 Borja  557.5600943310001 0.058 0.355803768582 0.784126686962 1 1 3 0.57 1
200 4 6 0 1 12.753 0.5 1.45272898674 0.0306722989173 1 Borja  560.1741668839995 0.058 0.438208839899 0.922056687823 1 1 3 0.57 1
201 3 6 0 0 6.867 0.5 2.10235309601 -0.0814038915672 1 Borja  562.7178722259996 0.058 0.427448984499 1.68375698758 1 1 3 0.57 0
202 4 6 0 0 8.3385 0.5 1.8753387928 -0.0201766051952 1 Borja  565.9437607479995 0.058 0.400573206204 1.395515398 1 1 3 0.57 0
203 3 4.5 0 0 9.81 0.5 1.49096298218 0.0915090196359 1 Borja  568.9425032540003 0.058 0.237695952248 0.899453962542 1 1 3 0.57 0
204 3 6 0 1 9.81 0.5 1.6014778614 -0.0900780773375 1 Borja  571.5543269299997 0.058 0.584318123869 1.19155593874 1 1 3 0.57 1
205 3 6 0 1 11.2815 0.5 1.56353783607 0.0239159464566 1 Borja  574.2528828960003 0.058 0.469183254343 1.03962188962 1 1 3 0.57 1
206 4 4.5 0 0 9.81 0.5 1.45835709572 0.0589031331766 1 Borja  576.9379836950002 0.058 0.259378690547 0.899453962542 1 1 3 0.57 0
207 4 4.5 0 1 6.867 0.5 1.66164803505 -0.11268283977 1 Borja  579.519152459 0.058 0.616111936188 1.27433087482 1 1 3 0.57 1
208 3 4.5 0 1 9.81 0.5 1.36299109459 -0.0364628679526 1 Borja  582.2892252880001 0.058 0.411420804495 0.899453962542 1 1 3 0.57 1
209 4 4.5 0 0 6.867 0.5 1.85884594917 0.0845150743538 1 Borja  584.7804852769996 0.058 0.359387248046 1.27433087482 1 1 3 0.57 0
210 3 4.5 0 0 8.3385 0.5 1.63706183434 0.0824996052806 1 Borja  587.7469322669995 0.058 0.304304297324 1.05456222905 1 1 3 0.57 0
211 4 6 0 1 9.81 0.5 1.64794492722 -0.0436110115264 1 Borja  590.4771438899998 0.058 0.581714723267 1.19155593874 1 1 3 0.57 1
212 3 4.5 0 1 8.3385 0.5 1.62013101578 0.0655687867228 1 Borja  593.2520709 0.058 0.525453822024 1.05456222905 1 1 3 0.57 1
213 3 4.5 0 0 6.867 0.5 1.88268208504 0.108351210218 1 Borja  595.986041485 0.058 0.334333264597 1.27433087482 1 1 3 0.57 0
214 4 4.5 0 0 11.2815 0.5 1.39683008194 0.112703394978 1 Borja  598.9679027729999 0.058 0.227281368811 0.784126686962 1 1 3 0.57 0
215 3 6 0 1 6.867 0.5 1.90594983101 -0.277807156567 1 Borja  601.4892422659996 0.058 0.809216730684 1.68375698758 1 1 3 0.57 1
216 3 6 0 0 8.3385 0.5 2.00407099724 0.108555599242 1 Borja  604.5087919299995 0.058 0.351612161496 1.395515398 1 1 3 0.57 0
217 4 4.5 0 1 8.3385 0.5 1.58893299103 0.0343707619731 1 Borja  607.6350179820001 0.058 0.494297915861 1.05456222905 1 1 3 0.57 1
218 3 4.5 0 1 12.753 0.5 1.27703595161 0.082021214487 1 Borja  610.3474614799998 0.058 0.329769054351 0.695014737127 1 1 3 0.57 1
219 3 6 0 1 8.3385 0.5 1.79470801353 -0.100807384462 1 Borja  612.7210812519997 0.058 0.658653453619 1.395515398 1 1 3 0.57 1
220 4 4.5 0 0 8.3385 0.5 1.77813792229 0.223575693232 1 Borja  615.6482800619997 0.058 0.286603630508 1.05456222905 1 1 3 0.57 0
221 3 4.5 0 1 11.2815 0.5 1.4259660244 0.141839337437 1 Borja  618.5295889219997 0.058 0.370273518082 0.784126686962 1 1 3 0.57 1
222 4 6 0 1 6.867 0.5 2.06890392303 -0.114853064541 1 Borja  621.0580412879999 0.058 0.811002337916 1.68375698758 1 1 3 0.57 1
223 4 6 0 0 9.81 0.5 1.80592107773 0.114365138986 1 Borja  624.256126194 0.058 0.347757076259 1.19155593874 1 1 3 0.57 0
224 4 6 0 1 8.3385 0.5 2.01747608185 0.121960683852 1 Borja  627.1985195950001 0.058 0.695819991165 1.395515398 1 1 3 0.57 1
225 3 4.5 0 1 6.867 0.5 1.74103188515 -0.0332989896721 1 Borja  630.3059730280002 0.058 0.584740213745 1.27433087482 1 1 3 0.57 1
226 4 6 0 0 11.2815 0.5 1.76119184494 0.221569955322 1 Borja  633.1501694019998 0.058 0.283239266017 1.03962188962 1 1 3 0.57 0
227 4 4.5 0 1 11.2815 0.5 1.39869999886 0.114573311894 1 Borja  636.0111131349995 0.058 0.369856927041 0.784126686962 1 1 3 0.57 1
228 3 6 0 0 12.753 0.5 1.62445998192 0.202403294096 1 Borja  638.5132020330002 0.058 0.249857498299 0.922056687823 1 1 3 0.57 0
229 3 6 0 0 9.81 0.5 1.94424200058 0.252686061838 1 Borja  641.2367632429996 0.058 0.30703126482 1.19155593874 1 1 3 0.57 0
230 4 4.5 0 0 12.753 0.5 1.23484110832 0.0398263711947 1 Borja  644.3089316659998 0.058 0.189745855866 0.695014737127 1 1 3 0.57 0
231 3 6 0 0 11.2815 0.5 1.72958612442 0.189964234802 1 Borja  646.6423009999999 0.058 0.278087041499 1.03962188962 1 1 3 0.57 0
232 4 6 0 0 12.753 0.5 1.54086709023 0.118810402402 1 Borja  649.4805083539995 0.058 0.245572939048 0.922056687823 1 1 3 0.57 0
233 3 6 0 1 12.753 0.5 1.57321095467 0.151154266843 1 Borja  652.1508646679995 0.058 0.435899933094 0.922056687823 1 1 3 0.57 1
234 4 4.5 0 1 9.81 0.5 1.39860391617 -0.000850046373583 1 Borja  654.840331079 0.058 0.416506743238 0.899453962542 1 1 3 0.57 1
235 4 4.5 0 1 12.753 0.5 1.33152008057 0.136505343439 1 Borja  657.3688252840002 0.058 0.321111164889 0.695014737127 1 1 3 0.57 1
236 4 6 0 1 11.2815 0.5 1.65224695206 0.112625062439 1 Borja  659.8203712559998 0.058 0.48553276812 1.03962188962 1 1 3 0.57 1
237 3 4.5 0 0 12.753 0.5 1.36583685875 0.170822121622 1 Borja  662.5965671200001 0.058 0.204274211234 0.695014737127 1 1 3 0.57 0
238 3 4.5 0 0 11.2815 0.5 1.45519518852 0.171068501561 1 Borja  665.0796035089998 0.058 0.201101021163 0.784126686962 1 1 3 0.57 0
239 4 6 0 0 6.867 0.5 2.3412630558 0.157506068226 1 Borja  667.656605874 0.058 0.475157426846 1.68375698758 1 1 3 0.57 0
240 4 6 0 0 8.3385 0.5 1.92984390259 0.0343285045918 1 Borja  671.1334321519998 0.058 0.387564205982 1.395515398 1 1 3 0.57 0
241 3 6 0 0 12.753 0.5 1.55084705353 0.128790365705 1 Borja  674.1800405610002 0.058 0.235321259205 0.922056687823 1 1 3 0.57 0
242 4 6 0 1 6.867 0.5 2.04347419739 -0.140282790188 1 Borja  676.8542679940001 0.058 0.787240493797 1.68375698758 1 1 3 0.57 1
243 3 6 0 1 12.753 0.5 1.52666115761 0.104604469785 1 Borja  680.0232181989995 0.058 0.416436666496 0.922056687823 1 1 3 0.57 1
244 3 4.5 0 0 11.2815 0.5 1.49009799957 0.205971312611 1 Borja  682.6769999609996 0.058 0.198950640153 0.784126686962 1 1 3 0.57 0
245 3 6 0 1 9.81 0.5 1.80097794533 0.109422006586 1 Borja  685.2809541489996 0.058 0.545804980968 1.19155593874 1 1 3 0.57 1
246 4 4.5 0 0 6.867 0.5 1.90151190758 0.127181032758 1 Borja  688.2028602089995 0.058 0.356680688113 1.27433087482 1 1 3 0.57 0
247 3 6 0 0 11.2815 0.5 1.77034902573 0.230727136108 1 Borja  691.221256502 0.058 0.285713107875 1.03962188962 1 1 3 0.57 0
248 3 4.5 0 1 9.81 0.5 1.58377695084 0.184322988294 1 Borja  694.1111198870003 0.058 0.414862389051 0.899453962542 1 1 3 0.57 1
249 3 6 0 0 6.867 0.5 2.41231989861 0.22856291103 1 Borja  696.8163281299994 0.058 0.469988945972 1.68375698758 1 1 3 0.57 0
250 4 6 0 1 9.81 0.5 1.64811897278 -0.0434369659636 1 Borja  700.3268711259998 0.058 0.546607676622 1.19155593874 1 1 3 0.57 1
251 4 6 0 0 9.81 0.5 1.82777309418 0.136217155435 1 Borja  703.1057115940002 0.058 0.350723480844 1.19155593874 1 1 3 0.57 0
252 4 6 0 0 12.753 0.5 1.6214761734 0.199419485578 1 Borja  706.0514527099995 0.058 0.240991084297 0.922056687823 1 1 3 0.57 0
253 4 6 0 1 8.3385 0.5 1.81813097 -0.0773844279948 1 Borja  708.803489418 0.058 0.671719266954 1.395515398 1 1 3 0.57 1
254 4 4.5 0 1 6.867 0.5 1.67247200012 -0.101858874697 1 Borja  711.7448506729997 0.058 0.630783371031 1.27433087482 1 1 3 0.57 1
255 4 6 0 1 11.2815 0.5 1.55509591103 0.0154740214078 1 Borja  714.5471788509994 0.058 0.505093401849 1.03962188962 1 1 3 0.57 1
256 3 4.5 0 0 9.81 0.5 1.51035881042 0.110904847883 1 Borja  717.2161486670002 0.058 0.257709773223 0.899453962542 1 1 3 0.57 0
257 3 6 0 1 8.3385 0.5 1.77353000641 -0.121985391587 1 Borja  719.8538556269996 0.058 0.695620480809 1.395515398 1 1 3 0.57 1
258 4 4.5 0 0 11.2815 0.5 1.34698796272 0.0628612757611 1 Borja  722.7451911959997 0.058 0.226286946734 0.784126686962 1 1 3 0.57 0
259 4 4.5 0 1 12.753 0.5 1.32612490654 0.131110169413 1 Borja  725.2174551919998 0.058 0.323991499877 0.695014737127 1 1 3 0.57 1
260 4 6 0 1 12.753 0.5 1.57880306244 0.156746374616 1 Borja  727.6555993949996 0.058 0.422672093424 0.922056687823 1 1 3 0.57 1
261 3 4.5 0 0 6.867 0.5 1.84494495392 0.0706140790993 1 Borja  730.3663467460001 0.058 0.345359134606 1.27433087482 1 1 3 0.57 0
262 4 6 0 0 11.2815 0.5 1.65116596222 0.111544072601 1 Borja  733.327136672 0.058 0.305190651909 1.03962188962 1 1 3 0.57 0
263 4 4.5 0 0 9.81 0.5 1.6115128994 0.212058936857 1 Borja  736.0947777599995 0.058 0.265484369957 0.899453962542 1 1 3 0.57 0
264 3 4.5 0 1 12.753 0.5 1.32545495033 0.130440213205 1 Borja  738.8328066699996 0.058 0.335006713335 0.695014737127 1 1 3 0.57 1
265 4 4.5 0 0 8.3385 0.5 1.46754908562 -0.0870131434377 1 Borja  741.2702757870002 0.058 0.283304778557 1.05456222905 1 1 3 0.57 0
266 3 4.5 0 1 8.3385 0.5 1.65266299248 0.0981007634227 1 Borja  743.8605349680001 0.058 0.520180659157 1.05456222905 1 1 3 0.57 1
267 4 4.5 0 0 12.753 0.5 1.27165198326 0.0766372461337 1 Borja  746.6227576390002 0.058 0.185303888919 0.695014737127 1 1 3 0.57 0
268 3 4.5 0 0 12.753 0.5 1.37855195999 0.183537222864 1 Borja  749.0091551280002 0.058 0.178244881258 0.695014737127 1 1 3 0.57 0
269 3 4.5 0 1 11.2815 0.5 1.46117591858 0.177049231617 1 Borja  751.4990934289999 0.058 0.354444645613 0.784126686962 1 1 3 0.57 1
270 3 6 0 0 9.81 0.5 1.79273295403 0.101177015283 1 Borja  754.0869575850002 0.058 0.298250589138 1.19155593874 1 1 3 0.57 0
271 3 4.5 0 0 8.3385 0.5 1.70819711685 0.153634887797 1 Borja  756.9746892909998 0.058 0.296462971228 1.05456222905 1 1 3 0.57 0
272 4 4.5 0 1 8.3385 0.5 1.67625284195 0.121690612895 1 Borja  759.785893837 0.058 0.490471150105 1.05456222905 1 1 3 0.57 1
273 3 6 0 0 8.3385 0.5 2.01022791862 0.114712520629 1 Borja  762.5776794659996 0.058 0.391166899062 1.395515398 1 1 3 0.57 0
274 4 6 0 0 6.867 0.5 2.0808069706 -0.102950016979 1 Borja  765.7108696489995 0.058 0.497759370034 1.68375698758 1 1 3 0.57 0
275 3 6 0 1 6.867 0.5 2.0908639431 -0.0928930444756 1 Borja  768.9123551499997 0.058 0.837230434826 1.68375698758 1 1 3 0.57 1
276 4 4.5 0 1 9.81 0.5 1.44794607162 0.048492109083 1 Borja  772.1071651929997 0.058 0.432493143346 0.899453962542 1 1 3 0.57 1
277 3 6 0 1 11.2815 0.5 1.6081237793 0.0685018896786 1 Borja  774.6424950649998 0.058 0.507210297041 1.03962188962 1 1 3 0.57 1
278 4 4.5 0 1 11.2815 0.5 1.35781311989 0.0736864329266 1 Borja  777.3715340910003 0.058 0.383561252559 0.784126686962 1 1 3 0.57 1
279 3 4.5 0 1 6.867 0.5 1.71534609795 -0.058984776873 1 Borja  779.8545934539998 0.058 0.615372317053 1.27433087482 1 1 3 0.57 1
280 4 4.5 0 0 9.81 0.5 1.53005290031 0.130598937773 1 Borja  782.679458568 0.058 0.254109433623 0.899453962542 1 1 3 0.57 0
281 4 6 0 0 9.81 0.5 1.77588295937 0.0843270206239 1 Borja  785.2943815769995 0.058 0.299554909063 1.19155593874 1 1 3 0.57 0
282 4 6 0 1 11.2815 0.5 1.57379889488 0.034177005264 1 Borja  788.1802672129998 0.058 0.480884555223 1.03962188962 1 1 3 0.57 1
283 4 6 0 0 8.3385 0.5 1.99722194672 0.10170654872 1 Borja  790.8906040470001 0.058 0.37340730643 1.395515398 1 1 3 0.57 0
284 3 4.5 0 1 6.867 0.5 1.70892500877 -0.0654058660454 1 Borja  793.9980251289999 0.058 0.619680940998 1.27433087482 1 1 3 0.57 1
285 4 6 0 1 9.81 0.5 1.58118796349 -0.110367975256 1 Borja  796.8189129949997 0.058 0.591743034719 1.19155593874 1 1 3 0.57 1
286 4 4.5 0 1 6.867 0.5 1.64222788811 -0.132102986712 1 Borja  799.5214073689995 0.058 0.628866570228 1.27433087482 1 1 3 0.57 1
287 3 4.5 0 0 9.81 0.5 1.51049399376 0.111040031217 1 Borja  802.267301119 0.058 0.260765332427 0.899453962542 1 1 3 0.57 0
288 3 4.5 0 1 9.81 0.5 1.57902288437 0.179568921827 1 Borja  804.9035921069999 0.058 0.424106788717 0.899453962542 1 1 3 0.57 1
289 3 6 0 1 8.3385 0.5 1.92367005348 0.028154655486 1 Borja  807.599990787 0.058 0.638138966443 1.395515398 1 1 3 0.57 1
290 3 6 0 1 6.867 0.5 1.82717585564 -0.356581131939 1 Borja  810.6335439539998 0.058 0.83422609524 1.68375698758 1 1 3 0.57 1
291 4 4.5 0 1 8.3385 0.5 1.53597521782 -0.0185870112355 1 Borja  813.5841596109994 0.058 0.491086007349 1.05456222905 1 1 3 0.57 1
292 3 4.5 0 0 8.3385 0.5 1.60423493385 0.0496727047984 1 Borja  816.2336951589996 0.058 0.270268729625 1.05456222905 1 1 3 0.57 0
293 4 4.5 0 0 11.2815 0.5 1.47615289688 0.192026209919 1 Borja  818.9556013069996 0.058 0.215664269181 0.784126686962 1 1 3 0.57 0
294 3 6 0 1 9.81 0.5 1.67128205299 -0.0202738857482 1 Borja  821.5522894099995 0.058 0.572116294576 1.19155593874 1 1 3 0.57 1
295 3 6 0 0 6.867 0.5 2.22520017624 0.0414431886635 1 Borja  824.3311348850002 0.058 0.431593631269 1.68375698758 1 1 3 0.57 0
296 4 6 0 1 8.3385 0.5 1.87241101265 -0.0231043853465 1 Borja  827.6683682329995 0.058 0.632892992217 1.395515398 1 1 3 0.57 1
297 4 4.5 0 1 12.753 0.5 1.28420591354 0.0891911764163 1 Borja  830.6591456819997 0.058 0.329165544148 0.695014737127 1 1 3 0.57 1
298 4 6 0 1 12.753 0.5 1.44049191475 0.0184352269263 1 Borja  833.0591390809996 0.058 0.42982907585 0.922056687823 1 1 3 0.57 1
299 3 4.5 0 0 12.753 0.5 1.3799328804 0.184918143274 1 Borja  835.6209134760002 0.058 0.186008216812 0.695014737127 1 1 3 0.57 0
300 4 4.5 0 0 6.867 0.5 1.83907294273 0.0647420679146 1 Borja  838.1086627590003 0.058 0.327295841418 1.27433087482 1 1 3 0.57 0
301 3 6 0 0 11.2815 0.5 1.69158816338 0.151966273758 1 Borja  841.0502749879997 0.058 0.309375747234 1.03962188962 1 1 3 0.57 0
302 3 4.5 0 1 12.753 0.5 1.35128307343 0.156268336298 1 Borja  843.8642172700002 0.058 0.33691384452 0.695014737127 1 1 3 0.57 1
303 3 4.5 0 0 6.867 0.5 1.84995079041 0.0756199155861 1 Borja  846.3229342690001 0.058 0.356368988365 1.27433087482 1 1 3 0.57 0
304 4 6 0 1 6.867 0.5 2.01047921181 -0.173277775768 1 Borja  849.2832614379995 0.058 0.791982197317 1.68375698758 1 1 3 0.57 1
305 3 4.5 0 1 11.2815 0.5 1.37181806564 0.0876913786816 1 Borja  852.4079003669995 0.058 0.378667226708 0.784126686962 1 1 3 0.57 1
306 3 4.5 0 0 11.2815 0.5 1.43430614471 0.150179457753 1 Borja  854.8875442489998 0.058 0.206012067311 0.784126686962 1 1 3 0.57 0
307 4 4.5 0 0 12.753 0.5 1.3810608387 0.186046101572 1 Borja  857.4437005279997 0.058 0.207583689708 0.695014737127 1 1 3 0.57 0
308 3 6 0 0 12.753 0.5 1.69246006012 0.270403372297 1 Borja  859.9304580030002 0.058 0.262131798952 0.922056687823 1 1 3 0.57 0
309 3 6 0 1 12.753 0.5 1.64384198189 0.221785294065 1 Borja  862.7435666439997 0.058 0.456741673831 0.922056687823 1 1 3 0.57 1
310 4 4.5 0 1 11.2815 0.5 1.42153191566 0.137405228703 1 Borja  865.5068274059995 0.058 0.37288859134 0.784126686962 1 1 3 0.57 1
311 3 4.5 0 1 8.3385 0.5 1.57650208473 0.0219398556773 1 Borja  868.0489159500003 0.058 0.475041466984 1.05456222905 1 1 3 0.57 1
312 3 6 0 1 11.2815 0.5 1.58357214928 0.0439502596585 1 Borja  870.7365501779996 0.058 0.495764257319 1.03962188962 1 1 3 0.57 1
313 4 6 0 0 6.867 0.5 2.26983189583 0.0860749082527 1 Borja  873.4250709480002 0.058 0.429521026268 1.68375698758 1 1 3 0.57 0
314 3 6 0 0 9.81 0.5 1.76042580605 0.0688698673036 1 Borja  876.7998052599996 0.058 0.331769679752 1.19155593874 1 1 3 0.57 0
315 4 6 0 0 12.753 0.5 1.53456306458 0.112506376752 1 Borja  879.6770256720001 0.058 0.273050998362 0.922056687823 1 1 3 0.57 0
316 4 6 0 0 11.2815 0.5 1.55490612984 0.0152842402188 1 Borja  882.3345642439999 0.058 0.291176665347 1.03962188962 1 1 3 0.57 0
317 4 4.5 0 0 8.3385 0.5 1.39181303978 -0.162749189275 1 Borja  885.0008013589995 0.058 0.314931024382 1.05456222905 1 1 3 0.57 0
318 4 4.5 0 1 9.81 0.5 1.44486999512 0.0454160325754 1 Borja  887.514602235 0.058 0.411506743274 0.899453962542 1 1 3 0.57 1
319 3 6 0 0 8.3385 0.5 2.06054401398 0.165028615981 1 Borja  890.0700613749996 0.058 0.388654452711 1.395515398 1 1 3 0.57 0
