trial vx vy vz LongOcclusion g timeStill rTime TemporalError environment id pupiltime IOD OccludedTimeOfTrajectory FlightDuration Drag DragFirst block accuracy LongOcclusion
0 3 4.5 0 0 11.2815 0.5 1.85262799263 0.568501305668 1 Rodolfo  2.3503344349992403 0.066 0.234682015513 0.784126686962 1 1 1 0.97 0
1 4 6 0 1 12.753 0.5 4.40392184258 2.98186515475 1 Rodolfo  5.324785513999814 0.066 0.449248822838 0.922056687823 1 1 1 0.97 1
2 4 4.5 0 0 8.3385 0.5 1.30236792564 -0.252194303411 1 Rodolfo  10.831882720000067 0.066 0.285416721731 1.05456222905 1 1 1 0.97 0
3 3 4.5 0 1 8.3385 0.5 1.41886711121 -0.135695117849 1 Rodolfo  13.23550314899876 0.066 0.512350810082 1.05456222905 1 1 1 0.97 1
4 3 4.5 0 1 9.81 0.5 1.37452912331 -0.0249248392355 1 Rodolfo  15.775967868999942 0.066 0.424639074445 0.899453962542 1 1 1 0.97 1
5 3 6 0 0 12.753 0.5 1.38961791992 -0.0324387679009 1 Rodolfo  18.257152321999456 0.066 0.246397666385 0.922056687823 1 1 1 0.97 0
6 4 6 0 0 12.753 0.5 1.46135902405 0.039302336225 1 Rodolfo  20.750334071999532 0.066 0.233991134228 0.922056687823 1 1 1 0.97 0
7 4 6 0 1 6.867 0.5 1.6657679081 -0.517989079479 1 Rodolfo  23.317437186999086 0.066 0.800405926711 1.68375698758 1 1 1 0.97 1
8 3 6 0 0 11.2815 0.5 1.42003297806 -0.11958891156 1 Rodolfo  26.09070923499894 0.066 0.276668153173 1.03962188962 1 1 1 0.97 0
9 4 6 0 0 11.2815 0.5 1.61451482773 0.07489293811 1 Rodolfo  28.63446187199952 0.066 0.282727951663 1.03962188962 1 1 1 0.97 0
10 4 6 0 0 9.81 0.5 1.56044101715 -0.131114921591 1 Rodolfo  31.372771156000454 0.066 0.353559031637 1.19155593874 1 1 1 0.97 0
11 3 4.5 0 0 6.867 0.5 1.75853991508 -0.0157909597343 1 Rodolfo  34.05173882099916 0.066 0.318684910992 1.27433087482 1 1 1 0.97 0
12 4 4.5 0 0 12.753 0.5 1.21953988075 0.0245251436252 1 Rodolfo  36.93340130899924 0.066 0.207233160923 0.695014737127 1 1 1 0.97 0
13 4 6 0 1 9.81 0.5 1.22848296165 -0.463072977087 1 Rodolfo  39.2725679719988 0.066 0.588891889953 1.19155593874 1 1 1 0.97 1
14 3 6 0 0 8.3385 0.5 11.1146128178 9.21909741977 1 Rodolfo  41.60076827900048 0.066 0.34978267696 1.395515398 1 1 1 0.97 0
15 4 4.5 0 1 12.753 0.5 1.09955787659 -0.0954568605405 1 Rodolfo  53.833965813999384 0.066 0.319926097472 0.695014737127 1 1 1 0.97 1
16 4 6 0 1 8.3385 0.5 1.69234490395 -0.20317049405 1 Rodolfo  56.0626638979993 0.066 0.650914740384 1.395515398 1 1 1 0.97 1
17 3 6 0 0 9.81 0.5 1.59526991844 -0.0962860203002 1 Rodolfo  58.87823712699901 0.066 0.351730772656 1.19155593874 1 1 1 0.97 0
18 4 4.5 0 1 8.3385 0.5 1.49820303917 -0.0563591898855 1 Rodolfo  61.598369782999725 0.066 0.486124868081 1.05456222905 1 1 1 0.97 1
19 4 4.5 0 1 11.2815 0.5 1.10468697548 -0.179439711483 1 Rodolfo  64.21631105000051 0.066 0.360375156719 0.784126686962 1 1 1 0.97 1
20 3 6 0 0 6.867 0.5 5.85983800888 3.67608102131 1 Rodolfo  66.40820063299907 0.066 0.488977996371 1.68375698758 1 1 1 0.97 0
21 3 6 0 1 8.3385 0.5 1.28721904755 -0.60829635045 1 Rodolfo  73.39149699599875 0.066 0.632631610768 1.395515398 1 1 1 0.97 1
22 4 4.5 0 1 9.81 0.5 1.38496494293 -0.0144890196097 1 Rodolfo  75.77845293599967 0.066 0.443521197435 0.899453962542 1 1 1 0.97 1
23 4 4.5 0 1 6.867 0.5 1.56125617027 -0.213074704546 1 Rodolfo  78.28262574399923 0.066 0.62133107456 1.27433087482 1 1 1 0.97 1
24 3 6 0 1 9.81 0.5 1.4536511898 -0.237904748938 1 Rodolfo  80.9694630920003 0.066 0.577277370582 1.19155593874 1 1 1 0.97 1
25 4 6 0 1 11.2815 0.5 1.34000897408 -0.199612915543 1 Rodolfo  83.5259387699989 0.066 0.50527454744 1.03962188962 1 1 1 0.97 1
26 3 6 0 1 12.753 0.5 1.29220700264 -0.129849685183 1 Rodolfo  85.98647861799873 0.066 0.41788195005 0.922056687823 1 1 1 0.97 1
27 4 6 0 0 8.3385 0.5 1.50404620171 -0.39146919629 1 Rodolfo  88.40045562399973 0.066 0.38820713762 1.395515398 1 1 1 0.97 0
28 3 4.5 0 1 11.2815 0.5 1.35875916481 0.0746324778485 1 Rodolfo  91.00946575600028 0.066 0.356229216156 0.784126686962 1 1 1 0.97 1
29 3 4.5 0 0 9.81 0.5 1.41325306892 0.0137991063822 1 Rodolfo  93.75540284099952 0.066 0.255153802687 0.899453962542 1 1 1 0.97 0
30 4 4.5 0 0 9.81 0.5 1.42365908623 0.0242051236856 1 Rodolfo  96.00235003299895 0.066 0.254619677877 0.899453962542 1 1 1 0.97 0
31 4 4.5 0 0 6.867 0.5 1.85542082787 0.0810899530464 1 Rodolfo  98.54196437899918 0.066 0.339794313901 1.27433087482 1 1 1 0.97 0
32 3 4.5 0 0 8.3385 0.5 1.64113497734 0.0865727482859 1 Rodolfo  101.51210560799882 0.066 0.272260234589 1.05456222905 1 1 1 0.97 0
33 4 6 0 0 6.867 0.5 2.19926095009 0.015503962513 1 Rodolfo  104.27837120599906 0.066 0.453345078344 1.68375698758 1 1 1 0.97 0
34 3 4.5 0 1 12.753 0.5 1.26980304718 0.0747883100528 1 Rodolfo  107.57828991399947 0.066 0.328336903782 0.695014737127 1 1 1 0.97 1
35 3 4.5 0 0 12.753 0.5 1.26836585999 0.073351122858 1 Rodolfo  110.01241238799958 0.066 0.201597075827 0.695014737127 1 1 1 0.97 0
36 4 4.5 0 0 11.2815 0.5 1.34584093094 0.061714243977 1 Rodolfo  112.33455952099939 0.066 0.213355109586 0.784126686962 1 1 1 0.97 0
37 3 6 0 1 6.867 0.5 1.80947518349 -0.374281804089 1 Rodolfo  114.78584698600025 0.066 0.817531990491 1.68375698758 1 1 1 0.97 1
38 3 6 0 1 11.2815 0.5 1.48913097382 -0.0504909158023 1 Rodolfo  117.69619815599981 0.066 0.490270682791 1.03962188962 1 1 1 0.97 1
39 3 4.5 0 1 6.867 0.5 1.67538285255 -0.0989480222648 1 Rodolfo  120.30243329699988 0.066 0.576055074411 1.27433087482 1 1 1 0.97 1
40 3 6 0 0 8.3385 0.5 1.98585486412 0.0903394661244 1 Rodolfo  123.08585415199923 0.066 0.362948684821 1.395515398 1 1 1 0.97 0
41 4 6 0 1 12.753 0.5 1.41375613213 -0.00830055569695 1 Rodolfo  126.18661088999943 0.066 0.427991428183 0.922056687823 1 1 1 0.97 1
42 3 6 0 1 12.753 0.5 1.24587702751 -0.176179660311 1 Rodolfo  128.70814268600043 0.066 0.423010822103 0.922056687823 1 1 1 0.97 1
43 3 4.5 0 0 6.867 0.5 1.27414011955 -0.500190755267 1 Rodolfo  131.0744503040005 0.066 0.34144830534 1.27433087482 1 1 1 0.97 0
44 4 4.5 0 0 12.753 0.5 1.20482110977 0.00980637264433 1 Rodolfo  133.47688116099926 0.066 0.193738126289 0.695014737127 1 1 1 0.97 0
45 3 4.5 0 0 8.3385 0.5 1.28619408607 -0.26836814298 1 Rodolfo  135.80701799499911 0.066 0.302693813849 1.05456222905 1 1 1 0.97 0
46 3 4.5 0 1 8.3385 0.5 1.48107218742 -0.0734900416311 1 Rodolfo  138.20058660999894 0.066 0.48239464622 1.05456222905 1 1 1 0.97 1
47 4 6 0 0 9.81 0.5 1.5491809845 -0.142374954245 1 Rodolfo  140.80152621699926 0.066 0.327355885139 1.19155593874 1 1 1 0.97 0
48 4 4.5 0 0 9.81 0.5 1.23096585274 -0.168488109804 1 Rodolfo  143.47346498099978 0.066 0.230624639871 0.899453962542 1 1 1 0.97 0
49 3 4.5 0 1 12.753 0.5 1.0727918148 -0.122222922323 1 Rodolfo  145.8067843230001 0.066 0.325223435539 0.695014737127 1 1 1 0.97 1
50 3 4.5 0 1 11.2815 0.5 1.3977060318 0.113579344838 1 Rodolfo  147.99532345599982 0.066 0.358955267011 0.784126686962 1 1 1 0.97 1
51 3 6 0 0 9.81 0.5 1.70809316635 0.0165372276094 1 Rodolfo  150.51282837799954 0.066 0.326861929351 1.19155593874 1 1 1 0.97 0
52 3 4.5 0 0 12.753 0.5 1.28359699249 0.0885822553653 1 Rodolfo  153.3251416029998 0.066 0.187098081149 0.695014737127 1 1 1 0.97 0
53 4 4.5 0 0 6.867 0.5 1.64002203941 -0.134308835406 1 Rodolfo  155.7083217750005 0.066 0.378744752783 1.27433087482 1 1 1 0.97 0
54 3 6 0 0 11.2815 0.5 1.77867507935 0.239053189727 1 Rodolfo  158.4464151430002 0.066 0.308077521829 1.03962188962 1 1 1 0.97 0
55 4 6 0 1 9.81 0.5 1.74545192719 0.0538959884431 1 Rodolfo  161.33300653900005 0.066 0.542299043285 1.19155593874 1 1 1 0.97 1
56 4 4.5 0 0 8.3385 0.5 1.77856421471 0.224001985652 1 Rodolfo  164.1742931209992 0.066 0.31499097678 1.05456222905 1 1 1 0.97 0
57 4 6 0 1 11.2815 0.5 1.54951882362 0.00989693400543 1 Rodolfo  167.08243667900024 0.066 0.511466131885 1.03962188962 1 1 1 0.97 1
58 3 6 0 1 9.81 0.5 1.525192976 -0.166362962744 1 Rodolfo  169.74418754999897 0.066 0.564521698385 1.19155593874 1 1 1 0.97 1
59 4 6 0 0 12.753 0.5 1.45556807518 0.0335113873572 1 Rodolfo  172.3867412109994 0.066 0.257637745166 0.922056687823 1 1 1 0.97 0
60 4 4.5 0 1 12.753 0.5 1.16648697853 -0.0285277585965 1 Rodolfo  174.96062388999962 0.066 0.333472617243 0.695014737127 1 1 1 0.97 1
61 4 6 0 0 11.2815 0.5 1.61645317078 0.0768312811581 1 Rodolfo  177.24885181100035 0.066 0.311083828002 1.03962188962 1 1 1 0.97 0
62 4 6 0 1 6.867 0.5 1.69652605057 -0.487230937008 1 Rodolfo  179.98718772599932 0.066 0.836598949201 1.68375698758 1 1 1 0.97 1
63 3 6 0 1 8.3385 0.5 1.69325590134 -0.202259496659 1 Rodolfo  182.7963942610004 0.066 0.686736993645 1.395515398 1 1 1 0.97 1
64 3 6 0 0 12.753 0.5 1.29730010033 -0.124756587496 1 Rodolfo  185.62015215099927 0.066 0.261359281661 0.922056687823 1 1 1 0.97 0
65 3 6 0 1 6.867 0.5 1.90542197227 -0.278335015301 1 Rodolfo  188.04612761200042 0.066 0.813308591858 1.68375698758 1 1 1 0.97 1
66 4 4.5 0 1 11.2815 0.5 1.32614517212 0.0420184851574 1 Rodolfo  191.05228510599954 0.066 0.365907221773 0.784126686962 1 1 1 0.97 1
67 4 4.5 0 0 11.2815 0.5 1.27047300339 -0.0136536835743 1 Rodolfo  193.50852911000038 0.066 0.219652988486 0.784126686962 1 1 1 0.97 0
68 4 6 0 0 8.3385 0.5 1.97750902176 0.081993623763 1 Rodolfo  195.90996478399938 0.066 0.356770018978 1.395515398 1 1 1 0.97 0
69 3 6 0 0 6.867 0.5 2.22149801254 0.0377410249672 1 Rodolfo  198.97983251500045 0.066 0.457934447007 1.68375698758 1 1 1 0.97 0
70 3 4.5 0 1 9.81 0.5 1.39581108093 -0.00364288160918 1 Rodolfo  202.32934638999905 0.066 0.449583449915 0.899453962542 1 1 1 0.97 1
71 4 4.5 0 1 8.3385 0.5 1.54829478264 -0.00626744641621 1 Rodolfo  204.8444463779997 0.066 0.499759877859 1.05456222905 1 1 1 0.97 1
72 3 4.5 0 1 6.867 0.5 2.19967198372 0.4253411089 1 Rodolfo  207.52218680399892 0.066 0.597599562131 1.27433087482 1 1 1 0.97 1
73 3 4.5 0 0 11.2815 0.5 1.34113097191 0.0570042849469 1 Rodolfo  210.85251213899937 0.066 0.23195608236 0.784126686962 1 1 1 0.97 0
74 4 4.5 0 1 6.867 0.5 1.55823802948 -0.216092845339 1 Rodolfo  213.31646809099948 0.066 0.574366367087 1.27433087482 1 1 1 0.97 1
75 3 6 0 1 11.2815 0.5 1.48828411102 -0.0513377785953 1 Rodolfo  215.99369217599997 0.066 0.493680581319 1.03962188962 1 1 1 0.97 1
76 4 6 0 1 8.3385 0.5 1.97247600555 0.0769606075581 1 Rodolfo  218.5853556889997 0.066 0.675256811601 1.395515398 1 1 1 0.97 1
77 3 4.5 0 0 9.81 0.5 1.31936120987 -0.0800927526724 1 Rodolfo  221.68125719099953 0.066 0.236818263171 0.899453962542 1 1 1 0.97 0
78 4 4.5 0 1 9.81 0.5 1.51696491241 0.117510949873 1 Rodolfo  224.10711858299874 0.066 0.43206374575 0.899453962542 1 1 1 0.97 1
79 4 6 0 0 6.867 0.5 1.82343006134 -0.360326926235 1 Rodolfo  226.7524504640005 0.066 0.477325633449 1.68375698758 1 1 1 0.97 0
80 4 4.5 0 1 6.867 0.5 1.56973695755 -0.204593917269 1 Rodolfo  229.68387969299874 0.066 0.637111148219 1.27433087482 1 1 1 0.97 1
81 4 4.5 0 1 12.753 0.5 1.33782696724 0.142812230112 1 Rodolfo  232.35222887700002 0.066 0.32010707004 0.695014737127 1 1 1 0.97 1
82 4 4.5 0 1 11.2815 0.5 1.3251388073 0.041012120335 1 Rodolfo  234.79332998499922 0.066 0.378864214576 0.784126686962 1 1 1 0.97 1
83 3 4.5 0 0 11.2815 0.5 1.29668402672 0.0125573397564 1 Rodolfo  237.24615100399933 0.066 0.230167412302 0.784126686962 1 1 1 0.97 0
84 4 6 0 0 8.3385 0.5 1.70451378822 -0.191001609773 1 Rodolfo  239.6621393839996 0.066 0.37077352229 1.395515398 1 1 1 0.97 0
85 4 6 0 1 11.2815 0.5 1.67925095558 0.139629065963 1 Rodolfo  242.48978702800014 0.066 0.47792014318 1.03962188962 1 1 1 0.97 1
86 3 4.5 0 0 12.753 0.5 1.39165997505 0.196645237924 1 Rodolfo  245.27437877900047 0.066 0.19825860485 0.695014737127 1 1 1 0.97 0
87 4 6 0 0 9.81 0.5 1.91972398758 0.228168048837 1 Rodolfo  247.79470200799915 0.066 0.343668330057 1.19155593874 1 1 1 0.97 0
88 3 6 0 1 8.3385 0.5 1.97364592552 0.0781305275258 1 Rodolfo  250.84183825299988 0.066 0.690744515531 1.395515398 1 1 1 0.97 1
89 3 6 0 0 6.867 0.5 2.40720009804 0.223443110462 1 Rodolfo  253.888815024 0.066 0.437690512955 1.68375698758 1 1 1 0.97 0
90 4 6 0 0 6.867 0.5 2.33956098557 0.15580399799 1 Rodolfo  257.40701088199967 0.066 0.467317093142 1.68375698758 1 1 1 0.97 0
91 3 4.5 0 1 12.753 0.5 1.30363202095 0.108617283823 1 Rodolfo  260.8523091899988 0.066 0.347193479222 0.695014737127 1 1 1 0.97 1
92 4 6 0 0 12.753 0.5 1.55420207977 0.13214539195 1 Rodolfo  263.22101716399993 0.066 0.248291495127 0.922056687823 1 1 1 0.97 0
93 4 6 0 1 8.3385 0.5 1.70609092712 -0.189424470872 1 Rodolfo  265.8688742529994 0.066 0.661828148882 1.395515398 1 1 1 0.97 1
94 3 4.5 0 0 9.81 0.5 1.49216389656 0.0927099340189 1 Rodolfo  268.6740063019988 0.066 0.232356422446 0.899453962542 1 1 1 0.97 0
95 3 6 0 0 11.2815 0.5 1.67759799957 0.137976109955 1 Rodolfo  271.27629629199873 0.066 0.276086358276 1.03962188962 1 1 1 0.97 0
96 4 4.5 0 1 9.81 0.5 1.41870594025 0.0192519777048 1 Rodolfo  274.0715352850002 0.066 0.413231951508 0.899453962542 1 1 1 0.97 1
97 4 6 0 1 6.867 0.5 1.59739303589 -0.586363951687 1 Rodolfo  276.6191104890004 0.066 0.779379702081 1.68375698758 1 1 1 0.97 1
98 4 4.5 0 0 11.2815 0.5 1.29592990875 0.0118032217907 1 Rodolfo  279.33510861099967 0.066 0.221508060486 0.784126686962 1 1 1 0.97 0
99 4 4.5 0 0 9.81 0.5 1.52585983276 0.126405870222 1 Rodolfo  281.76076469299915 0.066 0.231400789265 0.899453962542 1 1 1 0.97 0
100 3 4.5 0 1 11.2815 0.5 1.4207201004 0.136593413441 1 Rodolfo  284.38568966300045 0.066 0.38796456334 0.784126686962 1 1 1 0.97 1
101 3 6 0 0 9.81 0.5 1.89139103889 0.199835100153 1 Rodolfo  286.9356731200005 0.066 0.319687759321 1.19155593874 1 1 1 0.97 0
102 4 4.5 0 0 12.753 0.5 1.41486692429 0.219852187158 1 Rodolfo  289.9250685349998 0.066 0.176879120408 0.695014737127 1 1 1 0.97 0
103 3 6 0 1 11.2815 0.5 1.67430114746 0.134679257843 1 Rodolfo  292.46374624800046 0.066 0.504295915718 1.03962188962 1 1 1 0.97 1
104 3 4.5 0 1 8.3385 0.5 1.8079020977 0.253339868647 1 Rodolfo  295.2317052649996 0.066 0.477713274015 1.05456222905 1 1 1 0.97 1
105 3 6 0 0 8.3385 0.5 1.99677395821 0.10125856021 1 Rodolfo  298.158578356999 0.066 0.371358804364 1.395515398 1 1 1 0.97 0
106 4 4.5 0 0 8.3385 0.5 1.66060900688 0.106046777827 1 Rodolfo  301.28095996699994 0.066 0.273217919869 1.05456222905 1 1 1 0.97 0
107 3 4.5 0 0 6.867 0.5 1.86589598656 0.0915651117378 1 Rodolfo  304.0707064119997 0.066 0.327270209363 1.27433087482 1 1 1 0.97 0
108 4 6 0 0 11.2815 0.5 1.76470708847 0.225085198852 1 Rodolfo  307.053331142999 0.066 0.311011084283 1.03962188962 1 1 1 0.97 0
109 3 6 0 1 9.81 0.5 2.31353092194 0.621974983194 1 Rodolfo  309.9374780449998 0.066 0.558856334358 1.19155593874 1 1 1 0.97 1
110 4 6 0 1 12.753 0.5 1.48828005791 0.0662233700843 1 Rodolfo  313.3694020889998 0.066 0.431942861737 0.922056687823 1 1 1 0.97 1
111 4 4.5 0 1 8.3385 0.5 1.48336005211 -0.071202176946 1 Rodolfo  315.9601464690004 0.066 0.509762861621 1.05456222905 1 1 1 0.97 1
112 3 6 0 1 12.753 0.5 1.39489912987 -0.0271575579553 1 Rodolfo  318.53931013500005 0.066 0.441516933119 0.922056687823 1 1 1 0.97 1
113 3 6 0 0 12.753 0.5 1.61057496071 0.188518272886 1 Rodolfo  321.0575920579995 0.066 0.239467854536 0.922056687823 1 1 1 0.97 0
114 4 4.5 0 0 6.867 0.5 1.84422898293 0.0698981081062 1 Rodolfo  323.77931150099903 0.066 0.357072044023 1.27433087482 1 1 1 0.97 0
115 4 6 0 1 9.81 0.5 1.66034698486 -0.0312089538787 1 Rodolfo  326.7498897860005 0.066 0.568592611934 1.19155593874 1 1 1 0.97 1
116 3 4.5 0 0 8.3385 0.5 1.66337895393 0.108816724879 1 Rodolfo  329.5348211929995 0.066 0.270267756364 1.05456222905 1 1 1 0.97 0
117 3 6 0 1 6.867 0.5 1.91278600693 -0.270970980648 1 Rodolfo  332.3100274219996 0.066 0.81983005806 1.68375698758 1 1 1 0.97 1
118 3 4.5 0 1 9.81 0.5 1.46332097054 0.0638670079935 1 Rodolfo  335.3225094930003 0.066 0.427269138077 0.899453962542 1 1 1 0.97 1
119 3 4.5 0 1 6.867 0.5 1.52062392235 -0.253706952471 1 Rodolfo  337.90463229099987 0.066 0.635290332049 1.27433087482 1 1 1 0.97 1
120 3 4.5 0 0 11.2815 0.5 1.33019709587 0.0460704089093 1 Rodolfo  340.5584538709991 0.066 0.216039017354 0.784126686962 1 1 1 0.97 0
121 3 4.5 0 1 11.2815 0.5 1.37149381638 0.087367129414 1 Rodolfo  343.00904128799993 0.066 0.391225366379 0.784126686962 1 1 1 0.97 1
122 3 4.5 0 1 8.3385 0.5 1.54872512817 -0.00583710088094 1 Rodolfo  345.50604564700006 0.066 0.514840807306 1.05456222905 1 1 1 0.97 1
123 3 4.5 0 1 12.753 0.5 1.24522709846 0.0502123613376 1 Rodolfo  348.15219199999956 0.066 0.33147778763 0.695014737127 1 1 1 0.97 1
124 3 6 0 0 9.81 0.5 1.7734401226 0.0818841838624 1 Rodolfo  350.5225487489988 0.066 0.308799999985 1.19155593874 1 1 1 0.97 0
125 3 4.5 0 1 9.81 0.5 1.42157411575 0.0221201532114 1 Rodolfo  353.41875702499965 0.066 0.414245400681 0.899453962542 1 1 1 0.97 1
126 4 6 0 0 11.2815 0.5 1.62686419487 0.0872423052518 1 Rodolfo  355.96251668199875 0.066 0.285899272954 1.03962188962 1 1 1 0.97 0
127 4 4.5 0 0 9.81 0.5 1.40488600731 0.00543204476716 1 Rodolfo  358.7179274989994 0.066 0.228981891383 0.899453962542 1 1 1 0.97 0
128 3 6 0 1 9.81 0.5 1.87293100357 0.181375064829 1 Rodolfo  361.2439424969998 0.066 0.551265803116 1.19155593874 1 1 1 0.97 1
129 4 4.5 0 0 8.3385 0.5 1.56744623184 0.0128840027873 1 Rodolfo  364.21304274999966 0.066 0.293673754136 1.05456222905 1 1 1 0.97 0
130 3 6 0 0 6.867 0.5 1.39563894272 -0.788118044857 1 Rodolfo  366.90705388599963 0.066 0.474926784365 1.68375698758 1 1 1 0.97 0
131 4 4.5 0 0 12.753 0.5 1.32972693443 0.134712197306 1 Rodolfo  369.40158158600025 0.066 0.20223279373 0.695014737127 1 1 1 0.97 0
132 4 6 0 1 9.81 0.5 1.64393591881 -0.047620019934 1 Rodolfo  371.8674671030003 0.066 0.564351247076 1.19155593874 1 1 1 0.97 1
133 4 4.5 0 0 6.867 0.5 1.78151082993 0.00717995510637 1 Rodolfo  374.63265893300013 0.066 0.331391867261 1.27433087482 1 1 1 0.97 0
134 4 6 0 0 8.3385 0.5 1.99122786522 0.0957124672231 1 Rodolfo  377.480960466999 0.066 0.405944252357 1.395515398 1 1 1 0.97 0
135 4 6 0 1 11.2815 0.5 1.61967492104 0.0800530314175 1 Rodolfo  380.56900091399984 0.066 0.497606341409 1.03962188962 1 1 1 0.97 1
136 3 6 0 0 11.2815 0.5 1.58409881592 0.0444769262997 1 Rodolfo  383.31174247299896 0.066 0.263093037901 1.03962188962 1 1 1 0.97 0
137 3 4.5 0 0 6.867 0.5 1.8769030571 0.102572182279 1 Rodolfo  385.9936272439991 0.066 0.368477226322 1.27433087482 1 1 1 0.97 0
138 3 6 0 1 12.753 0.5 1.35688114166 -0.0651755461602 1 Rodolfo  388.9614158789991 0.066 0.454625394456 0.922056687823 1 1 1 0.97 1
139 4 6 0 0 6.867 0.5 1.59069395065 -0.593063036922 1 Rodolfo  392.23182826599987 0.066 0.44300937548 1.68375698758 1 1 1 0.97 0
140 4 6 0 0 9.81 0.5 1.78278517723 0.0912292384889 1 Rodolfo  394.1482695119994 0.066 0.331051785958 1.19155593874 1 1 1 0.97 0
141 4 4.5 0 1 6.867 0.5 1.79995393753 0.0256230627114 1 Rodolfo  397.02006585900017 0.066 0.600342578339 1.27433087482 1 1 1 0.97 1
142 4 6 0 0 12.753 0.5 1.55109596252 0.129039274702 1 Rodolfo  399.9552993929992 0.066 0.273118253451 0.922056687823 1 1 1 0.97 0
143 3 4.5 0 0 8.3385 0.5 1.54782509804 -0.00673713101704 1 Rodolfo  402.6320709020001 0.066 0.316189778765 1.05456222905 1 1 1 0.97 0
144 3 6 0 1 8.3385 0.5 1.82619786263 -0.0693175353709 1 Rodolfo  405.3002827179989 0.066 0.629735870888 1.395515398 1 1 1 0.97 1
145 3 6 0 0 12.753 0.5 1.63160586357 0.209549175748 1 Rodolfo  408.24997708699993 0.066 0.25492245386 0.922056687823 1 1 1 0.97 0
146 3 4.5 0 0 9.81 0.5 1.49818587303 0.0987319104898 1 Rodolfo  410.9818702579996 0.066 0.231076135426 0.899453962542 1 1 1 0.97 0
147 4 4.5 0 1 9.81 0.5 1.39256000519 -0.00689395735381 1 Rodolfo  413.6015012209991 0.066 0.427107612457 0.899453962542 1 1 1 0.97 1
148 3 6 0 1 11.2815 0.5 1.71583414078 0.176212251159 1 Rodolfo  416.0980317760004 0.066 0.4876187686 1.03962188962 1 1 1 0.97 1
149 4 4.5 0 0 11.2815 0.5 1.3618619442 0.0777352572369 1 Rodolfo  418.93643590399915 0.066 0.221575504861 0.784126686962 1 1 1 0.97 0
150 3 4.5 0 1 6.867 0.5 1.65059494972 -0.123735925097 1 Rodolfo  421.4188883179995 0.066 0.625137688924 1.27433087482 1 1 1 0.97 1
151 4 6 0 1 12.753 0.5 1.29787993431 -0.124176753512 1 Rodolfo  424.17308405199947 0.066 0.438391001847 0.922056687823 1 1 1 0.97 1
152 4 4.5 0 1 11.2815 0.5 1.26991605759 -0.014210629375 1 Rodolfo  426.60365443999945 0.066 0.377429221406 0.784126686962 1 1 1 0.97 1
153 4 4.5 0 1 12.753 0.5 1.32363390923 0.128619172098 1 Rodolfo  428.995008771999 0.066 0.318825695526 0.695014737127 1 1 1 0.97 1
154 3 6 0 0 8.3385 0.5 1.43049812317 -0.465017274827 1 Rodolfo  431.43540354799916 0.066 0.351906260813 1.395515398 1 1 1 0.97 0
155 3 6 0 1 6.867 0.5 1.53561306 -0.648143927578 1 Rodolfo  433.9891987079991 0.066 0.777475442858 1.68375698758 1 1 1 0.97 1
156 4 6 0 1 8.3385 0.5 1.55115699768 -0.344358400315 1 Rodolfo  436.62204865199965 0.066 0.666638618293 1.395515398 1 1 1 0.97 1
157 4 6 0 1 6.867 0.5 1.73668599129 -0.447070996288 1 Rodolfo  439.28005306900013 0.066 0.811234295743 1.68375698758 1 1 1 0.97 1
158 3 4.5 0 0 12.753 0.5 1.73668599129 -0.447070996288 1 Rodolfo  441.97818456999994 0.066 0.193172706307 0.695014737127 1 1 1 0.97 0
159 4 4.5 0 1 8.3385 0.5 1.48650217056 -0.068060058492 1 Rodolfo  442.1492142019997 0.066 0.503863823128 1.05456222905 1 1 1 0.97 1
160 4 4.5 0 1 12.753 0.5 1.5742650032 0.379250266077 1 Rodolfo  444.7519120529996 0.066 0.332837928606 0.695014737127 1 1 1 0.97 1
161 3 6 0 0 8.3385 0.5 2.07870697975 0.183191581756 1 Rodolfo  447.4275636729999 0.066 0.409720358826 1.395515398 1 1 1 0.97 0
162 4 4.5 0 0 6.867 0.5 9.42943286896 7.65510199414 1 Rodolfo  450.6084994929988 0.066 0.323229721031 1.27433087482 1 1 1 0.97 0
163 3 4.5 0 1 8.3385 0.5 1.46207809448 -0.0924841345723 1 Rodolfo  461.16856443399956 0.066 0.499001847246 1.05456222905 1 1 1 0.97 1
164 3 4.5 0 0 8.3385 0.5 1.27593803406 -0.278624194997 1 Rodolfo  463.7438544460001 0.066 0.270331607502 1.05456222905 1 1 1 0.97 0
165 4 4.5 0 0 9.81 0.5 1.53109312057 0.131639158033 1 Rodolfo  466.1158416099988 0.066 0.256999141916 0.899453962542 1 1 1 0.97 0
166 4 6 0 1 9.81 0.5 1.5869641304 -0.10459180834 1 Rodolfo  468.76474453300034 0.066 0.551648333261 1.19155593874 1 1 1 0.97 1
167 3 6 0 0 6.867 0.5 1.58627510071 -0.597481886868 1 Rodolfo  471.4697912390002 0.066 0.449626619896 1.68375698758 1 1 1 0.97 0
168 3 4.5 0 0 9.81 0.5 1.44696593285 0.0475119703043 1 Rodolfo  474.1841390890004 0.066 0.248757949922 0.899453962542 1 1 1 0.97 0
169 4 6 0 1 11.2815 0.5 1.55472588539 0.015103995773 1 Rodolfo  476.74932396499935 0.066 0.48088501807 1.03962188962 1 1 1 0.97 1
170 3 4.5 0 0 12.753 0.5 2.82118296623 1.6261682291 1 Rodolfo  479.41817761899983 0.066 0.202583489991 0.695014737127 1 1 1 0.97 0
171 4 4.5 0 0 11.2815 0.5 1.33839797974 0.0542712927746 1 Rodolfo  483.3352634519997 0.066 0.229708723847 0.784126686962 1 1 1 0.97 0
172 4 6 0 1 12.753 0.5 1.94168686867 0.519630180845 1 Rodolfo  485.77480957199987 0.066 0.458316397112 0.922056687823 1 1 1 0.97 1
173 4 4.5 0 0 8.3385 0.5 1.54334115982 -0.0112210692342 1 Rodolfo  488.8140523109996 0.066 0.294931801199 1.05456222905 1 1 1 0.97 0
174 4 6 0 0 12.753 0.5 2.07165193558 0.649595247755 1 Rodolfo  491.46749617000023 0.066 0.247808228856 0.922056687823 1 1 1 0.97 0
175 3 6 0 1 12.753 0.5 1.49565911293 0.0736024251075 1 Rodolfo  494.6574648959995 0.066 0.419905498038 0.922056687823 1 1 1 0.97 1
176 3 6 0 1 11.2815 0.5 7.82192611694 6.28230422733 1 Rodolfo  497.24452204000045 0.066 0.515735448456 1.03962188962 1 1 1 0.97 1
177 3 6 0 0 11.2815 0.5 1.55485892296 0.0152370333401 1 Rodolfo  506.18778292999923 0.066 0.309405152633 1.03962188962 1 1 1 0.97 0
178 3 6 0 0 9.81 0.5 1.97476387024 0.283207931497 1 Rodolfo  508.8465217699995 0.066 0.328022755654 1.19155593874 1 1 1 0.97 0
179 3 4.5 0 0 11.2815 0.5 1.382614851 0.0984881640362 1 Rodolfo  511.9417002549999 0.066 0.217272929978 0.784126686962 1 1 1 0.97 0
180 4 6 0 1 8.3385 0.5 1.62181687355 -0.273698524446 1 Rodolfo  514.4456435550001 0.066 0.64948288105 1.395515398 1 1 1 0.97 1
181 3 6 0 1 9.81 0.5 5.4701731205 3.77861718176 1 Rodolfo  517.1742908269989 0.066 0.555525599524 1.19155593874 1 1 1 0.97 1
182 3 6 0 0 12.753 0.5 1.52471494675 0.102658258924 1 Rodolfo  523.7346161589994 0.066 0.274783383549 0.922056687823 1 1 1 0.97 0
183 4 6 0 0 6.867 0.5 1.68731188774 -0.496445099834 1 Rodolfo  526.3564477519994 0.066 0.421739924096 1.68375698758 1 1 1 0.97 0
184 4 4.5 0 1 9.81 0.5 1.36015415192 -0.0392998106253 1 Rodolfo  529.1432407379998 0.066 0.449133156279 0.899453962542 1 1 1 0.97 1
185 4 6 0 0 9.81 0.5 1.77677702904 0.0852210902955 1 Rodolfo  531.6199026180002 0.066 0.313549748048 1.19155593874 1 1 1 0.97 0
186 4 4.5 0 1 6.867 0.5 1.63122987747 -0.143100997347 1 Rodolfo  534.4999055139997 0.066 0.616481372109 1.27433087482 1 1 1 0.97 1
187 4 6 0 0 8.3385 0.5 1.90540790558 0.00989250758255 1 Rodolfo  537.2509501339991 0.066 0.383281435056 1.395515398 1 1 1 0.97 0
188 4 6 0 1 6.867 0.5 6.34740495682 4.16364796924 1 Rodolfo  540.2774412559993 0.066 0.784840383114 1.68375698758 1 1 1 0.97 1
189 4 4.5 0 0 12.753 0.5 1.3103249073 0.115310170175 1 Rodolfo  547.7206309960002 0.066 0.194752418332 0.695014737127 1 1 1 0.97 0
190 4 4.5 0 1 11.2815 0.5 1.27236199379 -0.011764693172 1 Rodolfo  550.1655513699989 0.066 0.380878846052 0.784126686962 1 1 1 0.97 1
191 3 4.5 0 1 12.753 0.5 4.90383005142 3.70881531429 1 Rodolfo  552.5576115559998 0.066 0.316382958353 0.695014737127 1 1 1 0.97 1
192 3 4.5 0 1 11.2815 0.5 1.23889112473 -0.0452355622364 1 Rodolfo  558.5631287839988 0.066 0.363376320762 0.784126686962 1 1 1 0.97 1
193 3 4.5 0 1 9.81 0.5 1.28774499893 -0.11170896361 1 Rodolfo  560.9186111620002 0.066 0.434058079298 0.899453962542 1 1 1 0.97 1
194 3 6 0 1 6.867 0.5 2.30033802986 0.116581042286 1 Rodolfo  563.3348805389996 0.066 0.780042292503 1.68375698758 1 1 1 0.97 1
195 3 4.5 0 0 6.867 0.5 1.89705491066 0.122724035841 1 Rodolfo  566.7524878980003 0.066 0.345573932305 1.27433087482 1 1 1 0.97 0
196 4 4.5 0 1 8.3385 0.5 1.45785999298 -0.0967022360738 1 Rodolfo  569.7684133679995 0.066 0.518676079653 1.05456222905 1 1 1 0.97 1
197 3 6 0 1 8.3385 0.5 1.69131112099 -0.204204277009 1 Rodolfo  572.3504480480005 0.066 0.681233489596 1.395515398 1 1 1 0.97 1
198 4 6 0 0 11.2815 0.5 1.52444696426 -0.0151749253543 1 Rodolfo  575.159033726999 0.066 0.280419264743 1.03962188962 1 1 1 0.97 0
199 3 4.5 0 1 6.867 0.5 1.90756011009 0.133229235273 1 Rodolfo  577.814552038999 0.066 0.633301769003 1.27433087482 1 1 1 0.97 1
200 3 6 0 1 11.2815 0.5 1.54447984695 0.00485795733612 1 Rodolfo  580.8346053589994 0.066 0.489452376826 1.03962188962 1 1 1 0.97 1
201 4 4.5 0 1 9.81 0.5 1.35232210159 -0.0471318609488 1 Rodolfo  583.5025141120004 0.066 0.415141041702 0.899453962542 1 1 1 0.97 1
202 4 6 0 0 6.867 0.5 2.1544778347 -0.029279152874 1 Rodolfo  585.9769264339993 0.066 0.483370525224 1.68375698758 1 1 1 0.97 0
203 3 6 0 0 6.867 0.5 1.61971902847 -0.564037959103 1 Rodolfo  589.2551886189995 0.066 0.426693171724 1.68375698758 1 1 1 0.97 0
204 4 6 0 1 11.2815 0.5 1.40629506111 -0.133326828507 1 Rodolfo  592.0016789399997 0.066 0.508492259071 1.03962188962 1 1 1 0.97 1
205 4 6 0 1 9.81 0.5 1.93353414536 0.241978206613 1 Rodolfo  594.5186535569992 0.066 0.591567081412 1.19155593874 1 1 1 0.97 1
206 3 4.5 0 1 12.753 0.5 1.31692814827 0.121913411142 1 Rodolfo  597.5769219590002 0.066 0.318296380928 0.695014737127 1 1 1 0.97 1
207 3 6 0 0 11.2815 0.5 1.55543899536 0.0158171057431 1 Rodolfo  600.0049845230005 0.066 0.295180479846 1.03962188962 1 1 1 0.97 0
208 4 4.5 0 0 6.867 0.5 1.75729203224 -0.0170388425773 1 Rodolfo  602.6896051629992 0.066 0.349041004448 1.27433087482 1 1 1 0.97 0
209 4 6 0 0 12.753 0.5 1.49424695969 0.0721902718635 1 Rodolfo  605.5650426060001 0.066 0.273667947261 0.922056687823 1 1 1 0.97 0
210 4 4.5 0 1 11.2815 0.5 1.31754088402 0.0334141970562 1 Rodolfo  608.1802069749992 0.066 0.389515949113 0.784126686962 1 1 1 0.97 1
211 3 4.5 0 1 9.81 0.5 1.39044117928 -0.00901278326628 1 Rodolfo  610.6247774049989 0.066 0.407872364368 0.899453962542 1 1 1 0.97 1
212 3 4.5 0 1 6.867 0.5 1.67626595497 -0.0980649198479 1 Rodolfo  613.1115452089998 0.066 0.613123248452 1.27433087482 1 1 1 0.97 1
213 3 4.5 0 0 6.867 0.5 1.63101911545 -0.143311759371 1 Rodolfo  615.8904435900004 0.066 0.347538366893 1.27433087482 1 1 1 0.97 0
214 4 4.5 0 1 12.753 0.5 1.22779202461 0.032777287485 1 Rodolfo  618.6486072930002 0.066 0.33028431858 0.695014737127 1 1 1 0.97 1
215 3 6 0 1 12.753 0.5 1.32985711098 -0.0921995768456 1 Rodolfo  620.9940972120003 0.066 0.447540060545 0.922056687823 1 1 1 0.97 1
216 4 4.5 0 0 12.753 0.5 1.26886916161 0.0738544244784 1 Rodolfo  623.444099417 0.066 0.178985434803 0.695014737127 1 1 1 0.97 0
217 3 4.5 0 0 8.3385 0.5 1.58564686775 0.0310846386973 1 Rodolfo  625.8424566539998 0.066 0.306018991773 1.05456222905 1 1 1 0.97 0
218 4 6 0 1 8.3385 0.5 6.70917010307 4.81365470508 1 Rodolfo  628.5570143099994 0.066 0.6715660941 1.395515398 1 1 1 0.97 1
219 4 6 0 1 12.753 0.5 7.31792497635 5.89586828853 1 Rodolfo  636.3804524589996 0.066 0.429552815635 0.922056687823 1 1 1 0.97 1
220 3 4.5 0 0 11.2815 0.5 1.23191189766 -0.0522147893024 1 Rodolfo  644.8062676879999 0.066 0.220541384343 0.784126686962 1 1 1 0.97 0
221 4 4.5 0 1 8.3385 0.5 1.48280596733 -0.0717562617238 1 Rodolfo  647.1371118650004 0.066 0.479287734506 1.05456222905 1 1 1 0.97 1
222 3 4.5 0 1 11.2815 0.5 1.26262593269 -0.0215007542682 1 Rodolfo  649.7451333440004 0.066 0.35380487884 0.784126686962 1 1 1 0.97 1
223 4 4.5 0 1 6.867 0.5 1.52147984505 -0.252851029772 1 Rodolfo  652.1270456909988 0.066 0.577818143761 1.27433087482 1 1 1 0.97 1
224 3 4.5 0 0 12.753 0.5 1.17094683647 -0.0240679006558 1 Rodolfo  654.7452722180005 0.066 0.174533927871 0.695014737127 1 1 1 0.97 0
225 3 6 0 1 9.81 0.5 1.63966083527 -0.0518951034759 1 Rodolfo  657.0428517500004 0.066 0.542059687497 1.19155593874 1 1 1 0.97 1
226 3 4.5 0 1 8.3385 0.5 1.39251899719 -0.162043231862 1 Rodolfo  659.7884214650003 0.066 0.525330787328 1.05456222905 1 1 1 0.97 1
227 4 4.5 0 0 8.3385 0.5 1.66020011902 0.105637889964 1 Rodolfo  662.3035569929998 0.066 0.272071196895 1.05456222905 1 1 1 0.97 0
228 3 6 0 0 9.81 0.5 1.7836329937 0.0920770549562 1 Rodolfo  665.0648411860002 0.066 0.311170182944 1.19155593874 1 1 1 0.97 0
229 3 6 0 1 6.867 0.5 1.94981813431 -0.233938853268 1 Rodolfo  667.9620958309988 0.066 0.790754796002 1.68375698758 1 1 1 0.97 1
230 3 6 0 1 8.3385 0.5 1.71853280067 -0.176982597322 1 Rodolfo  671.0129506640005 0.066 0.677524974394 1.395515398 1 1 1 0.97 1
231 4 6 0 0 9.81 0.5 1.83303880692 0.141482868173 1 Rodolfo  673.8575287530002 0.066 0.318364276047 1.19155593874 1 1 1 0.97 0
232 3 6 0 0 8.3385 0.5 1.94030499458 0.0447895965871 1 Rodolfo  676.7907108799991 0.066 0.409090616818 1.395515398 1 1 1 0.97 0
233 4 6 0 0 8.3385 0.5 1.93777513504 0.0422597370442 1 Rodolfo  679.8526242890002 0.066 0.394571424719 1.395515398 1 1 1 0.97 0
234 4 6 0 1 6.867 0.5 1.98894000053 -0.194816987041 1 Rodolfo  682.892300436999 0.066 0.761404554626 1.68375698758 1 1 1 0.97 1
235 4 6 0 0 11.2815 0.5 1.61585903168 0.076237142059 1 Rodolfo  686.007191355 0.066 0.297044599432 1.03962188962 1 1 1 0.97 0
236 3 6 0 0 12.753 0.5 1.46805906296 0.046002375135 1 Rodolfo  688.7496973859998 0.066 0.232878447383 0.922056687823 1 1 1 0.97 0
237 4 4.5 0 0 11.2815 0.5 1.30677986145 0.0226531744885 1 Rodolfo  691.3299777619995 0.066 0.22062705381 0.784126686962 1 1 1 0.97 0
238 4 4.5 0 0 9.81 0.5 1.3724629879 -0.026990974642 1 Rodolfo  693.7718478749994 0.066 0.269382894903 0.899453962542 1 1 1 0.97 0
239 3 4.5 0 0 9.81 0.5 1.39997720718 0.000523244642042 1 Rodolfo  696.2660204169988 0.066 0.246409416136 0.899453962542 1 1 1 0.97 0
240 3 4.5 0 0 8.3385 0.5 1.7375421524 0.18297992335 1 Rodolfo  698.7867002999992 0.066 0.306586915186 1.05456222905 1 1 1 0.97 0
241 3 6 0 1 12.753 0.5 2.31971406937 0.897657381544 1 Rodolfo  701.653289763999 0.066 0.456347158419 0.922056687823 1 1 1 0.97 1
242 3 6 0 0 11.2815 0.5 1.72159695625 0.181975066635 1 Rodolfo  705.072111989999 0.066 0.293584557647 1.03962188962 1 1 1 0.97 0
243 4 4.5 0 1 8.3385 0.5 1.10717177391 -0.447390455144 1 Rodolfo  707.9192585799992 0.066 0.505167055157 1.05456222905 1 1 1 0.97 1
244 4 4.5 0 0 11.2815 0.5 1.37733507156 0.093208384602 1 Rodolfo  710.1291279069992 0.066 0.201990440212 0.784126686962 1 1 1 0.97 0
245 4 6 0 1 8.3385 0.5 1.92174386978 0.0262284717854 1 Rodolfo  712.6032658169988 0.066 0.661357972864 1.395515398 1 1 1 0.97 1
246 4 6 0 1 9.81 0.5 1.63282585144 -0.0587300873015 1 Rodolfo  716.691239759999 0.066 0.571669724881 1.19155593874 1 1 1 0.97 1
247 3 6 0 1 6.867 0.5 2.04030680656 -0.143450181011 1 Rodolfo  718.3554241210004 0.066 0.764028556587 1.68375698758 1 1 1 0.97 1
248 3 6 0 0 6.867 0.5 2.08519506454 -0.0985619230309 1 Rodolfo  721.4937748939992 0.066 0.453479567528 1.68375698758 1 1 1 0.97 0
249 3 4.5 0 1 11.2815 0.5 1.35831189156 0.0741852045941 1 Rodolfo  724.6935637869992 0.066 0.374200449857 0.784126686962 1 1 1 0.97 1
250 4 4.5 0 1 6.867 0.5 1.55479097366 -0.219539901156 1 Rodolfo  727.1774857309993 0.066 0.605589153879 1.27433087482 1 1 1 0.97 1
251 3 6 0 0 12.753 0.5 1.29577589035 -0.126280797472 1 Rodolfo  729.857891493999 0.066 0.265358489686 0.922056687823 1 1 1 0.97 0
252 4 4.5 0 1 11.2815 0.5 1.40808486938 0.123958182423 1 Rodolfo  732.2765601039991 0.066 0.378934638504 0.784126686962 1 1 1 0.97 1
253 3 6 0 0 8.3385 0.5 2.00679707527 0.111281677276 1 Rodolfo  734.8107096299991 0.066 0.349734724533 1.395515398 1 1 1 0.97 0
254 4 6 0 0 9.81 0.5 2.04036784172 0.348811902979 1 Rodolfo  737.9447132679998 0.066 0.324643238579 1.19155593874 1 1 1 0.97 0
255 3 6 0 1 9.81 0.5 1.64872813225 -0.042827806494 1 Rodolfo  741.0842368060003 0.066 0.547704796787 1.19155593874 1 1 1 0.97 1
256 4 6 0 0 12.753 0.5 1.3553109169 -0.0667457709222 1 Rodolfo  743.8311280819999 0.066 0.252513352483 0.922056687823 1 1 1 0.97 0
257 4 6 0 1 6.867 0.5 6.4316778183 4.24792083072 1 Rodolfo  746.319094348999 0.066 0.812131421831 1.68375698758 1 1 1 0.97 1
258 3 4.5 0 0 9.81 0.5 1.49148583412 0.0920318715799 1 Rodolfo  753.8620592919997 0.066 0.233417425392 0.899453962542 1 1 1 0.97 0
259 4 6 0 0 8.3385 0.5 1.95941901207 0.0639036140736 1 Rodolfo  756.4708786279989 0.066 0.351963004692 1.395515398 1 1 1 0.97 0
260 3 4.5 0 0 6.867 0.5 1.81193494797 0.0376040731484 1 Rodolfo  759.5486954400003 0.066 0.340094368529 1.27433087482 1 1 1 0.97 0
261 4 4.5 0 1 9.81 0.5 1.48407196999 0.0846180074442 1 Rodolfo  762.4592343469994 0.066 0.415552397119 0.899453962542 1 1 1 0.97 1
262 4 4.5 0 0 9.81 0.5 1.46309304237 0.0636390798319 1 Rodolfo  765.0449524399992 0.066 0.25373599906 0.899453962542 1 1 1 0.97 0
263 3 6 0 0 9.81 0.5 2.22413086891 0.53257493017 1 Rodolfo  767.6205189499997 0.066 0.311989955462 1.19155593874 1 1 1 0.97 0
264 3 4.5 0 1 8.3385 0.5 5.42688989639 3.87232766734 1 Rodolfo  770.9642396899999 0.066 0.490812283828 1.05456222905 1 1 1 0.97 1
265 3 4.5 0 1 6.867 0.5 1.58671188354 -0.187618991274 1 Rodolfo  777.4903547760005 0.066 0.575193983746 1.27433087482 1 1 1 0.97 1
266 3 4.5 0 1 12.753 0.5 1.21956777573 0.0245530385989 1 Rodolfo  780.1962467419999 0.066 0.333858567688 0.695014737127 1 1 1 0.97 1
267 3 6 0 1 8.3385 0.5 1.62411689758 -0.271398500413 1 Rodolfo  782.5042427389999 0.066 0.633660180972 1.395515398 1 1 1 0.97 1
268 3 4.5 0 1 9.81 0.5 1.5251121521 0.125658189558 1 Rodolfo  785.2553699620003 0.066 0.426837128883 0.899453962542 1 1 1 0.97 1
269 4 6 0 0 6.867 0.5 1.99881005287 -0.184946934704 1 Rodolfo  787.8913655719989 0.066 0.496470036601 1.68375698758 1 1 1 0.97 0
270 4 6 0 1 12.753 0.5 1.45996499062 0.037908302793 1 Rodolfo  791.0210817520001 0.066 0.442198891596 0.922056687823 1 1 1 0.97 1
271 3 4.5 0 0 12.753 0.5 1.31151890755 0.11650417042 1 Rodolfo  793.5923481169993 0.066 0.203375615353 0.695014737127 1 1 1 0.97 0
272 3 4.5 0 0 11.2815 0.5 1.37013888359 0.086012196629 1 Rodolfo  796.026633436999 0.066 0.228990262271 0.784126686962 1 1 1 0.97 0
273 3 6 0 1 11.2815 0.5 1.51633810997 -0.0232837796481 1 Rodolfo  798.5102025960005 0.066 0.473569876279 1.03962188962 1 1 1 0.97 1
274 4 4.5 0 0 8.3385 0.5 1.51093387604 -0.0436283530172 1 Rodolfo  801.1403488069991 0.066 0.275710927494 1.05456222905 1 1 1 0.97 0
275 4 4.5 0 1 12.753 0.5 1.30345606804 0.108441330912 1 Rodolfo  803.7506143640003 0.066 0.328179873155 0.695014737127 1 1 1 0.97 1
276 4 4.5 0 0 6.867 0.5 1.83819913864 0.0638682638222 1 Rodolfo  806.1741677859991 0.066 0.357203473662 1.27433087482 1 1 1 0.97 0
277 4 6 0 1 11.2815 0.5 6.92612504959 5.38650315997 1 Rodolfo  809.1433015399998 0.066 0.489590415055 1.03962188962 1 1 1 0.97 1
278 4 6 0 0 11.2815 0.5 1.64947414398 0.109852254364 1 Rodolfo  817.1800365799991 0.066 0.285418394647 1.03962188962 1 1 1 0.97 0
279 4 4.5 0 0 12.753 0.5 1.38874816895 0.193733431818 1 Rodolfo  819.9517421069995 0.066 0.196052614313 0.695014737127 1 1 1 0.97 0
280 4 4.5 0 0 8.3385 0.5 1.84676599503 0.292203765971 1 Rodolfo  822.4693916609995 0.066 0.269037303797 1.05456222905 1 1 1 0.97 0
281 4 4.5 0 1 8.3385 0.5 1.6126229763 0.0580607472483 1 Rodolfo  825.4421095599992 0.066 0.507396580297 1.05456222905 1 1 1 0.97 1
282 3 6 0 1 11.2815 0.5 1.92499518394 0.385373294326 1 Rodolfo  828.1859040889995 0.066 0.477254614919 1.03962188962 1 1 1 0.97 1
283 3 4.5 0 1 6.867 0.5 2.06100106239 0.286670187574 1 Rodolfo  831.2036496969995 0.066 0.581897658427 1.27433087482 1 1 1 0.97 1
284 3 4.5 0 0 11.2815 0.5 1.47444105148 0.190314364521 1 Rodolfo  834.3613388369995 0.066 0.208057229703 0.784126686962 1 1 1 0.97 0
285 4 4.5 0 0 9.81 0.5 1.6209769249 0.221522962354 1 Rodolfo  836.9552470199997 0.066 0.248000485639 0.899453962542 1 1 1 0.97 0
286 4 4.5 0 1 6.867 0.5 1.78788805008 0.0135571752602 1 Rodolfo  839.7054208360005 0.066 0.580485785252 1.27433087482 1 1 1 0.97 1
287 3 6 0 0 12.753 0.5 1.63724398613 0.215187298307 1 Rodolfo  842.616486302999 0.066 0.241710332041 0.922056687823 1 1 1 0.97 0
288 3 4.5 0 1 9.81 0.5 1.49207901955 0.0926250570047 1 Rodolfo  845.3639563449997 0.066 0.449329189591 0.899453962542 1 1 1 0.97 1
289 4 4.5 0 0 11.2815 0.5 1.57400298119 0.289876294224 1 Rodolfo  847.9547909310004 0.066 0.219314412514 0.784126686962 1 1 1 0.97 0
290 4 6 0 1 12.753 0.5 1.55101895332 0.128962265501 1 Rodolfo  850.64894852 0.066 0.431613375483 0.922056687823 1 1 1 0.97 1
291 4 4.5 0 0 6.867 0.5 1.70356106758 -0.070769807238 1 Rodolfo  853.3163554370003 0.066 0.373829040264 1.27433087482 1 1 1 0.97 0
292 3 6 0 0 6.867 0.5 2.24012708664 0.0563700990639 1 Rodolfo  856.1356147730003 0.066 0.500014860853 1.68375698758 1 1 1 0.97 0
293 3 4.5 0 0 9.81 0.5 1.50477790833 0.105323945783 1 Rodolfo  859.502292875999 0.066 0.246711878562 0.899453962542 1 1 1 0.97 0
294 3 4.5 0 0 12.753 0.5 1.34696102142 0.151946284296 1 Rodolfo  862.1283928150006 0.066 0.188060884526 0.695014737127 1 1 1 0.97 0
295 4 6 0 1 11.2815 0.5 1.45053505898 -0.089086830643 1 Rodolfo  864.5903720699989 0.066 0.507791354912 1.03962188962 1 1 1 0.97 1
296 3 6 0 0 8.3385 0.5 2.06127905846 0.16576366046 1 Rodolfo  867.1646233230003 0.066 0.396017431538 1.395515398 1 1 1 0.97 0
297 4 4.5 0 1 12.753 0.5 1.04773592949 -0.147278807638 1 Rodolfo  870.3259718959998 0.066 0.325443380457 0.695014737127 1 1 1 0.97 1
298 4 4.5 0 0 12.753 0.5 1.20580506325 0.0107903261203 1 Rodolfo  872.5008887290005 0.066 0.196904344901 0.695014737127 1 1 1 0.97 0
299 4 6 0 1 6.867 0.5 1.99828004837 -0.185476939205 1 Rodolfo  874.8212381949998 0.066 0.839241206096 1.68375698758 1 1 1 0.97 1
300 3 6 0 1 8.3385 0.5 1.73755717278 -0.157958225221 1 Rodolfo  877.9053008899991 0.066 0.677546875319 1.395515398 1 1 1 0.97 1
301 4 6 0 0 9.81 0.5 1.96706914902 0.275513210275 1 Rodolfo  880.7607755110002 0.066 0.344437094328 1.19155593874 1 1 1 0.97 0
302 3 4.5 0 0 6.867 0.5 1.82469105721 0.050360182386 1 Rodolfo  883.8580985089993 0.066 0.372174071161 1.27433087482 1 1 1 0.97 0
303 3 6 0 0 11.2815 0.5 1.54665899277 0.0070371031491 1 Rodolfo  886.7887747929999 0.066 0.310448840717 1.03962188962 1 1 1 0.97 0
304 4 4.5 0 1 9.81 0.5 1.41876006126 0.0193060987222 1 Rodolfo  889.4518912149997 0.066 0.428776204455 0.899453962542 1 1 1 0.97 1
305 4 6 0 1 9.81 0.5 1.60746908188 -0.0840868568633 1 Rodolfo  891.9930026019993 0.066 0.564426423634 1.19155593874 1 1 1 0.97 1
306 4 4.5 0 1 11.2815 0.5 1.31856393814 0.0344372511792 1 Rodolfo  894.715719243999 0.066 0.365089096681 0.784126686962 1 1 1 0.97 1
307 4 6 0 0 11.2815 0.5 2.06070208549 0.521080195877 1 Rodolfo  897.1353283299995 0.066 0.285053089004 1.03962188962 1 1 1 0.97 0
308 3 4.5 0 1 11.2815 0.5 1.36084890366 0.0767222166943 1 Rodolfo  900.310179312999 0.066 0.365299302244 0.784126686962 1 1 1 0.97 1
309 3 6 0 0 9.81 0.5 1.76850104332 0.0769451045777 1 Rodolfo  902.7986918650004 0.066 0.339616597061 1.19155593874 1 1 1 0.97 0
310 4 6 0 0 8.3385 0.5 1.97061300278 0.075097604781 1 Rodolfo  905.6988095369998 0.066 0.38639855233 1.395515398 1 1 1 0.97 0
311 3 4.5 0 1 12.753 0.5 1.35439705849 0.15938232136 1 Rodolfo  908.7930148849991 0.066 0.342786875926 0.695014737127 1 1 1 0.97 1
312 4 6 0 0 6.867 0.5 1.95883107185 -0.224925915722 1 Rodolfo  911.2806747119994 0.066 0.444899518146 1.68375698758 1 1 1 0.97 0
313 3 4.5 0 0 8.3385 0.5 1.68559098244 0.131028753382 1 Rodolfo  914.3356127759998 0.066 0.300288279092 1.05456222905 1 1 1 0.97 0
314 3 6 0 1 6.867 0.5 1.92923593521 -0.254521052364 1 Rodolfo  917.1341205179997 0.066 0.82469488027 1.68375698758 1 1 1 0.97 1
315 4 6 0 0 12.753 0.5 1.5156788826 0.0936221947761 1 Rodolfo  920.1718060559997 0.066 0.264654823639 0.922056687823 1 1 1 0.97 0
316 3 6 0 1 12.753 0.5 1.48571300507 0.0636563172431 1 Rodolfo  922.7962751489995 0.066 0.419724057275 0.922056687823 1 1 1 0.97 1
317 4 6 0 1 8.3385 0.5 1.80842399597 -0.0870914020244 1 Rodolfo  925.3891464179997 0.066 0.638887622319 1.395515398 1 1 1 0.97 1
318 3 4.5 0 1 8.3385 0.5 1.45288515091 -0.101677078145 1 Rodolfo  928.3279079889999 0.066 0.52275773576 1.05456222905 1 1 1 0.97 1
319 3 6 0 1 9.81 0.5 1.55309700966 -0.138458929083 1 Rodolfo  930.8942752860003 0.066 0.5954923017 1.19155593874 1 1 1 0.97 1
