trial vx vy vz LongOcclusion g timeStill rTime TemporalError environment id pupiltime IOD OccludedTimeOfTrajectory FlightDuration Drag DragFirst block accuracy LongOcclusion
0 4 4.5 0 0 12.753 0.5 4.84970879555 3.65469405842 1 Clara  2.9410293300002195 0.063 0.204847526894 0.695014737127 1 1 2 0.41 0
1 3 4.5 0 1 6.867 0.5 1.78959012032 0.0152592454964 1 Clara  8.896267117000207 0.063 0.613351083478 1.27433087482 1 1 2 0.41 1
2 3 6 0 1 6.867 0.5 2.20012497902 0.0163679914436 1 Clara  11.770782593000149 0.063 0.836039769312 1.68375698758 1 1 2 0.41 1
3 3 6 0 0 12.753 0.5 1.61772108078 0.195664392957 1 Clara  15.086923519000266 0.063 0.236955515834 0.922056687823 1 1 2 0.41 0
4 3 4.5 0 1 12.753 0.5 1.47191596031 0.276901223184 1 Clara  17.80081251999991 0.063 0.328064039327 0.695014737127 1 1 2 0.41 1
5 3 4.5 0 0 6.867 0.5 1.88034915924 0.106018284422 1 Clara  20.37873741300018 0.063 0.351442792178 1.27433087482 1 1 2 0.41 0
6 3 4.5 0 0 12.753 0.5 1.37090086937 0.175886132242 1 Clara  23.358170915999835 0.063 0.198171294833 0.695014737127 1 1 2 0.41 0
7 4 4.5 0 1 11.2815 0.5 1.37544584274 0.0913191557812 1 Clara  25.84913349899989 0.063 0.383144323562 0.784126686962 1 1 2 0.41 1
8 4 6 0 0 6.867 0.5 2.17701292038 -0.0067440671959 1 Clara  28.330791192000106 0.063 0.483939048525 1.68375698758 1 1 2 0.41 0
9 3 4.5 0 1 11.2815 0.5 1.3640460968 0.07991940984 1 Clara  31.624654271000054 0.063 0.362096666585 0.784126686962 1 1 2 0.41 1
10 4 6 0 0 12.753 0.5 1.36625599861 -0.0558006892114 1 Clara  34.103446115000224 0.063 0.245336874497 0.922056687823 1 1 2 0.41 0
11 3 4.5 0 0 11.2815 0.5 1.45675206184 0.172625374882 1 Clara  36.58739929300009 0.063 0.196445437096 0.784126686962 1 1 2 0.41 0
12 4 6 0 1 9.81 0.5 1.58952593803 -0.102030000708 1 Clara  39.164348233000055 0.063 0.566366336767 1.19155593874 1 1 2 0.41 1
13 4 4.5 0 1 9.81 0.5 1.34255099297 -0.0569029695761 1 Clara  41.85074056300027 0.063 0.432376731504 0.899453962542 1 1 2 0.41 1
14 4 4.5 0 1 12.753 0.5 1.39146900177 0.196454264643 1 Clara  44.306129988000066 0.063 0.344642437289 0.695014737127 1 1 2 0.41 1
15 3 4.5 0 1 9.81 0.5 1.61543393135 0.215979968809 1 Clara  46.8208409570002 0.063 0.409671671227 0.899453962542 1 1 2 0.41 1
16 3 6 0 0 6.867 0.5 2.20965003967 0.0258930520973 1 Clara  49.5351034360001 0.063 0.487640524295 1.68375698758 1 1 2 0.41 0
17 4 6 0 0 9.81 0.5 1.79903912544 0.107483186701 1 Clara  52.851783675000206 0.063 0.326388530046 1.19155593874 1 1 2 0.41 0
18 3 6 0 1 9.81 0.5 1.89111304283 0.199557104089 1 Clara  55.74718168100026 0.063 0.545636581915 1.19155593874 1 1 2 0.41 1
19 4 4.5 0 0 9.81 0.5 1.49025297165 0.0907990091074 1 Clara  58.740982349000205 0.063 0.226901727989 0.899453962542 1 1 2 0.41 0
20 4 6 0 1 8.3385 0.5 1.94628810883 0.0507727108296 1 Clara  61.321706062999965 0.063 0.690711044235 1.395515398 1 1 2 0.41 1
21 3 6 0 1 12.753 0.5 1.67616796494 0.254111277112 1 Clara  64.36824606400023 0.063 0.456157272524 0.922056687823 1 1 2 0.41 1
22 4 6 0 0 11.2815 0.5 1.64342904091 0.103807151291 1 Clara  67.13161121400026 0.063 0.279679089491 1.03962188962 1 1 2 0.41 0
23 3 6 0 1 8.3385 0.5 1.94609308243 0.0505776844319 1 Clara  69.87285662800014 0.063 0.659186837307 1.395515398 1 1 2 0.41 1
24 4 6 0 1 11.2815 0.5 1.66924881935 0.129626929733 1 Clara  72.93479909200005 0.063 0.499306162706 1.03962188962 1 1 2 0.41 1
25 4 4.5 0 0 6.867 0.5 1.91564106941 0.141310194593 1 Clara  75.72733738399984 0.063 0.340275784062 1.27433087482 1 1 2 0.41 0
26 4 4.5 0 1 6.867 0.5 1.81018304825 0.0358521734291 1 Clara  78.7251751570002 0.063 0.635809899735 1.27433087482 1 1 2 0.41 1
27 4 6 0 1 12.753 0.5 1.61823320389 0.196176516065 1 Clara  81.63637682099989 0.063 0.416731488122 0.922056687823 1 1 2 0.41 1
28 4 4.5 0 0 11.2815 0.5 1.34980106354 0.0656743765759 1 Clara  84.35126394400004 0.063 0.204975982712 0.784126686962 1 1 2 0.41 0
29 3 6 0 0 9.81 0.5 1.79802393913 0.106468000391 1 Clara  86.81402086400021 0.063 0.354081123463 1.19155593874 1 1 2 0.41 0
30 3 6 0 1 11.2815 0.5 1.60001897812 0.0603970885007 1 Clara  89.723867616 0.063 0.510935897086 1.03962188962 1 1 2 0.41 1
31 3 4.5 0 0 9.81 0.5 1.48880600929 0.0893520467508 1 Clara  92.45587133400022 0.063 0.246617844469 0.899453962542 1 1 2 0.41 0
32 3 6 0 0 8.3385 0.5 1.97930598259 0.0837905845937 1 Clara  95.04126460599991 0.063 0.38984667434 1.395515398 1 1 2 0.41 0
33 3 4.5 0 1 8.3385 0.5 1.65177702904 0.0972147999827 1 Clara  98.13431353600026 0.063 0.486820635056 1.05456222905 1 1 2 0.41 1
34 4 4.5 0 1 8.3385 0.5 1.52763009071 -0.0269321383413 1 Clara  100.87724490300025 0.063 0.476541875772 1.05456222905 1 1 2 0.41 1
35 3 4.5 0 0 8.3385 0.5 1.6114730835 0.0569108544413 1 Clara  103.50696654500007 0.063 0.278980372787 1.05456222905 1 1 2 0.41 0
36 3 6 0 0 11.2815 0.5 1.71949005127 0.179868161651 1 Clara  106.23508708400004 0.063 0.294491117992 1.03962188962 1 1 2 0.41 0
37 4 4.5 0 0 8.3385 0.5 1.62618899345 0.0716267643992 1 Clara  109.09257459800028 0.063 0.27594392737 1.05456222905 1 1 2 0.41 0
38 4 6 0 0 8.3385 0.5 1.9611260891 0.0656106911 1 Clara  111.83987620000016 0.063 0.357621721338 1.395515398 1 1 2 0.41 0
39 4 6 0 1 6.867 0.5 2.2288351059 0.0450781183205 1 Clara  114.90274097200017 0.063 0.834632021087 1.68375698758 1 1 2 0.41 1
40 3 4.5 0 0 6.867 0.5 1.95234107971 0.178010204893 1 Clara  118.22418578199995 0.063 0.343235536978 1.27433087482 1 1 2 0.41 0
41 4 4.5 0 0 12.753 0.5 1.29397702217 0.0989622850436 1 Clara  121.28238879800028 0.063 0.181337563248 0.695014737127 1 1 2 0.41 0
42 3 4.5 0 1 6.867 0.5 1.88332390785 0.108993033033 1 Clara  123.68087526799991 0.063 0.636341312893 1.27433087482 1 1 2 0.41 1
43 4 6 0 1 6.867 0.5 2.17355799675 -0.0101989908257 1 Clara  126.67719211800022 0.063 0.789076837939 1.68375698758 1 1 2 0.41 1
44 3 4.5 0 1 8.3385 0.5 1.62786507607 0.0733028470103 1 Clara  129.9695704149999 0.063 0.486406124627 1.05456222905 1 1 2 0.41 1
45 3 4.5 0 1 11.2815 0.5 1.4507920742 0.166665387242 1 Clara  132.70943110899998 0.063 0.362140462957 0.784126686962 1 1 2 0.41 1
46 4 6 0 0 11.2815 0.5 1.69113397598 0.151512086364 1 Clara  135.262396351 0.063 0.299268082668 1.03962188962 1 1 2 0.41 0
47 4 4.5 0 1 11.2815 0.5 1.32553100586 0.0414043188977 1 Clara  138.04539010100007 0.063 0.381632324075 0.784126686962 1 1 2 0.41 1
48 3 4.5 0 0 12.753 0.5 1.37550401688 0.180489279749 1 Clara  140.47316078699987 0.063 0.178710920594 0.695014737127 1 1 2 0.41 0
49 4 4.5 0 1 6.867 0.5 1.80811715126 0.0337862764412 1 Clara  142.94507040100007 0.063 0.599245687538 1.27433087482 1 1 2 0.41 1
50 4 4.5 0 1 9.81 0.5 1.40207600594 0.00262204339387 1 Clara  145.85365067600014 0.063 0.443684306738 0.899453962542 1 1 2 0.41 1
51 3 6 0 0 11.2815 0.5 1.74513506889 0.205513179275 1 Clara  148.34691789999988 0.063 0.261739400581 1.03962188962 1 1 2 0.41 0
52 4 6 0 1 9.81 0.5 1.61145591736 -0.0801000213836 1 Clara  151.198100479 0.063 0.569629987096 1.19155593874 1 1 2 0.41 1
53 4 4.5 0 0 11.2815 0.5 1.39039087296 0.106264185994 1 Clara  153.9143103890001 0.063 0.197510974572 0.784126686962 1 1 2 0.41 0
54 4 4.5 0 0 9.81 0.5 1.52549910545 0.126045142912 1 Clara  156.41541422699993 0.063 0.252137437212 0.899453962542 1 1 2 0.41 0
55 4 6 0 0 8.3385 0.5 2.02059984207 0.125084444075 1 Clara  159.03225749700005 0.063 0.359819166841 1.395515398 1 1 2 0.41 0
56 3 4.5 0 0 8.3385 0.5 1.64400696754 0.0894447384898 1 Clara  162.16579679400002 0.063 0.265932448652 1.05456222905 1 1 2 0.41 0
57 3 4.5 0 1 9.81 0.5 1.46588492393 0.0664309613931 1 Clara  164.89997020500005 0.063 0.428341531733 0.899453962542 1 1 2 0.41 1
58 4 6 0 1 8.3385 0.5 1.89944291115 0.00392751315201 1 Clara  167.47104306000028 0.063 0.696859270662 1.395515398 1 1 2 0.41 1
59 4 6 0 0 6.867 0.5 2.30889105797 0.125134070393 1 Clara  170.47770162799998 0.063 0.448414750316 1.68375698758 1 1 2 0.41 0
60 3 6 0 0 12.753 0.5 1.53229403496 0.110237347135 1 Clara  173.91039299800013 0.063 0.261969286359 0.922056687823 1 1 2 0.41 0
61 4 4.5 0 0 8.3385 0.5 1.63636112213 0.0817988930766 1 Clara  176.54609188699987 0.063 0.265911355657 1.05456222905 1 1 2 0.41 0
62 4 6 0 1 12.753 0.5 1.46244287491 0.0403861870856 1 Clara  179.30199324100022 0.063 0.44508043997 0.922056687823 1 1 2 0.41 1
63 3 6 0 0 9.81 0.5 1.87044095993 0.178885021188 1 Clara  181.86235412199994 0.063 0.304880501885 1.19155593874 1 1 2 0.41 0
64 4 4.5 0 0 6.867 0.5 1.86577677727 0.0914459024483 1 Clara  184.81798112200022 0.063 0.341839640977 1.27433087482 1 1 2 0.41 0
65 3 4.5 0 1 12.753 0.5 1.36324286461 0.168228127481 1 Clara  187.7896571260003 0.063 0.32643912282 0.695014737127 1 1 2 0.41 1
66 4 6 0 0 12.753 0.5 1.52639698982 0.104340302 1 Clara  190.27556933699998 0.063 0.233540387122 0.922056687823 1 1 2 0.41 0
67 4 6 0 0 9.81 0.5 1.8696539402 0.178098001459 1 Clara  192.9209248510001 0.063 0.351765592058 1.19155593874 1 1 2 0.41 0
68 3 6 0 1 8.3385 0.5 1.87926006317 -0.0162553348247 1 Clara  195.87769359000004 0.063 0.641145776064 1.395515398 1 1 2 0.41 1
69 3 6 0 1 11.2815 0.5 1.53596591949 -0.0036559701236 1 Clara  198.87263560200017 0.063 0.493741067118 1.03962188962 1 1 2 0.41 1
70 3 6 0 0 8.3385 0.5 1.91697096825 0.0214555702504 1 Clara  201.5082485160001 0.063 0.385863915771 1.395515398 1 1 2 0.41 0
71 3 4.5 0 0 11.2815 0.5 1.43490886688 0.150782179921 1 Clara  204.52238233900016 0.063 0.202451131171 0.784126686962 1 1 2 0.41 0
72 3 4.5 0 0 9.81 0.5 1.49261403084 0.0931600682962 1 Clara  207.08366219000027 0.063 0.228801280413 0.899453962542 1 1 2 0.41 0
73 4 4.5 0 1 8.3385 0.5 1.70429420471 0.149731975657 1 Clara  209.674537417 0.063 0.526574686668 1.05456222905 1 1 2 0.41 1
74 3 6 0 0 6.867 0.5 2.3400349617 0.156277974125 1 Clara  212.491578741 0.063 0.501235087362 1.68375698758 1 1 2 0.41 0
75 3 6 0 1 6.867 0.5 1.98518395424 -0.198573033337 1 Clara  215.94385587199986 0.063 0.77976249044 1.68375698758 1 1 2 0.41 1
76 4 6 0 1 11.2815 0.5 1.61834692955 0.0787250399319 1 Clara  219.02833858700023 0.063 0.494732257987 1.03962188962 1 1 2 0.41 1
77 4 4.5 0 1 12.753 0.5 1.30930900574 0.11429426861 1 Clara  221.75948701900006 0.063 0.323174749566 0.695014737127 1 1 2 0.41 1
78 3 6 0 1 9.81 0.5 1.71418619156 0.0226302528169 1 Clara  224.17844371299998 0.063 0.55587619398 1.19155593874 1 1 2 0.41 1
79 3 6 0 1 12.753 0.5 1.56128787994 0.139231192121 1 Clara  227.0192121770001 0.063 0.423037745971 0.922056687823 1 1 2 0.41 1
80 3 4.5 0 1 6.867 0.5 1.75705504417 -0.017275830645 1 Clara  229.6849008080003 0.063 0.630366492399 1.27433087482 1 1 2 0.41 1
81 3 6 0 1 8.3385 0.5 1.93222093582 0.0367055378255 1 Clara  232.546457421 0.063 0.636016622808 1.395515398 1 1 2 0.41 1
82 4 6 0 0 11.2815 0.5 1.68445801735 0.144836127731 1 Clara  235.60272592 0.063 0.297016487635 1.03962188962 1 1 2 0.41 0
83 3 4.5 0 1 9.81 0.5 1.5257627964 0.12630883386 1 Clara  238.40545401600002 0.063 0.431096073906 0.899453962542 1 1 2 0.41 1
84 3 6 0 1 9.81 0.5 1.81563806534 0.124082126596 1 Clara  241.0386036760001 0.063 0.540000412469 1.19155593874 1 1 2 0.41 1
85 3 4.5 0 0 12.753 0.5 1.29289507866 0.0978803415317 1 Clara  243.9671575100001 0.063 0.204005853224 0.695014737127 1 1 2 0.41 0
86 4 6 0 0 8.3385 0.5 1.87716412544 -0.0183512725536 1 Clara  246.36628536900025 0.063 0.370697221255 1.395515398 1 1 2 0.41 0
87 4 6 0 0 12.753 0.5 1.53918099403 0.117124306211 1 Clara  249.36301421200005 0.063 0.271981520884 0.922056687823 1 1 2 0.41 0
88 3 4.5 0 0 11.2815 0.5 1.39566898346 0.111542296498 1 Clara  252.02630531400018 0.063 0.203777420207 0.784126686962 1 1 2 0.41 0
89 4 4.5 0 0 9.81 0.5 1.5875878334 0.188133870863 1 Clara  254.53076523900017 0.063 0.268898500257 0.899453962542 1 1 2 0.41 0
90 3 4.5 0 1 12.753 0.5 1.42485594749 0.229841210367 1 Clara  257.21435789299994 0.063 0.336417945184 0.695014737127 1 1 2 0.41 1
91 3 6 0 0 6.867 0.5 2.27897405624 0.0952170686684 1 Clara  259.7389498000002 0.063 0.473677132177 1.68375698758 1 1 2 0.41 0
92 3 6 0 1 6.867 0.5 2.34676599503 0.16300900745 1 Clara  263.12229628700015 0.063 0.830032221145 1.68375698758 1 1 2 0.41 1
93 4 4.5 0 1 8.3385 0.5 1.60328888893 0.0487266598765 1 Clara  266.57176593700024 0.063 0.526718292781 1.05456222905 1 1 2 0.41 1
94 3 6 0 1 12.753 0.5 1.53796982765 0.115913139829 1 Clara  269.30827988300007 0.063 0.441374616383 0.922056687823 1 1 2 0.41 1
95 4 4.5 0 0 11.2815 0.5 1.3919198513 0.107793164341 1 Clara  271.9500455560001 0.063 0.228640734012 0.784126686962 1 1 2 0.41 0
96 3 4.5 0 0 9.81 0.5 1.52514100075 0.125687038206 1 Clara  274.43702150299987 0.063 0.263520503818 0.899453962542 1 1 2 0.41 0
97 4 6 0 1 9.81 0.5 1.74861097336 0.0570550346162 1 Clara  277.0668729940003 0.063 0.541958101991 1.19155593874 1 1 2 0.41 1
98 4 6 0 1 12.753 0.5 1.57528686523 0.153230177412 1 Clara  279.92670543500026 0.063 0.456328435539 0.922056687823 1 1 2 0.41 1
99 4 4.5 0 0 12.753 0.5 1.29765701294 0.102642275812 1 Clara  282.6095061420001 0.063 0.206074066067 0.695014737127 1 1 2 0.41 0
100 3 6 0 0 12.753 0.5 1.80598807335 0.383931385526 1 Clara  284.99640297199994 0.063 0.264690042878 0.922056687823 1 1 2 0.41 0
101 3 4.5 0 0 6.867 0.5 1.94287204742 0.168541172605 1 Clara  287.90763510600027 0.063 0.344835418087 1.27433087482 1 1 2 0.41 0
102 3 6 0 0 8.3385 0.5 2.05748915672 0.161973758727 1 Clara  290.95286846299996 0.063 0.389635559858 1.395515398 1 1 2 0.41 0
103 3 6 0 0 9.81 0.5 1.90581083298 0.214254894235 1 Clara  294.13891947699994 0.063 0.349778811791 1.19155593874 1 1 2 0.41 0
104 3 4.5 0 1 8.3385 0.5 1.63834691048 0.0837846814219 1 Clara  297.1438683280003 0.063 0.480513324832 1.05456222905 1 1 2 0.41 1
105 4 4.5 0 1 12.753 0.5 1.29800009727 0.102985360147 1 Clara  299.90305714800024 0.063 0.336878717162 0.695014737127 1 1 2 0.41 1
106 4 6 0 1 6.867 0.5 2.30421495438 0.120457966801 1 Clara  302.2890020529999 0.063 0.788175397804 1.68375698758 1 1 2 0.41 1
107 3 6 0 0 11.2815 0.5 1.65115499496 0.111533105346 1 Clara  305.6896985890003 0.063 0.304269321704 1.03962188962 1 1 2 0.41 0
108 3 4.5 0 1 11.2815 0.5 1.4728770256 0.188750338643 1 Clara  308.44962571299993 0.063 0.361425928469 0.784126686962 1 1 2 0.41 1
109 4 6 0 1 11.2815 0.5 1.75778913498 0.218167245361 1 Clara  311.02494001900004 0.063 0.486669371751 1.03962188962 1 1 2 0.41 1
110 4 4.5 0 0 8.3385 0.5 1.68326997757 0.128707748515 1 Clara  313.88506604600025 0.063 0.306848630288 1.05456222905 1 1 2 0.41 0
111 4 4.5 0 0 6.867 0.5 1.90162110329 0.127290228468 1 Clara  316.6721748690002 0.063 0.331480570551 1.27433087482 1 1 2 0.41 0
112 4 6 0 0 6.867 0.5 2.35413718224 0.17038019466 1 Clara  319.68394991900004 0.063 0.439239138588 1.68375698758 1 1 2 0.41 0
113 3 4.5 0 0 8.3385 0.5 1.69498181343 0.140419584376 1 Clara  323.1491333869999 0.063 0.298817859085 1.05456222905 1 1 2 0.41 0
114 4 6 0 1 8.3385 0.5 2.04755496979 0.152039571792 1 Clara  325.941188753 0.063 0.639753959123 1.395515398 1 1 2 0.41 1
115 4 4.5 0 1 11.2815 0.5 1.40965294838 0.125526261418 1 Clara  329.13178414699996 0.063 0.352863408746 0.784126686962 1 1 2 0.41 1
116 3 6 0 1 11.2815 0.5 1.6495859623 0.109964072677 1 Clara  331.65402868699994 0.063 0.473383159586 1.03962188962 1 1 2 0.41 1
117 4 4.5 0 1 6.867 0.5 1.65648388863 -0.117846986193 1 Clara  334.4073661860002 0.063 0.602824225287 1.27433087482 1 1 2 0.41 1
118 4 6 0 0 9.81 0.5 1.83461308479 0.143057146051 1 Clara  337.17412704000026 0.063 0.34383576754 1.19155593874 1 1 2 0.41 0
119 4 4.5 0 1 9.81 0.5 1.52890896797 0.12945500543 1 Clara  340.11033791299997 0.063 0.414593209144 0.899453962542 1 1 2 0.41 1
120 3 6 0 1 11.2815 0.5 1.70996379852 0.170341908905 1 Clara  342.75713317200007 0.063 0.518207436124 1.03962188962 1 1 2 0.41 1
121 3 4.5 0 0 11.2815 0.5 1.47391700745 0.189790320485 1 Clara  345.57061999100006 0.063 0.213598145753 0.784126686962 1 1 2 0.41 0
122 3 6 0 1 12.753 0.5 1.57091593742 0.148859249601 1 Clara  348.15747856400003 0.063 0.433510414758 0.922056687823 1 1 2 0.41 1
123 4 6 0 0 8.3385 0.5 2.06786680222 0.17235140422 1 Clara  350.8421072880001 0.063 0.375180607176 1.395515398 1 1 2 0.41 0
124 4 6 0 1 6.867 0.5 2.31154990196 0.127792914387 1 Clara  354.01922080500026 0.063 0.803225441313 1.68375698758 1 1 2 0.41 1
125 3 4.5 0 1 6.867 0.5 1.75055503845 -0.023775836367 1 Clara  357.44164150899996 0.063 0.634519609075 1.27433087482 1 1 2 0.41 1
126 3 6 0 1 8.3385 0.5 1.90670514107 0.0111897430714 1 Clara  360.29662314100005 0.063 0.691909192809 1.395515398 1 1 2 0.41 1
127 3 4.5 0 1 12.753 0.5 1.4135260582 0.21851132107 1 Clara  363.32611183300014 0.063 0.328454612506 0.695014737127 1 1 2 0.41 1
128 3 4.5 0 1 11.2815 0.5 1.39977502823 0.115648341267 1 Clara  365.8691343380001 0.063 0.364156029014 0.784126686962 1 1 2 0.41 1
129 4 4.5 0 1 12.753 0.5 1.46386599541 0.26885125828 1 Clara  368.37034352699993 0.063 0.338598744885 0.695014737127 1 1 2 0.41 1
130 3 6 0 0 12.753 0.5 1.54274511337 0.12068842555 1 Clara  370.9313005560002 0.063 0.276106348187 0.922056687823 1 1 2 0.41 0
131 4 4.5 0 0 6.867 0.5 1.80387711525 0.0295462404305 1 Clara  373.5742786730002 0.063 0.320285686997 1.27433087482 1 1 2 0.41 0
132 4 4.5 0 0 9.81 0.5 1.54134297371 0.141889011167 1 Clara  376.508073041 0.063 0.22657652917 0.899453962542 1 1 2 0.41 0
133 3 6 0 0 11.2815 0.5 1.77238798141 0.232766091797 1 Clara  379.14403391299993 0.063 0.270976287845 1.03962188962 1 1 2 0.41 0
134 4 6 0 0 12.753 0.5 1.59730005264 0.17524336482 1 Clara  382.05196966699987 0.063 0.261330300131 0.922056687823 1 1 2 0.41 0
135 3 6 0 0 6.867 0.5 2.38697600365 0.203219016071 1 Clara  384.7621996500002 0.063 0.442106424241 1.68375698758 1 1 2 0.41 0
136 4 6 0 1 12.753 0.5 1.57406783104 0.152011143217 1 Clara  388.260257376 0.063 0.426983927665 0.922056687823 1 1 2 0.41 1
137 4 4.5 0 1 6.867 0.5 1.76351213455 -0.0108187402672 1 Clara  390.92433906899987 0.063 0.636032750632 1.27433087482 1 1 2 0.41 1
138 3 4.5 0 0 8.3385 0.5 1.79204916954 0.237486940486 1 Clara  393.7942966979999 0.063 0.294145011805 1.05456222905 1 1 2 0.41 0
139 3 4.5 0 1 8.3385 0.5 1.61640501022 0.0618427811686 1 Clara  396.6862061800002 0.063 0.497894013108 1.05456222905 1 1 2 0.41 1
140 3 4.5 0 0 6.867 0.5 1.94341611862 0.169085243803 1 Clara  399.4146228479999 0.063 0.365051522122 1.27433087482 1 1 2 0.41 0
141 3 6 0 0 8.3385 0.5 2.05115509033 0.155639692336 1 Clara  402.46318481900016 0.063 0.353970771438 1.395515398 1 1 2 0.41 0
142 3 4.5 0 1 9.81 0.5 1.58988213539 0.190428172849 1 Clara  405.607804537 0.063 0.406014403338 0.899453962542 1 1 2 0.41 1
143 4 4.5 0 0 8.3385 0.5 1.70284295082 0.148280721766 1 Clara  408.59931455700007 0.063 0.27355440339 1.05456222905 1 1 2 0.41 0
144 4 4.5 0 1 8.3385 0.5 1.70720911026 0.152646881205 1 Clara  411.129463793 0.063 0.522222346784 1.05456222905 1 1 2 0.41 1
145 4 4.5 0 1 9.81 0.5 1.61068081856 0.211226856016 1 Clara  413.9420043119999 0.063 0.412886637129 0.899453962542 1 1 2 0.41 1
146 3 4.5 0 0 12.753 0.5 1.43092703819 0.235912301065 1 Clara  416.648942151 0.063 0.208234098959 0.695014737127 1 1 2 0.41 0
147 4 6 0 1 11.2815 0.5 1.5937359333 0.0541140436856 1 Clara  419.20313058600004 0.063 0.514734296161 1.03962188962 1 1 2 0.41 1
148 4 4.5 0 0 12.753 0.5 1.40219402313 0.207179286005 1 Clara  421.9050985990002 0.063 0.174124545493 0.695014737127 1 1 2 0.41 0
149 4 4.5 0 1 11.2815 0.5 1.47223901749 0.188112330525 1 Clara  424.40838338699996 0.063 0.362876336162 0.784126686962 1 1 2 0.41 1
150 3 6 0 1 9.81 0.5 1.83638381958 0.144827880838 1 Clara  426.99073632499994 0.063 0.553072386597 1.19155593874 1 1 2 0.41 1
151 4 6 0 0 9.81 0.5 1.81199407578 0.120438137033 1 Clara  429.923987186 0.063 0.321669025854 1.19155593874 1 1 2 0.41 0
152 4 6 0 1 9.81 0.5 1.67763519287 -0.0139207458709 1 Clara  432.8490356729999 0.063 0.595065914126 1.19155593874 1 1 2 0.41 1
153 4 6 0 0 11.2815 0.5 1.602227211 0.0626053213803 1 Clara  435.61594563200015 0.063 0.286899883608 1.03962188962 1 1 2 0.41 0
154 4 6 0 0 6.867 0.5 2.36502385139 0.181266863819 1 Clara  438.3385106280002 0.063 0.49930785694 1.68375698758 1 1 2 0.41 0
155 4 4.5 0 0 11.2815 0.5 1.41859102249 0.13446433553 1 Clara  441.81827045399996 0.063 0.230856645877 0.784126686962 1 1 2 0.41 0
156 3 6 0 0 9.81 0.5 1.97273993492 0.281183996179 1 Clara  444.3466934620001 0.063 0.32817917914 1.19155593874 1 1 2 0.41 0
157 3 6 0 1 6.867 0.5 2.27949094772 0.0957339601479 1 Clara  447.4467314900003 0.063 0.816521883776 1.68375698758 1 1 2 0.41 1
158 4 6 0 1 8.3385 0.5 1.945084095 0.0495686970052 1 Clara  450.8308337550002 0.063 0.667985335216 1.395515398 1 1 2 0.41 1
159 3 4.5 0 0 9.81 0.5 1.50410890579 0.10465494325 1 Clara  453.88953993899986 0.063 0.252997515984 0.899453962542 1 1 2 0.41 0
160 4 4.5 0 1 6.867 0.5 1.81167197227 0.0373410974556 1 Clara  456.47669279 0.063 0.586363322207 1.27433087482 1 1 2 0.41 1
161 4 4.5 0 1 9.81 0.5 1.49482107162 0.095367109083 1 Clara  459.38929254799996 0.063 0.42646212317 0.899453962542 1 1 2 0.41 1
162 4 4.5 0 1 11.2815 0.5 1.36422801018 0.0801013232159 1 Clara  461.9861613920002 0.063 0.379848094175 0.784126686962 1 1 2 0.41 1
163 3 6 0 1 8.3385 0.5 1.91361904144 0.0181036434468 1 Clara  464.481222807 0.063 0.682962452528 1.395515398 1 1 2 0.41 1
164 4 4.5 0 0 8.3385 0.5 1.65639090538 0.101828676325 1 Clara  467.503444642 0.063 0.264347229939 1.05456222905 1 1 2 0.41 0
165 3 6 0 0 8.3385 0.5 1.99280405045 0.0972886524495 1 Clara  470.266635338 0.063 0.391169521777 1.395515398 1 1 2 0.41 0
166 4 6 0 1 11.2815 0.5 1.67670297623 0.137081086609 1 Clara  473.35538704500004 0.063 0.478625237745 1.03962188962 1 1 2 0.41 1
167 3 6 0 1 9.81 0.5 1.71295118332 0.0213952445771 1 Clara  476.15409471600015 0.063 0.562006034961 1.19155593874 1 1 2 0.41 1
168 3 6 0 0 12.753 0.5 1.59670805931 0.174651371488 1 Clara  478.96490452900025 0.063 0.240636416246 0.922056687823 1 1 2 0.41 0
169 4 6 0 0 8.3385 0.5 2.01655483246 0.121039434462 1 Clara  481.6722612950002 0.063 0.365391414116 1.395515398 1 1 2 0.41 0
170 4 4.5 0 1 12.753 0.5 1.46078085899 0.265766121866 1 Clara  484.7881932770001 0.063 0.318762150258 0.695014737127 1 1 2 0.41 1
171 3 4.5 0 1 11.2815 0.5 1.4914021492 0.207275462239 1 Clara  487.34602002500014 0.063 0.355574354312 0.784126686962 1 1 2 0.41 1
172 3 4.5 0 0 9.81 0.5 1.69206690788 0.292612945341 1 Clara  489.94017897699996 0.063 0.258269023291 0.899453962542 1 1 2 0.41 0
173 4 4.5 0 0 9.81 0.5 1.52246189117 0.123007928633 1 Clara  492.7383478480001 0.063 0.249559918927 0.899453962542 1 1 2 0.41 0
174 3 4.5 0 0 11.2815 0.5 1.4316868782 0.147560191243 1 Clara  495.3578590740003 0.063 0.223869599024 0.784126686962 1 1 2 0.41 0
175 3 4.5 0 0 12.753 0.5 1.35988903046 0.164874293329 1 Clara  497.9084819970003 0.063 0.180695837652 0.695014737127 1 1 2 0.41 0
176 3 6 0 0 11.2815 0.5 1.67319202423 0.133570134613 1 Clara  500.39520397000024 0.063 0.279771670485 1.03962188962 1 1 2 0.41 0
177 4 6 0 0 12.753 0.5 1.52556991577 0.103513227949 1 Clara  503.180535725 0.063 0.276545064446 0.922056687823 1 1 2 0.41 0
178 3 4.5 0 1 9.81 0.5 1.45571899414 0.0562650315988 1 Clara  505.805506359 0.063 0.405754760914 0.899453962542 1 1 2 0.41 1
179 4 4.5 0 0 12.753 0.5 1.34335708618 0.148342349054 1 Clara  508.38273572100024 0.063 0.192863431832 0.695014737127 1 1 2 0.41 0
180 3 4.5 0 1 12.753 0.5 1.24213600159 0.0471212644595 1 Clara  510.850366184 0.063 0.321148418263 0.695014737127 1 1 2 0.41 1
181 3 6 0 0 9.81 0.5 1.79932999611 0.107774057367 1 Clara  513.2155904050001 0.063 0.302940214895 1.19155593874 1 1 2 0.41 0
182 4 4.5 0 1 8.3385 0.5 1.64508104324 0.0905188141886 1 Clara  516.1393140499999 0.063 0.485214224086 1.05456222905 1 1 2 0.41 1
183 3 6 0 1 12.753 0.5 1.77989912033 0.357842432508 1 Clara  518.8931169709999 0.063 0.435534568127 0.922056687823 1 1 2 0.41 1
184 4 6 0 1 12.753 0.5 1.60611701012 0.184060322294 1 Clara  521.7696269140001 0.063 0.459780577255 0.922056687823 1 1 2 0.41 1
185 4 6 0 1 6.867 0.5 2.40307688713 0.219319899555 1 Clara  524.4768801360001 0.063 0.821609932385 1.68375698758 1 1 2 0.41 1
186 4 4.5 0 0 11.2815 0.5 1.54372596741 0.259599280446 1 Clara  528.0083097000002 0.063 0.231418439648 0.784126686962 1 1 2 0.41 0
187 3 4.5 0 0 6.867 0.5 2.12622284889 0.351891974073 1 Clara  530.6485214290001 0.063 0.360204316555 1.27433087482 1 1 2 0.41 0
188 3 4.5 0 1 6.867 0.5 2.07030200958 0.295971134763 1 Clara  533.89671318 0.063 0.61909664786 1.27433087482 1 1 2 0.41 1
189 4 6 0 0 11.2815 0.5 1.81796598434 0.278344094726 1 Clara  537.088312331 0.063 0.267602229325 1.03962188962 1 1 2 0.41 0
190 3 4.5 0 1 8.3385 0.5 1.71400499344 0.159442764384 1 Clara  540.0355748930001 0.063 0.525599624811 1.05456222905 1 1 2 0.41 1
191 4 4.5 0 0 6.867 0.5 1.96240115166 0.188070276838 1 Clara  542.8537567369999 0.063 0.365297212472 1.27433087482 1 1 2 0.41 0
192 3 6 0 1 11.2815 0.5 1.70992898941 0.170307099792 1 Clara  545.94307278 0.063 0.509774157721 1.03962188962 1 1 2 0.41 1
193 3 4.5 0 0 8.3385 0.5 1.7374560833 0.182893854243 1 Clara  548.760278618 0.063 0.295031152618 1.05456222905 1 1 2 0.41 0
194 3 6 0 0 6.867 0.5 2.32483315468 0.141076167103 1 Clara  551.6066944029999 0.063 0.451767330689 1.68375698758 1 1 2 0.41 0
195 4 6 0 1 9.81 0.5 1.75227713585 0.060721197107 1 Clara  555.0307428810002 0.063 0.577907981706 1.19155593874 1 1 2 0.41 1
196 3 6 0 1 6.867 0.5 2.34489107132 0.161134083744 1 Clara  557.8867023600001 0.063 0.821518175904 1.68375698758 1 1 2 0.41 1
197 4 6 0 1 8.3385 0.5 2.25283312798 0.357317729979 1 Clara  561.3649838690003 0.063 0.669456052976 1.395515398 1 1 2 0.41 1
198 4 6 0 0 6.867 0.5 2.33164906502 0.147892077442 1 Clara  564.722488159 0.063 0.447771594625 1.68375698758 1 1 2 0.41 0
199 4 6 0 0 9.81 0.5 2.01054000854 0.318984069803 1 Clara  568.171847398 0.063 0.338907977607 1.19155593874 1 1 2 0.41 0
200 3 6 0 0 12.753 0.5 1.66785597801 0.245799290189 1 Clara  571.2935433990001 0.063 0.265602864276 0.922056687823 1 1 2 0.41 0
201 4 4.5 0 0 9.81 0.5 1.58389210701 0.184438144468 1 Clara  574.0656995110003 0.063 0.23689912429 0.899453962542 1 1 2 0.41 0
202 3 4.5 0 1 9.81 0.5 1.64208602905 0.242632066511 1 Clara  576.7509118040002 0.063 0.432345826271 0.899453962542 1 1 2 0.41 1
203 4 6 0 0 8.3385 0.5 2.05675387383 0.161238475829 1 Clara  580.0538368350003 0.063 0.374888300208 1.395515398 1 1 2 0.41 0
204 3 4.5 0 0 12.753 0.5 1.34860706329 0.153592326166 1 Clara  582.6463605630001 0.063 0.179421852315 0.695014737127 1 1 2 0.41 0
205 4 6 0 1 11.2815 0.5 1.88973093033 0.35010904071 1 Clara  585.0978097320003 0.063 0.488899838536 1.03962188962 1 1 2 0.41 1
206 4 4.5 0 0 11.2815 0.5 1.50145411491 0.217327427952 1 Clara  588.0962623630003 0.063 0.225145758494 0.784126686962 1 1 2 0.41 0
207 4 6 0 1 8.3385 0.5 2.09995293617 0.204437538176 1 Clara  590.697821752 0.063 0.694564820978 1.395515398 1 1 2 0.41 1
208 4 6 0 1 12.753 0.5 1.65549206734 0.233435379514 1 Clara  593.9184833530003 0.063 0.457832385025 0.922056687823 1 1 2 0.41 1
209 3 6 0 1 11.2815 0.5 1.66016793251 0.120546042892 1 Clara  596.6769817540003 0.063 0.475375061408 1.03962188962 1 1 2 0.41 1
210 3 6 0 1 6.867 0.5 2.52274703979 0.338990052219 1 Clara  599.4626702210003 0.063 0.829302472287 1.68375698758 1 1 2 0.41 1
211 4 6 0 1 6.867 0.5 2.42517805099 0.241421063419 1 Clara  603.0819842630003 0.063 0.758905675448 1.68375698758 1 1 2 0.41 1
212 3 6 0 0 11.2815 0.5 1.70592689514 0.166305005523 1 Clara  606.6278752840003 0.063 0.285602963806 1.03962188962 1 1 2 0.41 0
213 4 4.5 0 0 12.753 0.5 1.2791929245 0.0841781873721 1 Clara  609.4532155340003 0.063 0.194235813709 0.695014737127 1 1 2 0.41 0
214 3 6 0 1 12.753 0.5 1.67896199226 0.256905304441 1 Clara  611.842696529 0.063 0.420652189539 0.922056687823 1 1 2 0.41 1
215 3 6 0 0 8.3385 0.5 1.97815704346 0.082641645461 1 Clara  614.6421700790002 0.063 0.375436365709 1.395515398 1 1 2 0.41 0
216 3 6 0 1 9.81 0.5 1.81671881676 0.125162878015 1 Clara  617.719959606 0.063 0.547786099713 1.19155593874 1 1 2 0.41 1
217 3 4.5 0 1 11.2815 0.5 1.43143391609 0.14730722913 1 Clara  620.6276755409999 0.063 0.371306777267 0.784126686962 1 1 2 0.41 1
218 3 6 0 1 8.3385 0.5 1.94565796852 0.0501425705251 1 Clara  623.1658187920002 0.063 0.66074987136 1.395515398 1 1 2 0.41 1
219 4 4.5 0 0 6.867 0.5 1.95823192596 0.183901051145 1 Clara  626.2294329609999 0.063 0.3778224706 1.27433087482 1 1 2 0.41 0
220 4 4.5 0 1 9.81 0.5 1.56542611122 0.16597214868 1 Clara  629.297564898 0.063 0.432616394383 0.899453962542 1 1 2 0.41 1
221 3 4.5 0 1 8.3385 0.5 1.81288909912 0.258326870066 1 Clara  631.9855038310002 0.063 0.500831612732 1.05456222905 1 1 2 0.41 1
222 4 4.5 0 1 12.753 0.5 1.45751810074 0.262503363611 1 Clara  634.886121217 0.063 0.325013164718 0.695014737127 1 1 2 0.41 1
223 4 6 0 1 9.81 0.5 1.75026202202 0.0587060832765 1 Clara  637.4461076100001 0.063 0.583272125242 1.19155593874 1 1 2 0.41 1
224 3 6 0 0 6.867 0.5 2.29935693741 0.115599949833 1 Clara  640.3021198020001 0.063 0.468682230307 1.68375698758 1 1 2 0.41 0
225 3 6 0 0 9.81 0.5 1.87545609474 0.183900156 1 Clara  643.7327486940003 0.063 0.306072706468 1.19155593874 1 1 2 0.41 0
226 3 4.5 0 0 6.867 0.5 1.82367992401 0.0493490491921 1 Clara  646.7135360480002 0.063 0.358637061484 1.27433087482 1 1 2 0.41 0
227 4 6 0 0 11.2815 0.5 1.6093108654 0.069688975784 1 Clara  649.6357966710002 0.063 0.276536751595 1.03962188962 1 1 2 0.41 0
228 4 4.5 0 1 11.2815 0.5 1.34343099594 0.0593043089794 1 Clara  652.3531797549999 0.063 0.364262996419 0.784126686962 1 1 2 0.41 1
229 4 4.5 0 0 8.3385 0.5 1.60581707954 0.0512548504893 1 Clara  654.792878836 0.063 0.301151980757 1.05456222905 1 1 2 0.41 0
230 4 6 0 0 6.867 0.5 2.35852503777 0.17476805019 1 Clara  657.5289669439999 0.063 0.487732545068 1.68375698758 1 1 2 0.41 0
231 4 6 0 0 12.753 0.5 1.69708704948 0.275030361661 1 Clara  660.9833805570001 0.063 0.241306328509 0.922056687823 1 1 2 0.41 0
232 3 4.5 0 0 9.81 0.5 1.57929515839 0.179841195844 1 Clara  663.8013852470003 0.063 0.229833322411 0.899453962542 1 1 2 0.41 0
233 4 6 0 0 9.81 0.5 1.86726808548 0.175712146738 1 Clara  666.4833154840003 0.063 0.355200762121 1.19155593874 1 1 2 0.41 0
234 3 4.5 0 0 11.2815 0.5 1.46479177475 0.180665087788 1 Clara  669.4729530489999 0.063 0.219063378786 0.784126686962 1 1 2 0.41 0
235 3 4.5 0 0 8.3385 0.5 1.72519302368 0.170630794627 1 Clara  672.0444786600001 0.063 0.284812730889 1.05456222905 1 1 2 0.41 0
236 3 4.5 0 1 12.753 0.5 1.42761087418 0.232596137049 1 Clara  674.8810933489999 0.063 0.325990994433 0.695014737127 1 1 2 0.41 1
237 3 4.5 0 1 6.867 0.5 1.83112192154 0.0567910467201 1 Clara  677.4318653260002 0.063 0.58479485645 1.27433087482 1 1 2 0.41 1
238 4 4.5 0 1 8.3385 0.5 1.69879007339 0.14422784434 1 Clara  680.3501398840003 0.063 0.4846159318 1.05456222905 1 1 2 0.41 1
239 4 4.5 0 1 6.867 0.5 1.71846103668 -0.055869838137 1 Clara  683.1483897319999 0.063 0.63283501045 1.27433087482 1 1 2 0.41 1
240 3 4.5 0 0 11.2815 0.5 1.59300899506 0.308882308094 1 Clara  685.9817544960001 0.063 0.212578347512 0.784126686962 1 1 2 0.41 0
241 3 6 0 0 6.867 0.5 2.56730484962 0.383547862049 1 Clara  688.6804074460001 0.063 0.450586689567 1.68375698758 1 1 2 0.41 0
242 3 6 0 0 12.753 0.5 1.5095410347 0.0874843468757 1 Clara  692.3546175649999 0.063 0.259323724648 0.922056687823 1 1 2 0.41 0
243 4 6 0 1 12.753 0.5 1.47128605843 0.0492293706031 1 Clara  694.9799261160001 0.063 0.420426710843 0.922056687823 1 1 2 0.41 1
244 3 6 0 1 11.2815 0.5 1.53633499146 -0.00328689816315 1 Clara  697.5508580390001 0.063 0.504059782807 1.03962188962 1 1 2 0.41 1
245 3 6 0 0 11.2815 0.5 1.7740240097 0.234402120086 1 Clara  700.188471119 0.063 0.278780962934 1.03962188962 1 1 2 0.41 0
246 3 4.5 0 1 11.2815 0.5 1.45440506935 0.170278382389 1 Clara  703.042033743 0.063 0.372951530361 0.784126686962 1 1 2 0.41 1
247 4 6 0 0 8.3385 0.5 2.08229207993 0.186776681929 1 Clara  705.5986630749999 0.063 0.351608542402 1.395515398 1 1 2 0.41 0
248 4 4.5 0 1 12.753 0.5 1.4732978344 0.278283097269 1 Clara  708.803048881 0.063 0.338561806219 0.695014737127 1 1 2 0.41 1
249 4 6 0 1 6.867 0.5 2.19365501404 0.00989802646255 1 Clara  711.395237106 0.063 0.770455534206 1.68375698758 1 1 2 0.41 1
250 3 4.5 0 1 9.81 0.5 1.54082012177 0.141366159223 1 Clara  714.695450576 0.063 0.430004583168 0.899453962542 1 1 2 0.41 1
251 3 4.5 0 1 6.867 0.5 1.98817491531 0.213844040495 1 Clara  717.3396072710002 0.063 0.573864878057 1.27433087482 1 1 2 0.41 1
252 3 4.5 0 0 6.867 0.5 1.95153999329 0.177209118467 1 Clara  720.4407285780003 0.063 0.337639172217 1.27433087482 1 1 2 0.41 0
253 4 4.5 0 1 11.2815 0.5 1.41607189178 0.131945204823 1 Clara  723.5065758260002 0.063 0.370734055436 0.784126686962 1 1 2 0.41 1
254 4 4.5 0 0 12.753 0.5 1.61773180962 0.422717072489 1 Clara  726.029938012 0.063 0.183092996963 0.695014737127 1 1 2 0.41 0
255 3 6 0 1 12.753 0.5 1.54950809479 0.127451406965 1 Clara  728.762135516 0.063 0.443070523056 0.922056687823 1 1 2 0.41 1
256 4 4.5 0 1 8.3385 0.5 1.59775280952 0.0431905804698 1 Clara  731.436749643 0.063 0.519088698278 1.05456222905 1 1 2 0.41 1
257 4 4.5 0 0 11.2815 0.5 1.42425704002 0.140130353062 1 Clara  734.1391474830002 0.063 0.231293096694 0.784126686962 1 1 2 0.41 0
258 3 6 0 1 6.867 0.5 2.39991998672 0.216162999149 1 Clara  736.6849437640003 0.063 0.806911397461 1.68375698758 1 1 2 0.41 1
259 4 6 0 0 6.867 0.5 2.2750890255 0.0913320379219 1 Clara  740.2044679600003 0.063 0.495895253139 1.68375698758 1 1 2 0.41 0
260 4 6 0 1 11.2815 0.5 1.68972802162 0.150106132003 1 Clara  743.591993301 0.063 0.479091939751 1.03962188962 1 1 2 0.41 1
261 3 4.5 0 1 12.753 0.5 1.3895418644 0.194527127268 1 Clara  746.4170203670001 0.063 0.315756930263 0.695014737127 1 1 2 0.41 1
262 4 4.5 0 1 9.81 0.5 1.56865692139 0.169202958845 1 Clara  748.9175987399999 0.063 0.437640646064 0.899453962542 1 1 2 0.41 1
263 3 4.5 0 0 9.81 0.5 1.54298114777 0.143527185224 1 Clara  751.6096659240002 0.063 0.233370813152 0.899453962542 1 1 2 0.41 0
264 3 4.5 0 0 12.753 0.5 1.35684704781 0.161832310678 1 Clara  754.2571262400002 0.063 0.176065453952 0.695014737127 1 1 2 0.41 0
265 4 4.5 0 0 9.81 0.5 1.60271692276 0.203262960218 1 Clara  756.7297463340001 0.063 0.265569704873 0.899453962542 1 1 2 0.41 0
266 4 6 0 0 9.81 0.5 1.8834810257 0.191925086954 1 Clara  759.4483976189999 0.063 0.345246473132 1.19155593874 1 1 2 0.41 0
267 3 6 0 0 9.81 0.5 1.93504905701 0.243493118265 1 Clara  762.4476318890001 0.063 0.316615411633 1.19155593874 1 1 2 0.41 0
268 3 6 0 1 8.3385 0.5 1.80504798889 -0.0904674091045 1 Clara  765.4978200989999 0.063 0.662636287351 1.395515398 1 1 2 0.41 1
269 3 4.5 0 0 8.3385 0.5 1.66647315025 0.111910921199 1 Clara  768.4196733099998 0.063 0.304351062163 1.05456222905 1 1 2 0.41 0
270 4 6 0 0 11.2815 0.5 1.66805696487 0.128435075256 1 Clara  771.2001743800001 0.063 0.30608454007 1.03962188962 1 1 2 0.41 0
271 4 6 0 1 8.3385 0.5 1.77964305878 -0.115872339219 1 Clara  773.9855488250005 0.063 0.693473538874 1.395515398 1 1 2 0.41 1
272 4 6 0 0 12.753 0.5 1.56734704971 0.14529036189 1 Clara  776.8704774710004 0.063 0.252516805076 0.922056687823 1 1 2 0.41 0
273 4 6 0 1 9.81 0.5 1.89017105103 0.198615112283 1 Clara  779.5354989340003 0.063 0.57442619348 1.19155593874 1 1 2 0.41 1
274 3 6 0 0 8.3385 0.5 2.02939605713 0.133880659133 1 Clara  782.539484078 0.063 0.418229108971 1.395515398 1 1 2 0.41 0
275 4 4.5 0 1 6.867 0.5 1.7590110302 -0.015319844622 1 Clara  785.690333259 0.063 0.596462095739 1.27433087482 1 1 2 0.41 1
276 3 4.5 0 1 8.3385 0.5 1.58206915855 0.0275069294993 1 Clara  788.5658015139998 0.063 0.509374036384 1.05456222905 1 1 2 0.41 1
277 4 4.5 0 0 8.3385 0.5 1.80155587196 0.246993642909 1 Clara  791.2824827320001 0.063 0.279009043083 1.05456222905 1 1 2 0.41 0
278 3 6 0 1 9.81 0.5 3.10349488258 1.41193894384 1 Clara  796.0119328999999 0.063 0.537004375814 1.19155593874 1 1 2 0.41 1
279 4 4.5 0 0 6.867 0.5 2.01926493645 0.244934061628 1 Clara  798.3932986190002 0.063 0.352051143255 1.27433087482 1 1 2 0.41 0
280 3 6 0 1 8.3385 0.5 2.06639099121 0.170875593215 1 Clara  801.5299691950004 0.063 0.631135144523 1.395515398 1 1 2 0.41 1
281 4 4.5 0 1 12.753 0.5 1.29956197739 0.104547240259 1 Clara  804.7009485919998 0.063 0.314668748455 0.695014737127 1 1 2 0.41 1
282 4 4.5 0 1 6.867 0.5 1.76697516441 -0.00735571040571 1 Clara  807.1041667500003 0.063 0.618142118798 1.27433087482 1 1 2 0.41 1
283 3 6 0 0 9.81 0.5 1.91124606133 0.219690122583 1 Clara  809.9575508910002 0.063 0.343103240591 1.19155593874 1 1 2 0.41 0
284 4 4.5 0 1 8.3385 0.5 1.61780691147 0.0632446824137 1 Clara  813.0005794010003 0.063 0.492636801082 1.05456222905 1 1 2 0.41 1
285 4 4.5 0 0 11.2815 0.5 1.42397618294 0.139849495976 1 Clara  815.7456315320005 0.063 0.227754985154 0.784126686962 1 1 2 0.41 0
286 3 4.5 0 1 8.3385 0.5 1.59577488899 0.0412126599375 1 Clara  818.2831775289997 0.063 0.521610592427 1.05456222905 1 1 2 0.41 1
287 4 6 0 0 8.3385 0.5 2.15320587158 0.257690473586 1 Clara  820.9928911839997 0.063 0.406582191653 1.395515398 1 1 2 0.41 0
288 3 6 0 1 6.867 0.5 2.16812181473 -0.0156351728478 1 Clara  824.2786186399999 0.063 0.799853470555 1.68375698758 1 1 2 0.41 1
289 3 6 0 1 12.753 0.5 1.74352002144 0.321463333616 1 Clara  827.571111792 0.063 0.454508425047 0.922056687823 1 1 2 0.41 1
290 4 6 0 1 11.2815 0.5 1.78278493881 0.243163049194 1 Clara  830.4416801320003 0.063 0.500255424264 1.03962188962 1 1 2 0.41 1
291 3 6 0 0 8.3385 0.5 2.12337207794 0.227856679946 1 Clara  833.2883487529998 0.063 0.366254359084 1.395515398 1 1 2 0.41 0
292 3 4.5 0 0 8.3385 0.5 1.80983805656 0.25527582751 1 Clara  836.5369449919999 0.063 0.27006124755 1.05456222905 1 1 2 0.41 0
293 3 6 0 0 6.867 0.5 2.43494987488 0.251192887302 1 Clara  839.4767594350005 0.063 0.429238599234 1.68375698758 1 1 2 0.41 0
294 4 4.5 0 0 6.867 0.5 2.0093228817 0.234992006879 1 Clara  842.9973737850005 0.063 0.345315897447 1.27433087482 1 1 2 0.41 0
295 4 6 0 1 8.3385 0.5 2.02894997597 0.133434577971 1 Clara  846.1068712440001 0.063 0.69038510086 1.395515398 1 1 2 0.41 1
296 4 6 0 0 6.867 0.5 2.48057198524 0.296814997669 1 Clara  849.2623818960001 0.063 0.490756330578 1.68375698758 1 1 2 0.41 0
297 3 6 0 0 12.753 0.5 1.61745595932 0.195399271497 1 Clara  852.8319581679998 0.063 0.253216780321 0.922056687823 1 1 2 0.41 0
298 4 4.5 0 1 9.81 0.5 1.47164392471 0.0721899621713 1 Clara  855.581897133 0.063 0.440833909854 0.899453962542 1 1 2 0.41 1
299 3 6 0 1 11.2815 0.5 1.75186705589 0.212245166275 1 Clara  858.1619536200005 0.063 0.506176407525 1.03962188962 1 1 2 0.41 1
300 4 6 0 1 12.753 0.5 1.67418599129 0.252129303464 1 Clara  861.0346992619998 0.063 0.443316632399 0.922056687823 1 1 2 0.41 1
301 3 4.5 0 1 9.81 0.5 1.55077600479 0.151322042249 1 Clara  863.8331457260001 0.063 0.414003111614 0.899453962542 1 1 2 0.41 1
302 4 4.5 0 0 9.81 0.5 1.60965800285 0.210204040312 1 Clara  866.470573695 0.063 0.233886491784 0.899453962542 1 1 2 0.41 0
303 4 6 0 0 9.81 0.5 1.90302801132 0.21147207258 1 Clara  869.1958544320005 0.063 0.34391156779 1.19155593874 1 1 2 0.41 0
304 4 6 0 1 9.81 0.5 1.7533249855 0.0617690467622 1 Clara  872.1970301179999 0.063 0.584152400538 1.19155593874 1 1 2 0.41 1
305 3 4.5 0 1 11.2815 0.5 1.52820706367 0.244080376713 1 Clara  875.090040989 0.063 0.367848783312 0.784126686962 1 1 2 0.41 1
306 3 6 0 1 9.81 0.5 1.95050501823 0.258949079492 1 Clara  877.7033900480001 0.063 0.567844124607 1.19155593874 1 1 2 0.41 1
307 4 4.5 0 1 11.2815 0.5 1.52271795273 0.238591265767 1 Clara  880.7734258179999 0.063 0.365679012577 0.784126686962 1 1 2 0.41 1
308 3 4.5 0 0 6.867 0.5 2.07123208046 0.29690120564 1 Clara  883.3935693900003 0.063 0.336099468942 1.27433087482 1 1 2 0.41 0
309 3 4.5 0 0 9.81 0.5 1.57777285576 0.178318893217 1 Clara  886.5823456050002 0.063 0.229829027244 0.899453962542 1 1 2 0.41 0
310 4 6 0 0 11.2815 0.5 1.8002820015 0.260660111877 1 Clara  889.2709396629998 0.063 0.297964266701 1.03962188962 1 1 2 0.41 0
311 3 4.5 0 1 12.753 0.5 1.43166804314 0.236653306009 1 Clara  892.1795550690003 0.063 0.338690341963 0.695014737127 1 1 2 0.41 1
312 3 4.5 0 0 12.753 0.5 1.42519903183 0.230184294702 1 Clara  894.7131701220005 0.063 0.203127019996 0.695014737127 1 1 2 0.41 0
313 4 6 0 1 6.867 0.5 2.35633206367 0.172575076099 1 Clara  897.2506440449997 0.063 0.839889526412 1.68375698758 1 1 2 0.41 1
314 3 4.5 0 0 11.2815 0.5 1.46010708809 0.175980401127 1 Clara  900.7272821739998 0.063 0.220074071502 0.784126686962 1 1 2 0.41 0
315 4 4.5 0 0 12.753 0.5 1.54928612709 0.354271389963 1 Clara  903.2965994409997 0.063 0.176052171645 0.695014737127 1 1 2 0.41 0
316 3 4.5 0 1 6.867 0.5 1.93626499176 0.161934116941 1 Clara  905.9695098210004 0.063 0.604738667819 1.27433087482 1 1 2 0.41 1
317 4 4.5 0 0 8.3385 0.5 1.67967104912 0.125108820063 1 Clara  909.0274857129998 0.063 0.300578059292 1.05456222905 1 1 2 0.41 0
318 4 6 0 0 12.753 0.5 1.6450741291 0.223017441282 1 Clara  911.8244287910002 0.063 0.255144908746 0.922056687823 1 1 2 0.41 0
319 3 6 0 0 11.2815 0.5 1.6580350399 0.118413150284 1 Clara  914.6003847849997 0.063 0.278084951327 1.03962188962 1 1 2 0.41 0
