trial vx vy vz LongOcclusion g timeStill rTime TemporalError environment id pupiltime IOD OccludedTimeOfTrajectory FlightDuration Drag DragFirst block accuracy LongOcclusion
0 4 4.5 0 1 11.2815 0.5 3.75733399391 2.47320730695 1 Cristina  2.2631586890001927 0.055 0.385283442753 0.784126686962 1 1 2 0.76 1
1 4 6 0 0 9.81 0.5 1.84905600548 0.157500066736 1 Cristina  7.140169168999819 0.055 0.328024215602 1.19155593874 1 1 2 0.76 0
2 3 4.5 0 1 6.867 0.5 1.91372013092 0.139389256101 1 Cristina  10.120062898000015 0.055 0.582748037796 1.27433087482 1 1 2 0.76 1
3 4 4.5 0 1 12.753 0.5 1.31784701347 0.122832276346 1 Cristina  13.103923153999858 0.055 0.315515760154 0.695014737127 1 1 2 0.76 1
4 4 6 0 1 11.2815 0.5 1.59828591347 0.0586640238492 1 Cristina  15.531430536999778 0.055 0.513732602837 1.03962188962 1 1 2 0.76 1
5 3 6 0 0 12.753 0.5 1.56212091446 0.140064226636 1 Cristina  18.252230434000012 0.055 0.23747409061 0.922056687823 1 1 2 0.76 0
6 4 6 0 0 11.2815 0.5 1.63888192177 0.09926003215 1 Cristina  20.91948806099981 0.055 0.281768478075 1.03962188962 1 1 2 0.76 0
7 3 6 0 1 9.81 0.5 1.74287104607 0.0513151073243 1 Cristina  23.682372234000013 0.055 0.569285503584 1.19155593874 1 1 2 0.76 1
8 4 6 0 1 8.3385 0.5 1.94662022591 0.0511048279103 1 Cristina  26.53046299100015 0.055 0.673354313245 1.395515398 1 1 2 0.76 1
9 4 4.5 0 0 9.81 0.5 1.52122306824 0.121769105696 1 Cristina  29.597936550999748 0.055 0.249233685334 0.899453962542 1 1 2 0.76 0
10 3 4.5 0 0 11.2815 0.5 1.42167496681 0.13754827985 1 Cristina  32.24123974899976 0.055 0.220457923141 0.784126686962 1 1 2 0.76 0
11 3 4.5 0 0 6.867 0.5 1.83110284805 0.0567719732338 1 Cristina  34.78151900800003 0.055 0.379976875674 1.27433087482 1 1 2 0.76 0
12 4 4.5 0 0 8.3385 0.5 1.70194506645 0.147382837397 1 Cristina  37.71291600399991 0.055 0.273799925742 1.05456222905 1 1 2 0.76 0
13 4 6 0 1 9.81 0.5 1.69319987297 0.00164393422862 1 Cristina  40.538561197000035 0.055 0.585937472175 1.19155593874 1 1 2 0.76 1
14 3 6 0 1 12.753 0.5 1.50760483742 0.0855481495948 1 Cristina  43.345728749000045 0.055 0.439604696219 0.922056687823 1 1 2 0.76 1
15 3 4.5 0 0 12.753 0.5 1.34066295624 0.14564821911 1 Cristina  45.972718447999796 0.055 0.181109811319 0.695014737127 1 1 2 0.76 0
16 4 6 0 1 6.867 0.5 2.00542593002 -0.178331057552 1 Cristina  48.43185663799977 0.055 0.763731745708 1.68375698758 1 1 2 0.76 1
17 4 6 0 0 8.3385 0.5 1.9811899662 0.0856745682057 1 Cristina  51.54593699599991 0.055 0.363073862362 1.395515398 1 1 2 0.76 0
18 3 6 0 0 8.3385 0.5 1.97606515884 0.0805497608479 1 Cristina  54.65984328900004 0.055 0.358879009415 1.395515398 1 1 2 0.76 0
19 3 6 0 0 11.2815 0.5 1.70546793938 0.165846049759 1 Cristina  57.722088878999784 0.055 0.282594615394 1.03962188962 1 1 2 0.76 0
20 3 4.5 0 1 12.753 0.5 1.40888690948 0.213872172357 1 Cristina  60.554511017000095 0.055 0.320429301615 0.695014737127 1 1 2 0.76 1
21 3 4.5 0 1 9.81 0.5 1.51492285728 0.115468894743 1 Cristina  63.07700853899996 0.055 0.412591795735 0.899453962542 1 1 2 0.76 1
22 4 6 0 0 12.753 0.5 1.60528588295 0.183229195127 1 Cristina  65.68914805199984 0.055 0.269223733641 0.922056687823 1 1 2 0.76 0
23 4 4.5 0 1 6.867 0.5 1.75980305672 -0.0145278181022 1 Cristina  68.4136851889998 0.055 0.635522266386 1.27433087482 1 1 2 0.76 1
24 3 6 0 1 11.2815 0.5 1.67804908752 0.138427197906 1 Cristina  71.26694375899979 0.055 0.495162562343 1.03962188962 1 1 2 0.76 1
25 3 6 0 0 9.81 0.5 1.73591113091 0.0443551921632 1 Cristina  74.06541728499997 0.055 0.328912294694 1.19155593874 1 1 2 0.76 0
26 3 4.5 0 0 8.3385 0.5 1.71338295937 0.158820730311 1 Cristina  76.9037993779998 0.055 0.264494495099 1.05456222905 1 1 2 0.76 0
27 3 6 0 0 6.867 0.5 2.27980089188 0.0960439043007 1 Cristina  79.73264793199996 0.055 0.448844422324 1.68375698758 1 1 2 0.76 0
28 3 4.5 0 1 11.2815 0.5 1.42331981659 0.139193129628 1 Cristina  83.13056416800009 0.055 0.370325865463 0.784126686962 1 1 2 0.76 1
29 4 4.5 0 0 12.753 0.5 1.42249679565 0.227482058527 1 Cristina  85.67008060199987 0.055 0.195531258708 0.695014737127 1 1 2 0.76 0
30 3 4.5 0 0 9.81 0.5 1.51135897636 0.111905013822 1 Cristina  88.21241247499984 0.055 0.267087909396 0.899453962542 1 1 2 0.76 0
31 4 6 0 0 6.867 0.5 2.34542298317 0.161665995594 1 Cristina  90.83872092000001 0.055 0.458191491215 1.68375698758 1 1 2 0.76 0
32 3 6 0 1 8.3385 0.5 1.91202187538 0.0165064773854 1 Cristina  94.3165799190001 0.055 0.650389383199 1.395515398 1 1 2 0.76 1
33 3 6 0 1 6.867 0.5 2.06015110016 -0.123605887417 1 Cristina  97.34447740899986 0.055 0.784839048611 1.68375698758 1 1 2 0.76 1
34 4 4.5 0 1 9.81 0.5 1.47764205933 0.0781880967844 1 Cristina  100.52470371499976 0.055 0.440105758123 0.899453962542 1 1 2 0.76 1
35 3 4.5 0 1 8.3385 0.5 1.58686614037 0.0323039113108 1 Cristina  103.13572752900018 0.055 0.525131526865 1.05456222905 1 1 2 0.76 1
36 4 6 0 1 12.753 0.5 1.52231192589 0.100255238065 1 Cristina  105.83134462699991 0.055 0.419634295439 0.922056687823 1 1 2 0.76 1
37 4 4.5 0 0 6.867 0.5 1.8022351265 0.0279042516762 1 Cristina  108.46678728400002 0.055 0.34816248572 1.27433087482 1 1 2 0.76 0
38 4 4.5 0 0 11.2815 0.5 1.39028000832 0.106153321354 1 Cristina  111.38233196400006 0.055 0.224071616071 0.784126686962 1 1 2 0.76 0
39 4 4.5 0 1 8.3385 0.5 1.57713007927 0.0225678502146 1 Cristina  113.88892351499999 0.055 0.502749236444 1.05456222905 1 1 2 0.76 1
40 3 6 0 0 11.2815 0.5 1.60864186287 0.069019973251 1 Cristina  116.57992072500019 0.055 0.300472115358 1.03962188962 1 1 2 0.76 0
41 4 4.5 0 0 12.753 0.5 1.35804510117 0.163030364038 1 Cristina  119.32669370199983 0.055 0.181938019043 0.695014737127 1 1 2 0.76 0
42 4 4.5 0 1 11.2815 0.5 1.39616799355 0.112041306584 1 Cristina  121.82883979200005 0.055 0.35974241841 0.784126686962 1 1 2 0.76 1
43 3 4.5 0 0 8.3385 0.5 1.76497507095 0.210412841899 1 Cristina  124.24897275500007 0.055 0.275344588972 1.05456222905 1 1 2 0.76 0
44 4 6 0 0 12.753 0.5 1.54534387589 0.123287188062 1 Cristina  127.13725536999982 0.055 0.254801971507 0.922056687823 1 1 2 0.76 0
45 3 6 0 1 6.867 0.5 2.21745491028 0.0336979227028 1 Cristina  129.8081456609998 0.055 0.768103404005 1.68375698758 1 1 2 0.76 1
46 4 6 0 0 8.3385 0.5 2.06122398376 0.165708585769 1 Cristina  133.13235741300014 0.055 0.41107326862 1.395515398 1 1 2 0.76 0
47 3 4.5 0 1 8.3385 0.5 1.7179479599 0.163385730845 1 Cristina  136.31827976600016 0.055 0.493542235793 1.05456222905 1 1 2 0.76 1
48 4 4.5 0 1 9.81 0.5 1.60727787018 0.207823907636 1 Cristina  139.15619367499994 0.055 0.423958450702 0.899453962542 1 1 2 0.76 1
49 3 4.5 0 1 11.2815 0.5 1.45634794235 0.172221255391 1 Cristina  141.8622380480001 0.055 0.364791316213 0.784126686962 1 1 2 0.76 1
50 4 6 0 1 8.3385 0.5 1.83845114708 -0.0570642509166 1 Cristina  144.44746708399998 0.055 0.688614373265 1.395515398 1 1 2 0.76 1
51 4 6 0 0 9.81 0.5 1.88520097733 0.193645038583 1 Cristina  147.3944058699999 0.055 0.327341608343 1.19155593874 1 1 2 0.76 0
52 3 4.5 0 0 6.867 0.5 1.94463181496 0.170300940137 1 Cristina  150.38058925299993 0.055 0.3379528316 1.27433087482 1 1 2 0.76 0
53 4 6 0 1 12.753 0.5 1.59578204155 0.173725353727 1 Cristina  153.41302564399984 0.055 0.437536354638 0.922056687823 1 1 2 0.76 1
54 4 6 0 1 11.2815 0.5 1.59685206413 0.0572301745145 1 Cristina  156.11185665799985 0.055 0.490556617624 1.03962188962 1 1 2 0.76 1
55 4 6 0 1 9.81 0.5 1.6804227829 -0.011133155844 1 Cristina  158.8281826309999 0.055 0.594225822876 1.19155593874 1 1 2 0.76 1
56 4 6 0 0 6.867 0.5 2.36923289299 0.185475905415 1 Cristina  161.64173432799998 0.055 0.454159880745 1.68375698758 1 1 2 0.76 0
57 4 4.5 0 0 9.81 0.5 1.63426184654 0.234807884001 1 Cristina  165.12395869400007 0.055 0.257635532748 0.899453962542 1 1 2 0.76 0
58 3 4.5 0 0 9.81 0.5 1.61429691315 0.214842950605 1 Cristina  167.86842024199996 0.055 0.258805892491 0.899453962542 1 1 2 0.76 0
59 4 4.5 0 0 11.2815 0.5 1.46228504181 0.178158354847 1 Cristina  170.61376681399997 0.055 0.222031573204 0.784126686962 1 1 2 0.76 0
60 3 6 0 1 9.81 0.5 1.83592295647 0.144367017725 1 Cristina  173.2033720479999 0.055 0.566032080739 1.19155593874 1 1 2 0.76 1
61 4 4.5 0 1 12.753 0.5 1.41846895218 0.223454215052 1 Cristina  176.1487805769998 0.055 0.344623770711 0.695014737127 1 1 2 0.76 1
62 3 6 0 0 6.867 0.5 2.22702884674 0.0432718591652 1 Cristina  178.62132142200016 0.055 0.46096455209 1.68375698758 1 1 2 0.76 0
63 3 4.5 0 1 12.753 0.5 1.41341590881 0.218401171686 1 Cristina  181.97052528199993 0.055 0.338514174835 0.695014737127 1 1 2 0.76 1
64 3 4.5 0 0 11.2815 0.5 1.46696400642 0.182837319462 1 Cristina  184.48223090600004 0.055 0.19795721224 0.784126686962 1 1 2 0.76 0
65 4 6 0 0 11.2815 0.5 1.77054619789 0.230924308273 1 Cristina  187.04948038700013 0.055 0.311286078103 1.03962188962 1 1 2 0.76 0
66 3 4.5 0 0 12.753 0.5 1.42195892334 0.226944186212 1 Cristina  189.9566509450001 0.055 0.190716459413 0.695014737127 1 1 2 0.76 0
67 4 6 0 1 6.867 0.5 2.25293493271 0.0691779451332 1 Cristina  192.48652963199993 0.055 0.816504306583 1.68375698758 1 1 2 0.76 1
68 4 4.5 0 1 8.3385 0.5 1.64513587952 0.0905736504618 1 Cristina  195.8604509810002 0.055 0.516892122339 1.05456222905 1 1 2 0.76 1
69 4 4.5 0 0 6.867 0.5 1.90425395966 0.129923084837 1 Cristina  198.6294703409999 0.055 0.371215938129 1.27433087482 1 1 2 0.76 0
70 3 4.5 0 1 9.81 0.5 1.65392112732 0.254467164778 1 Cristina  201.6295729190001 0.055 0.435289333679 0.899453962542 1 1 2 0.76 1
71 3 6 0 0 12.753 0.5 1.54834008217 0.126283394346 1 Cristina  204.38304950400016 0.055 0.258467840282 0.922056687823 1 1 2 0.76 0
72 3 6 0 1 12.753 0.5 1.68138098717 0.259324299345 1 Cristina  207.05618887299988 0.055 0.458980235997 0.922056687823 1 1 2 0.76 1
73 4 4.5 0 0 8.3385 0.5 1.64331698418 0.0887547551219 1 Cristina  209.8597319720002 0.055 0.287287652065 1.05456222905 1 1 2 0.76 0
74 3 6 0 1 8.3385 0.5 1.87704992294 -0.0184654750529 1 Cristina  212.60096420699983 0.055 0.685517287404 1.395515398 1 1 2 0.76 1
75 3 6 0 0 9.81 0.5 1.80305099487 0.111495056131 1 Cristina  215.60379778100014 0.055 0.312392672566 1.19155593874 1 1 2 0.76 0
76 3 6 0 1 11.2815 0.5 1.5944788456 0.0548569559781 1 Cristina  218.52741828599983 0.055 0.502452460846 1.03962188962 1 1 2 0.76 1
77 3 4.5 0 1 6.867 0.5 1.75908088684 -0.0152499879783 1 Cristina  221.25957058999984 0.055 0.621551898114 1.27433087482 1 1 2 0.76 1
78 3 6 0 0 8.3385 0.5 2.02705192566 0.131536527663 1 Cristina  224.11224307200018 0.055 0.363915601658 1.395515398 1 1 2 0.76 0
79 4 4.5 0 1 6.867 0.5 1.74230217934 -0.0320286954826 1 Cristina  227.2491428459998 0.055 0.591380175711 1.27433087482 1 1 2 0.76 1
80 4 4.5 0 1 8.3385 0.5 1.61648607254 0.0619238434855 1 Cristina  230.1127862090002 0.055 0.486494902757 1.05456222905 1 1 2 0.76 1
81 4 4.5 0 1 11.2815 0.5 1.42112493515 0.136998248188 1 Cristina  232.8474884369998 0.055 0.381571957162 0.784126686962 1 1 2 0.76 1
82 4 4.5 0 0 6.867 0.5 2.00026082993 0.225929955106 1 Cristina  235.38830657400013 0.055 0.355407855402 1.27433087482 1 1 2 0.76 0
83 4 4.5 0 1 12.753 0.5 1.40246486664 0.207450129511 1 Cristina  238.498368605 0.055 0.340597839889 0.695014737127 1 1 2 0.76 1
84 4 6 0 1 12.753 0.5 1.48760199547 0.0655453076453 1 Cristina  241.03071361999991 0.055 0.439843415865 0.922056687823 1 1 2 0.76 1
85 3 4.5 0 1 11.2815 0.5 1.38018679619 0.0960601092266 1 Cristina  243.64818929400008 0.055 0.355501161137 0.784126686962 1 1 2 0.76 1
86 4 4.5 0 1 6.867 0.5 1.79647707939 0.0221462045723 1 Cristina  246.1340530010002 0.055 0.630720583622 1.27433087482 1 1 2 0.76 1
87 4 6 0 1 11.2815 0.5 1.64123988152 0.101617991897 1 Cristina  249.0315426809998 0.055 0.496537761175 1.03962188962 1 1 2 0.76 1
88 4 6 0 1 6.867 0.5 2.08862709999 -0.0951298875847 1 Cristina  251.78343044199983 0.055 0.784716609878 1.68375698758 1 1 2 0.76 1
89 4 6 0 0 6.867 0.5 2.31455302238 0.130796034809 1 Cristina  254.97372577399983 0.055 0.423015371248 1.68375698758 1 1 2 0.76 0
90 3 6 0 0 8.3385 0.5 2.05375003815 0.158234640151 1 Cristina  258.4106346419999 0.055 0.411463332733 1.395515398 1 1 2 0.76 0
91 3 6 0 1 12.753 0.5 1.60132002831 0.179263340482 1 Cristina  261.5892836060002 0.055 0.439847639135 0.922056687823 1 1 2 0.76 1
92 3 4.5 0 0 9.81 0.5 1.56803393364 0.168579971098 1 Cristina  264.3160280490001 0.055 0.242672411963 0.899453962542 1 1 2 0.76 0
93 3 4.5 0 0 11.2815 0.5 1.48593497276 0.201808285801 1 Cristina  267.0090175639998 0.055 0.219718339413 0.784126686962 1 1 2 0.76 0
94 3 6 0 1 11.2815 0.5 1.59956693649 0.0599450468747 1 Cristina  269.6107792590001 0.055 0.510129440894 1.03962188962 1 1 2 0.76 1
95 4 4.5 0 0 8.3385 0.5 1.7372379303 0.182675701243 1 Cristina  272.33291326100016 0.055 0.279393962608 1.05456222905 1 1 2 0.76 0
96 3 6 0 0 11.2815 0.5 1.67655301094 0.136931121322 1 Cristina  275.1835366710002 0.055 0.26958834393 1.03962188962 1 1 2 0.76 0
97 3 4.5 0 1 12.753 0.5 1.39335989952 0.198345162393 1 Cristina  277.9667937049999 0.055 0.315221951279 0.695014737127 1 1 2 0.76 1
98 3 4.5 0 1 9.81 0.5 1.51351380348 0.11405984094 1 Cristina  280.466041745 0.055 0.421667700345 0.899453962542 1 1 2 0.76 1
99 3 4.5 0 1 8.3385 0.5 1.60597681999 0.0514145909373 1 Cristina  283.0889028639999 0.055 0.487065279008 1.05456222905 1 1 2 0.76 1
100 3 6 0 0 9.81 0.5 1.79454684258 0.102990903833 1 Cristina  285.8210893380001 0.055 0.317963186411 1.19155593874 1 1 2 0.76 0
101 4 6 0 1 8.3385 0.5 1.89761614799 0.00210074999893 1 Cristina  288.72075213200014 0.055 0.6710454036 1.395515398 1 1 2 0.76 1
102 3 6 0 1 6.867 0.5 2.00660586357 -0.177151124004 1 Cristina  291.74979992100043 0.055 0.82143377571 1.68375698758 1 1 2 0.76 1
103 4 6 0 1 9.81 0.5 1.68606615067 -0.00548978807668 1 Cristina  294.87595851499964 0.055 0.55392246207 1.19155593874 1 1 2 0.76 1
104 4 4.5 0 0 12.753 0.5 1.41196894646 0.21695420933 1 Cristina  297.66803467599993 0.055 0.202385081374 0.695014737127 1 1 2 0.76 0
105 4 6 0 0 8.3385 0.5 1.98503279686 0.0895173988637 1 Cristina  300.2155264469998 0.055 0.357765383557 1.395515398 1 1 2 0.76 0
106 4 6 0 0 12.753 0.5 1.51110601425 0.0890493264289 1 Cristina  303.29993920900006 0.055 0.266144178985 0.922056687823 1 1 2 0.76 0
107 3 4.5 0 0 8.3385 0.5 1.68309593201 0.128533702952 1 Cristina  305.9299841369998 0.055 0.266250233613 1.05456222905 1 1 2 0.76 0
108 3 4.5 0 0 6.867 0.5 1.86775398254 0.0934231077248 1 Cristina  308.7205314309999 0.055 0.337250162704 1.27433087482 1 1 2 0.76 0
109 3 6 0 1 8.3385 0.5 1.89179396629 -0.00372143170273 1 Cristina  311.6808088980001 0.055 0.651481937268 1.395515398 1 1 2 0.76 1
110 3 6 0 0 6.867 0.5 2.21714901924 0.0333920316658 1 Cristina  314.6921858359997 0.055 0.467076379897 1.68375698758 1 1 2 0.76 0
111 3 6 0 1 9.81 0.5 1.80190896988 0.110353031137 1 Cristina  318.0407014520001 0.055 0.585327920473 1.19155593874 1 1 2 0.76 1
112 3 4.5 0 0 12.753 0.5 1.35319495201 0.158180214884 1 Cristina  320.9692688930004 0.055 0.180055343674 0.695014737127 1 1 2 0.76 0
113 4 6 0 0 11.2815 0.5 1.63597989082 0.0963580012051 1 Cristina  323.42779770399966 0.055 0.28314340308 1.03962188962 1 1 2 0.76 0
114 4 4.5 0 0 9.81 0.5 1.5184431076 0.118989145063 1 Cristina  326.1872912490003 0.055 0.227391221042 0.899453962542 1 1 2 0.76 0
115 4 4.5 0 1 9.81 0.5 1.57051515579 0.17106119325 1 Cristina  328.81231864899974 0.055 0.406260134989 0.899453962542 1 1 2 0.76 1
116 4 4.5 0 0 11.2815 0.5 1.39106297493 0.106936287968 1 Cristina  331.50412714999993 0.055 0.233254527625 0.784126686962 1 1 2 0.76 0
117 3 4.5 0 1 6.867 0.5 1.73944377899 -0.0348870958275 1 Cristina  334.0022315990004 0.055 0.606409147284 1.27433087482 1 1 2 0.76 1
118 3 6 0 0 12.753 0.5 1.63932108879 0.217264400968 1 Cristina  336.8671803350003 0.055 0.259255874572 0.922056687823 1 1 2 0.76 0
119 4 6 0 0 9.81 0.5 1.80014300346 0.108587064722 1 Cristina  339.62725328700026 0.055 0.351373957666 1.19155593874 1 1 2 0.76 0
120 3 6 0 0 8.3385 0.5 2.02492213249 0.129406734496 1 Cristina  342.52836637300015 0.055 0.405923138522 1.395515398 1 1 2 0.76 0
121 3 4.5 0 0 8.3385 0.5 1.67275619507 0.118193966014 1 Cristina  345.66651096299984 0.055 0.31373432364 1.05456222905 1 1 2 0.76 0
122 4 4.5 0 0 12.753 0.5 1.38906383514 0.194049098017 1 Cristina  348.4670683720001 0.055 0.193622660875 0.695014737127 1 1 2 0.76 0
123 4 4.5 0 0 11.2815 0.5 1.545773983 0.26164729604 1 Cristina  350.95515506899983 0.055 0.212241335251 0.784126686962 1 1 2 0.76 0
124 4 6 0 1 8.3385 0.5 1.84348988533 -0.0520255126659 1 Cristina  353.615632558 0.055 0.694374203796 1.395515398 1 1 2 0.76 1
125 4 6 0 0 6.867 0.5 2.29204893112 0.108291943546 1 Cristina  356.5783266559997 0.055 0.483414104126 1.68375698758 1 1 2 0.76 0
126 3 4.5 0 1 11.2815 0.5 1.48644804955 0.202321362584 1 Cristina  359.9983905989998 0.055 0.371034780055 0.784126686962 1 1 2 0.76 1
127 4 6 0 1 11.2815 0.5 1.68918085098 0.149558961364 1 Cristina  362.60135289300024 0.055 0.499991131862 1.03962188962 1 1 2 0.76 1
128 3 6 0 1 9.81 0.5 1.76974201202 0.078186073282 1 Cristina  365.41425621400003 0.055 0.547525824985 1.19155593874 1 1 2 0.76 1
129 3 6 0 0 6.867 0.5 2.29026603699 0.106509049412 1 Cristina  368.29490360499994 0.055 0.495041139128 1.68375698758 1 1 2 0.76 0
130 4 4.5 0 1 12.753 0.5 1.40600395203 0.210989214899 1 Cristina  371.70986072799997 0.055 0.340643838688 0.695014737127 1 1 2 0.76 1
131 3 6 0 0 9.81 0.5 1.9212539196 0.229697980859 1 Cristina  374.22774011499996 0.055 0.35163463512 1.19155593874 1 1 2 0.76 0
132 4 4.5 0 1 8.3385 0.5 1.64184904099 0.0872868119303 1 Cristina  377.26324481599977 0.055 0.492791645796 1.05456222905 1 1 2 0.76 1
133 3 6 0 0 11.2815 0.5 1.72057509422 0.180953204605 1 Cristina  379.99976319999996 0.055 0.295627719971 1.03962188962 1 1 2 0.76 0
134 4 6 0 0 12.753 0.5 1.62672805786 0.204671370039 1 Cristina  382.84381657400036 0.055 0.255016242885 0.922056687823 1 1 2 0.76 0
135 3 6 0 0 12.753 0.5 1.64601707458 0.223960386762 1 Cristina  385.5961524070003 0.055 0.264619738419 0.922056687823 1 1 2 0.76 0
136 4 4.5 0 0 6.867 0.5 1.9493329525 0.17500207768 1 Cristina  388.36443488099985 0.055 0.372176615318 1.27433087482 1 1 2 0.76 0
137 3 4.5 0 1 9.81 0.5 1.60616707802 0.206713115476 1 Cristina  391.4354610149999 0.055 0.406962933839 0.899453962542 1 1 2 0.76 1
138 4 4.5 0 0 9.81 0.5 1.49298596382 0.0935320012796 1 Cristina  394.16065634399956 0.055 0.244537241832 0.899453962542 1 1 2 0.76 0
139 3 6 0 1 6.867 0.5 2.08335399628 -0.100402991299 1 Cristina  396.7603647669998 0.055 0.784612334811 1.68375698758 1 1 2 0.76 1
140 4 6 0 0 11.2815 0.5 1.64938402176 0.109762132141 1 Cristina  399.9680464050002 0.055 0.266239002228 1.03962188962 1 1 2 0.76 0
141 4 4.5 0 0 8.3385 0.5 1.72062706947 0.166064840419 1 Cristina  402.75138876400024 0.055 0.267594706365 1.05456222905 1 1 2 0.76 0
142 4 4.5 0 1 6.867 0.5 1.84922599792 0.0748951231056 1 Cristina  405.5849460659997 0.055 0.598284794007 1.27433087482 1 1 2 0.76 1
143 3 6 0 1 12.753 0.5 1.60337400436 0.181317316541 1 Cristina  408.55948847399986 0.055 0.4248056706 0.922056687823 1 1 2 0.76 1
144 4 6 0 1 9.81 0.5 1.71883201599 0.0272760772492 1 Cristina  411.262722168 0.055 0.553962465989 1.19155593874 1 1 2 0.76 1
145 4 6 0 1 6.867 0.5 2.05036115646 -0.133395831112 1 Cristina  414.0873571569996 0.055 0.83776193112 1.68375698758 1 1 2 0.76 1
146 4 6 0 0 9.81 0.5 1.8105700016 0.11901406286 1 Cristina  417.2519428139999 0.055 0.357105476971 1.19155593874 1 1 2 0.76 0
147 4 4.5 0 1 9.81 0.5 1.53824901581 0.138795053266 1 Cristina  420.17120820399987 0.055 0.430615541174 0.899453962542 1 1 2 0.76 1
148 3 6 0 1 11.2815 0.5 1.62782001495 0.0881981253354 1 Cristina  422.8329808599997 0.055 0.468617669118 1.03962188962 1 1 2 0.76 1
149 3 6 0 1 8.3385 0.5 1.79486489296 -0.100650505036 1 Cristina  425.5686860359997 0.055 0.686095724733 1.395515398 1 1 2 0.76 1
150 3 4.5 0 0 9.81 0.5 1.55677103996 0.157317077421 1 Cristina  428.50135864199956 0.055 0.243725467619 0.899453962542 1 1 2 0.76 0
151 3 4.5 0 1 8.3385 0.5 1.61366415024 0.0591019211833 1 Cristina  431.1857838130004 0.055 0.512294224099 1.05456222905 1 1 2 0.76 1
152 3 4.5 0 1 6.867 0.5 1.76642894745 -0.00790192737044 1 Cristina  433.91306617799955 0.055 0.594627400189 1.27433087482 1 1 2 0.76 1
153 4 6 0 0 8.3385 0.5 1.95975208282 0.0642366848286 1 Cristina  437.15714722799976 0.055 0.372487548827 1.395515398 1 1 2 0.76 0
154 4 6 0 1 12.753 0.5 1.54224014282 0.120183454999 1 Cristina  439.8329353590002 0.055 0.45063387238 0.922056687823 1 1 2 0.76 1
155 3 4.5 0 0 12.753 0.5 1.38140797615 0.186393239023 1 Cristina  442.48829156700003 0.055 0.20825135575 0.695014737127 1 1 2 0.76 0
156 3 4.5 0 1 12.753 0.5 1.37656497955 0.181550242426 1 Cristina  444.9814506460002 0.055 0.318408966388 0.695014737127 1 1 2 0.76 1
157 3 4.5 0 0 11.2815 0.5 1.41237282753 0.128246140568 1 Cristina  447.48805408399994 0.055 0.221443582342 0.784126686962 1 1 2 0.76 0
158 4 4.5 0 1 11.2815 0.5 1.40621995926 0.122093272297 1 Cristina  450.0128660149999 0.055 0.39007379871 0.784126686962 1 1 2 0.76 1
159 3 4.5 0 0 6.867 0.5 1.93855786324 0.164226988416 1 Cristina  452.5138380929998 0.055 0.346593395569 1.27433087482 1 1 2 0.76 0
160 3 4.5 0 1 6.867 0.5 1.83031010628 0.0559792314583 1 Cristina  455.5804864119996 0.055 0.584257578137 1.27433087482 1 1 2 0.76 1
161 3 6 0 1 11.2815 0.5 1.73364710808 0.19402521846 1 Cristina  458.5270736540001 0.055 0.506169223561 1.03962188962 1 1 2 0.76 1
162 4 4.5 0 1 6.867 0.5 1.84170007706 0.0673692022377 1 Cristina  461.37381660300025 0.055 0.587692540292 1.27433087482 1 1 2 0.76 1
163 3 6 0 0 8.3385 0.5 2.09868192673 0.203166528731 1 Cristina  464.3302853379996 0.055 0.397523223749 1.395515398 1 1 2 0.76 0
164 4 6 0 0 8.3385 0.5 2.00592899323 0.110413595229 1 Cristina  467.54998499899966 0.055 0.358170053687 1.395515398 1 1 2 0.76 0
165 4 6 0 0 6.867 0.5 2.31874084473 0.134983857151 1 Cristina  470.6714165850003 0.055 0.456633142611 1.68375698758 1 1 2 0.76 0
166 4 4.5 0 0 11.2815 0.5 1.44885206223 0.164725375264 1 Cristina  474.1178834159996 0.055 0.20815650425 0.784126686962 1 1 2 0.76 0
167 4 4.5 0 1 9.81 0.5 1.44714093208 0.0476869695413 1 Cristina  476.6828935190001 0.055 0.416440720746 0.899453962542 1 1 2 0.76 1
168 3 4.5 0 0 9.81 0.5 1.57895898819 0.179505025648 1 Cristina  479.245859438 0.055 0.245304327185 0.899453962542 1 1 2 0.76 0
169 3 6 0 0 6.867 0.5 2.27835607529 0.0945990877113 1 Cristina  481.9480149719998 0.055 0.448266639011 1.68375698758 1 1 2 0.76 0
170 3 4.5 0 0 6.867 0.5 1.89800000191 0.123669127088 1 Cristina  485.30094611699997 0.055 0.359019744787 1.27433087482 1 1 2 0.76 0
171 4 4.5 0 1 8.3385 0.5 1.70481681824 0.150254589183 1 Cristina  488.3153968749998 0.055 0.476668735472 1.05456222905 1 1 2 0.76 1
172 4 6 0 0 12.753 0.5 1.70000100136 0.277944313535 1 Cristina  491.1400243789999 0.055 0.26025740674 0.922056687823 1 1 2 0.76 0
173 4 6 0 1 9.81 0.5 1.81407403946 0.122518100717 1 Cristina  493.946478284 0.055 0.568341146501 1.19155593874 1 1 2 0.76 1
174 4 6 0 1 6.867 0.5 2.1528711319 -0.0308858556786 1 Cristina  496.8559350290002 0.055 0.835433360215 1.68375698758 1 1 2 0.76 1
175 3 4.5 0 1 12.753 0.5 1.43120598793 0.236191250803 1 Cristina  500.15526444299985 0.055 0.3174111066 0.695014737127 1 1 2 0.76 1
176 3 6 0 0 11.2815 0.5 1.74513196945 0.205510079834 1 Cristina  502.687728849 0.055 0.298142665169 1.03962188962 1 1 2 0.76 0
177 4 6 0 0 9.81 0.5 1.90758895874 0.216033019998 1 Cristina  505.55613171100003 0.055 0.347544883107 1.19155593874 1 1 2 0.76 0
178 4 4.5 0 0 9.81 0.5 1.56397414207 0.164520179533 1 Cristina  508.56484575399963 0.055 0.255973823116 0.899453962542 1 1 2 0.76 0
179 3 4.5 0 0 12.753 0.5 1.35521292686 0.160198189737 1 Cristina  511.2453675689999 0.055 0.18641378013 0.695014737127 1 1 2 0.76 0
180 4 6 0 1 8.3385 0.5 1.92049098015 0.0249755821523 1 Cristina  513.7173096150004 0.055 0.641316738608 1.395515398 1 1 2 0.76 1
181 4 4.5 0 0 12.753 0.5 1.35024690628 0.155232169153 1 Cristina  516.7358252660001 0.055 0.179861886013 0.695014737127 1 1 2 0.76 0
182 3 6 0 1 12.753 0.5 1.57289004326 0.150833355436 1 Cristina  519.2211802520001 0.055 0.43895856283 0.922056687823 1 1 2 0.76 1
183 4 6 0 1 11.2815 0.5 1.66883420944 0.129212319824 1 Cristina  521.907750375 0.055 0.493199236453 1.03962188962 1 1 2 0.76 1
184 3 6 0 0 12.753 0.5 1.54378700256 0.121730314741 1 Cristina  524.6726495150001 0.055 0.270726865161 0.922056687823 1 1 2 0.76 0
185 3 6 0 1 6.867 0.5 2.0061788559 -0.17757813168 1 Cristina  527.3127719170002 0.055 0.797940491409 1.68375698758 1 1 2 0.76 1
186 4 4.5 0 1 11.2815 0.5 1.44431018829 0.160183501332 1 Cristina  530.4403444759996 0.055 0.36547632663 0.784126686962 1 1 2 0.76 1
187 3 4.5 0 1 9.81 0.5 1.60060620308 0.201152240537 1 Cristina  533.0204789129998 0.055 0.442372964728 0.899453962542 1 1 2 0.76 1
188 4 6 0 1 12.753 0.5 1.60560703278 0.183550344953 1 Cristina  535.7336598959996 0.055 0.416486572551 0.922056687823 1 1 2 0.76 1
189 4 4.5 0 0 6.867 0.5 1.83774209023 0.0634112154061 1 Cristina  538.4604258029999 0.055 0.339809235418 1.27433087482 1 1 2 0.76 0
190 3 4.5 0 0 11.2815 0.5 1.40715718269 0.123030495732 1 Cristina  541.4283486110003 0.055 0.210541676179 0.784126686962 1 1 2 0.76 0
191 3 4.5 0 1 8.3385 0.5 1.54034399986 -0.0142182291921 1 Cristina  543.9518966640003 0.055 0.526824730202 1.05456222905 1 1 2 0.76 1
192 3 6 0 0 9.81 0.5 1.77144598961 0.0798900508668 1 Cristina  546.5837105490004 0.055 0.339162161787 1.19155593874 1 1 2 0.76 0
193 4 4.5 0 1 12.753 0.5 1.38095593452 0.185941197397 1 Cristina  549.4628140620002 0.055 0.318824884582 0.695014737127 1 1 2 0.76 1
194 4 6 0 0 11.2815 0.5 1.65042591095 0.110804021331 1 Cristina  551.9611599180002 0.055 0.28094240954 1.03962188962 1 1 2 0.76 0
195 3 4.5 0 0 8.3385 0.5 1.63708996773 0.0825277386729 1 Cristina  554.7388535000005 0.055 0.270414240704 1.05456222905 1 1 2 0.76 0
196 3 6 0 1 9.81 0.5 1.7507750988 0.0592191600587 1 Cristina  557.4894062409999 0.055 0.589878743767 1.19155593874 1 1 2 0.76 1
197 3 6 0 1 8.3385 0.5 1.97599816322 0.0804827652272 1 Cristina  560.3519511119998 0.055 0.62863258993 1.395515398 1 1 2 0.76 1
198 3 4.5 0 1 11.2815 0.5 1.45017695427 0.166050267308 1 Cristina  563.4360593440001 0.055 0.366597141212 0.784126686962 1 1 2 0.76 1
199 4 4.5 0 0 8.3385 0.5 1.6850438118 0.130481582743 1 Cristina  565.9950358090005 0.055 0.266097656783 1.05456222905 1 1 2 0.76 0
200 3 6 0 0 8.3385 0.5 1.91856312752 0.0230477295216 1 Cristina  568.8021388080001 0.055 0.372157983649 1.395515398 1 1 2 0.76 0
201 4 6 0 1 6.867 0.5 2.00366592407 -0.180091063503 1 Cristina  571.8351123039997 0.055 0.794735404571 1.68375698758 1 1 2 0.76 1
202 4 4.5 0 0 12.753 0.5 1.35441803932 0.159403302194 1 Cristina  574.9418620789997 0.055 0.192770794825 0.695014737127 1 1 2 0.76 0
203 4 6 0 0 11.2815 0.5 1.67320394516 0.133582055542 1 Cristina  577.4157241600001 0.055 0.294761091556 1.03962188962 1 1 2 0.76 0
204 3 6 0 1 12.753 0.5 1.6294028759 0.207346188077 1 Cristina  580.2097324370002 0.055 0.439053830378 0.922056687823 1 1 2 0.76 1
205 4 6 0 1 12.753 0.5 1.5437669754 0.12171028758 1 Cristina  582.9561207849997 0.055 0.423086024032 0.922056687823 1 1 2 0.76 1
206 4 4.5 0 0 11.2815 0.5 1.45016884804 0.166042161076 1 Cristina  585.6246501179999 0.055 0.200869606796 0.784126686962 1 1 2 0.76 0
207 3 6 0 1 8.3385 0.5 2.02266216278 0.127146764785 1 Cristina  588.1997221160004 0.055 0.687884690249 1.395515398 1 1 2 0.76 1
208 4 4.5 0 0 9.81 0.5 1.54645895958 0.147004997038 1 Cristina  591.3526621080005 0.055 0.264562541631 0.899453962542 1 1 2 0.76 0
209 3 4.5 0 0 12.753 0.5 1.36112904549 0.166114308359 1 Cristina  594.0244476940002 0.055 0.204047499652 0.695014737127 1 1 2 0.76 0
210 3 4.5 0 1 11.2815 0.5 1.49323892593 0.209112238972 1 Cristina  596.4847586709998 0.055 0.373765924356 0.784126686962 1 1 2 0.76 1
211 3 4.5 0 1 8.3385 0.5 1.63756418228 0.0830019532267 1 Cristina  599.0868703520005 0.055 0.518362847586 1.05456222905 1 1 2 0.76 1
212 4 4.5 0 1 12.753 0.5 1.37304711342 0.178032376291 1 Cristina  601.8570389740003 0.055 0.335934556938 0.695014737127 1 1 2 0.76 1
213 4 4.5 0 1 6.867 0.5 1.86962890625 0.0952980314308 1 Cristina  604.347241639 0.055 0.629878201981 1.27433087482 1 1 2 0.76 1
214 4 6 0 1 8.3385 0.5 1.82564115524 -0.0698742427531 1 Cristina  607.3077707280004 0.055 0.697009259099 1.395515398 1 1 2 0.76 1
215 4 6 0 0 12.753 0.5 1.61363315582 0.191576468 1 Cristina  610.2521553749998 0.055 0.270411990221 0.922056687823 1 1 2 0.76 0
216 4 6 0 1 9.81 0.5 1.73873901367 0.0471830749299 1 Cristina  612.9758053419996 0.055 0.570473284158 1.19155593874 1 1 2 0.76 1
217 4 6 0 0 9.81 0.5 1.95664000511 0.26508406637 1 Cristina  615.8249125739999 0.055 0.32003368434 1.19155593874 1 1 2 0.76 0
218 3 4.5 0 0 8.3385 0.5 1.73874616623 0.184183937174 1 Cristina  618.8989816899998 0.055 0.266786923833 1.05456222905 1 1 2 0.76 0
219 3 4.5 0 0 9.81 0.5 1.59305405617 0.193600093626 1 Cristina  621.7766631119998 0.055 0.229442510448 0.899453962542 1 1 2 0.76 0
220 4 4.5 0 1 9.81 0.5 1.5535390377 0.154085075163 1 Cristina  624.4556681380004 0.055 0.413904174038 0.899453962542 1 1 2 0.76 1
221 3 4.5 0 0 6.867 0.5 2.00408196449 0.229751089674 1 Cristina  627.129006568 0.055 0.36923844063 1.27433087482 1 1 2 0.76 0
222 4 6 0 0 8.3385 0.5 2.12417888641 0.228663488418 1 Cristina  630.2487244019999 0.055 0.376173871289 1.395515398 1 1 2 0.76 0
223 3 6 0 1 6.867 0.5 2.1763420105 -0.00741497707749 1 Cristina  633.4948237960002 0.055 0.769714167582 1.68375698758 1 1 2 0.76 1
224 3 4.5 0 0 11.2815 0.5 1.48057603836 0.196449351399 1 Cristina  636.7922570260002 0.055 0.234420505157 0.784126686962 1 1 2 0.76 0
225 3 6 0 1 11.2815 0.5 1.71018099785 0.17055910823 1 Cristina  639.3979781820003 0.055 0.47651904616 1.03962188962 1 1 2 0.76 1
226 3 4.5 0 1 6.867 0.5 1.77036690712 -0.00396396769942 1 Cristina  642.2182184389999 0.055 0.607489211324 1.27433087482 1 1 2 0.76 1
227 4 4.5 0 1 11.2815 0.5 1.5406999588 0.25657327184 1 Cristina  645.0885053569996 0.055 0.379237255666 0.784126686962 1 1 2 0.76 1
228 3 6 0 1 9.81 0.5 1.76816391945 0.0766079807069 1 Cristina  647.7550658929999 0.055 0.589959245653 1.19155593874 1 1 2 0.76 1
229 4 6 0 0 6.867 0.5 2.40117716789 0.217420180317 1 Cristina  650.6476727969998 0.055 0.469734773394 1.68375698758 1 1 2 0.76 0
230 4 6 0 1 11.2815 0.5 1.71351790428 0.173896014663 1 Cristina  654.1533768060003 0.055 0.501787665485 1.03962188962 1 1 2 0.76 1
231 4 4.5 0 1 8.3385 0.5 1.66458582878 0.110023599726 1 Cristina  656.9885936879996 0.055 0.507902048093 1.05456222905 1 1 2 0.76 1
232 3 4.5 0 1 9.81 0.5 1.48157715797 0.0821231954324 1 Cristina  659.75989832 0.055 0.425909516862 0.899453962542 1 1 2 0.76 1
233 3 6 0 0 12.753 0.5 1.60074090958 0.178684221754 1 Cristina  662.3305347609999 0.055 0.258458203611 0.922056687823 1 1 2 0.76 0
234 3 6 0 0 11.2815 0.5 1.66018605232 0.120564162704 1 Cristina  665.0657283109999 0.055 0.282535831076 1.03962188962 1 1 2 0.76 0
235 4 4.5 0 0 8.3385 0.5 1.63809204102 0.0835298119609 1 Cristina  667.8122578810003 0.055 0.301344634758 1.05456222905 1 1 2 0.76 0
236 3 6 0 0 9.81 0.5 1.76842808723 0.0768721484925 1 Cristina  670.5640021570002 0.055 0.305388371732 1.19155593874 1 1 2 0.76 0
237 3 4.5 0 1 12.753 0.5 1.42902803421 0.234013297083 1 Cristina  673.4304267310004 0.055 0.338585684396 0.695014737127 1 1 2 0.76 1
238 4 4.5 0 0 6.867 0.5 1.88317394257 0.108843067747 1 Cristina  675.9862985020004 0.055 0.34411586932 1.27433087482 1 1 2 0.76 0
239 3 6 0 0 6.867 0.5 2.34897589684 0.16521890926 1 Cristina  678.966840953 0.055 0.476687102676 1.68375698758 1 1 2 0.76 0
240 4 6 0 1 11.2815 0.5 1.64181208611 0.102190196487 1 Cristina  682.4421366990005 0.055 0.509606305082 1.03962188962 1 1 2 0.76 1
241 3 4.5 0 1 9.81 0.5 1.51595282555 0.116498863004 1 Cristina  685.203378879 0.055 0.405126269076 0.899453962542 1 1 2 0.76 1
242 3 6 0 0 12.753 0.5 1.63603997231 0.213983284482 1 Cristina  687.8481739080003 0.055 0.245159192264 0.922056687823 1 1 2 0.76 0
243 3 4.5 0 1 12.753 0.5 1.45427489281 0.25926015568 1 Cristina  690.6214050630001 0.055 0.338390438454 0.695014737127 1 1 2 0.76 1
244 3 4.5 0 0 8.3385 0.5 1.74102497101 0.186462741954 1 Cristina  693.1845061569998 0.055 0.276544242424 1.05456222905 1 1 2 0.76 0
245 3 6 0 0 9.81 0.5 1.99678707123 0.305231132486 1 Cristina  696.0200060100001 0.055 0.298779434813 1.19155593874 1 1 2 0.76 0
246 3 6 0 1 11.2815 0.5 1.74170398712 0.202082097503 1 Cristina  699.1353627639996 0.055 0.478285558601 1.03962188962 1 1 2 0.76 1
247 3 6 0 0 11.2815 0.5 1.6672680378 0.127646148178 1 Cristina  702.0043363299997 0.055 0.272217136582 1.03962188962 1 1 2 0.76 0
248 3 4.5 0 0 6.867 0.5 1.88257408142 0.108243206602 1 Cristina  704.807957814 0.055 0.3492798918 1.27433087482 1 1 2 0.76 0
249 4 6 0 1 12.753 0.5 1.54876494408 0.126708256254 1 Cristina  707.8127393379996 0.055 0.417533084675 0.922056687823 1 1 2 0.76 1
250 3 6 0 1 9.81 0.5 1.81199383736 0.120437898615 1 Cristina  710.4541524410001 0.055 0.549673246366 1.19155593874 1 1 2 0.76 1
251 4 6 0 0 12.753 0.5 1.58422613144 0.162169443616 1 Cristina  713.3877773649997 0.055 0.247031886309 0.922056687823 1 1 2 0.76 0
252 4 6 0 0 9.81 0.5 1.7983250618 0.106769123056 1 Cristina  716.082603675 0.055 0.30073185039 1.19155593874 1 1 2 0.76 0
253 4 4.5 0 0 6.867 0.5 1.89291620255 0.118585327726 1 Cristina  718.992838185 0.055 0.353729226466 1.27433087482 1 1 2 0.76 0
254 3 4.5 0 1 6.867 0.5 1.80117297173 0.0268420969063 1 Cristina  721.9973860209998 0.055 0.603588523252 1.27433087482 1 1 2 0.76 1
255 4 4.5 0 0 9.81 0.5 1.5515639782 0.152110015653 1 Cristina  724.9093648200001 0.055 0.259783685586 0.899453962542 1 1 2 0.76 0
256 4 4.5 0 0 8.3385 0.5 1.60607194901 0.0515097199504 1 Cristina  727.5758954549997 0.055 0.295662802908 1.05456222905 1 1 2 0.76 0
257 3 4.5 0 1 11.2815 0.5 1.51269102097 0.228564334004 1 Cristina  730.3086644700002 0.055 0.358077392149 0.784126686962 1 1 2 0.76 1
258 4 4.5 0 1 6.867 0.5 1.7879421711 0.0136112962776 1 Cristina  732.9450031089996 0.055 0.592667648792 1.27433087482 1 1 2 0.76 1
259 4 4.5 0 1 8.3385 0.5 6.01661491394 4.46205268489 1 Cristina  736.8812480109996 0.055 0.522740958188 1.05456222905 1 1 2 0.76 1
260 4 6 0 0 8.3385 0.5 1.95554804802 0.0600326500233 1 Cristina  742.9366007740005 0.055 0.361141509869 1.395515398 1 1 2 0.76 0
261 3 6 0 0 8.3385 0.5 2.13490581512 0.239390417128 1 Cristina  746.0243791999997 0.055 0.375393092718 1.395515398 1 1 2 0.76 0
262 4 4.5 0 0 12.753 0.5 1.39487910271 0.19986436558 1 Cristina  749.2675096170001 0.055 0.201904638048 0.695014737127 1 1 2 0.76 0
263 4 4.5 0 0 11.2815 0.5 1.43112397194 0.146997284977 1 Cristina  751.7743840640001 0.055 0.196974799992 0.784126686962 1 1 2 0.76 0
264 4 6 0 1 9.81 0.5 1.73949193954 0.0479360008027 1 Cristina  754.2980322710005 0.055 0.585909875603 1.19155593874 1 1 2 0.76 1
265 3 6 0 1 6.867 0.5 2.15260100365 -0.0311559839287 1 Cristina  757.1447991970003 0.055 0.790001016777 1.68375698758 1 1 2 0.76 1
266 3 6 0 1 12.753 0.5 1.65628194809 0.234225260267 1 Cristina  760.417087325 0.055 0.454993340903 0.922056687823 1 1 2 0.76 1
267 3 6 0 1 8.3385 0.5 1.99405503273 0.098539634734 1 Cristina  763.1753011249998 0.055 0.644578871372 1.395515398 1 1 2 0.76 1
268 4 6 0 0 6.867 0.5 2.39450407028 0.210747082706 1 Cristina  766.2677672249997 0.055 0.452588821099 1.68375698758 1 1 2 0.76 0
269 4 6 0 1 8.3385 0.5 1.91616916656 0.0206537685689 1 Cristina  769.7836339520004 0.055 0.655785504148 1.395515398 1 1 2 0.76 1
270 3 4.5 0 0 12.753 0.5 1.28472709656 0.0897123594302 1 Cristina  772.7934999539998 0.055 0.181849276615 0.695014737127 1 1 2 0.76 0
271 4 6 0 1 6.867 0.5 2.18573307991 0.00197609233474 1 Cristina  775.1912040519996 0.055 0.801611216602 1.68375698758 1 1 2 0.76 1
272 3 4.5 0 0 11.2815 0.5 1.543435812 0.259309125035 1 Cristina  778.4766587859999 0.055 0.233545570934 0.784126686962 1 1 2 0.76 0
273 4 4.5 0 1 11.2815 0.5 1.47731399536 0.1931873084 1 Cristina  781.1454421829999 0.055 0.370004011256 0.784126686962 1 1 2 0.76 1
274 4 4.5 0 1 12.753 0.5 1.35576081276 0.160746075632 1 Cristina  783.7177780650004 0.055 0.318703967765 0.695014737127 1 1 2 0.76 1
275 3 4.5 0 0 9.81 0.5 1.47072291374 0.0712689512003 1 Cristina  786.1907021519996 0.055 0.266024495521 0.899453962542 1 1 2 0.76 0
276 3 4.5 0 1 8.3385 0.5 1.68482208252 0.130259853465 1 Cristina  788.7689533289999 0.055 0.492582569497 1.05456222905 1 1 2 0.76 1
277 4 6 0 0 11.2815 0.5 1.69795084 0.158328950378 1 Cristina  791.5928942220003 0.055 0.270843580944 1.03962188962 1 1 2 0.76 0
278 4 4.5 0 1 9.81 0.5 1.47997283936 0.0805188768137 1 Cristina  794.403887428 0.055 0.405275242143 0.899453962542 1 1 2 0.76 1
279 3 6 0 0 6.867 0.5 2.21072912216 0.0269721345863 1 Cristina  797.0013452950002 0.055 0.456071015606 1.68375698758 1 1 2 0.76 0
280 4 4.5 0 1 12.753 0.5 1.35424685478 0.159232117655 1 Cristina  800.3303951579996 0.055 0.318352679239 0.695014737127 1 1 2 0.76 1
281 3 6 0 1 12.753 0.5 1.55997300148 0.137916313657 1 Cristina  802.820482525 0.055 0.44491813622 0.922056687823 1 1 2 0.76 1
282 4 6 0 1 6.867 0.5 2.08619308472 -0.0975639028587 1 Cristina  805.4879117530004 0.055 0.76230496999 1.68375698758 1 1 2 0.76 1
283 4 6 0 1 8.3385 0.5 1.88397502899 -0.0115403690044 1 Cristina  808.6999386089997 0.055 0.657270239232 1.395515398 1 1 2 0.76 1
284 3 6 0 0 9.81 0.5 1.80014109612 0.108585157373 1 Cristina  811.6760722800004 0.055 0.315857223988 1.19155593874 1 1 2 0.76 0
285 4 6 0 0 9.81 0.5 1.86740708351 0.175851144769 1 Cristina  814.5938748720005 0.055 0.346358283033 1.19155593874 1 1 2 0.76 0
286 4 6 0 0 11.2815 0.5 1.65678405762 0.117162167999 1 Cristina  817.5825148259996 0.055 0.281776123434 1.03962188962 1 1 2 0.76 0
287 3 4.5 0 1 8.3385 0.5 1.61133480072 0.0567725716655 1 Cristina  820.3491464189997 0.055 0.500291996511 1.05456222905 1 1 2 0.76 1
288 4 6 0 1 12.753 0.5 1.57758998871 0.155533300886 1 Cristina  823.084198989 0.055 0.453938211168 0.922056687823 1 1 2 0.76 1
289 3 6 0 1 8.3385 0.5 1.96572518349 0.0702097854909 1 Cristina  825.7583449150002 0.055 0.64951084555 1.395515398 1 1 2 0.76 1
290 3 6 0 1 9.81 0.5 1.74704694748 0.0554910087373 1 Cristina  828.847653327 0.055 0.58004434437 1.19155593874 1 1 2 0.76 1
291 4 6 0 1 9.81 0.5 1.8410358429 0.149479904154 1 Cristina  831.7004897250004 0.055 0.540263790697 1.19155593874 1 1 2 0.76 1
292 3 4.5 0 0 11.2815 0.5 1.45551896095 0.171392273991 1 Cristina  834.6410542830004 0.055 0.216012276753 0.784126686962 1 1 2 0.76 0
293 4 4.5 0 0 8.3385 0.5 1.73354387283 0.178981643778 1 Cristina  837.2153588269998 0.055 0.27247646324 1.05456222905 1 1 2 0.76 0
294 4 6 0 0 12.753 0.5 1.63949179649 0.217435108671 1 Cristina  840.0672747049998 0.055 0.256642166833 0.922056687823 1 1 2 0.76 0
295 3 4.5 0 1 9.81 0.5 1.60447502136 0.205021058821 1 Cristina  842.8276297509997 0.055 0.443989257115 0.899453962542 1 1 2 0.76 1
296 4 4.5 0 0 9.81 0.5 1.55565404892 0.156200086378 1 Cristina  845.5281585879998 0.055 0.256602305473 0.899453962542 1 1 2 0.76 0
297 3 6 0 0 6.867 0.5 2.33256006241 0.148803074833 1 Cristina  848.1920947399999 0.055 0.500523529455 1.68375698758 1 1 2 0.76 0
298 3 6 0 1 11.2815 0.5 1.80138611794 0.261764228317 1 Cristina  851.6451369789997 0.055 0.475505058467 1.03962188962 1 1 2 0.76 1
299 4 4.5 0 1 6.867 0.5 1.85187792778 0.077547052961 1 Cristina  854.5593138910003 0.055 0.614738513218 1.27433087482 1 1 2 0.76 1
300 4 6 0 0 6.867 0.5 2.34265398979 0.158897002216 1 Cristina  857.5226424429998 0.055 0.483132136807 1.68375698758 1 1 2 0.76 0
301 3 4.5 0 1 6.867 0.5 1.85795879364 0.083627918821 1 Cristina  860.9807015210004 0.055 0.607410485139 1.27433087482 1 1 2 0.76 1
302 3 6 0 0 8.3385 0.5 2.00218987465 0.106674476653 1 Cristina  863.9457377579997 0.055 0.402358036312 1.395515398 1 1 2 0.76 0
303 3 4.5 0 0 6.867 0.5 1.9135890007 0.139258125883 1 Cristina  867.072375876 0.055 0.360955711699 1.27433087482 1 1 2 0.76 0
304 3 4.5 0 0 8.3385 0.5 1.64811301231 0.0935507832591 1 Cristina  870.114499326 0.055 0.293092473017 1.05456222905 1 1 2 0.76 0
305 4 4.5 0 0 12.753 0.5 1.38983488083 0.194820143701 1 Cristina  872.8860676549998 0.055 0.2035944966 0.695014737127 1 1 2 0.76 0
306 4 4.5 0 0 6.867 0.5 1.85968804359 0.0853571687752 1 Cristina  875.3818596389997 0.055 0.371990722743 1.27433087482 1 1 2 0.76 0
307 3 4.5 0 1 11.2815 0.5 1.59095215797 0.306825471013 1 Cristina  878.3791940260003 0.055 0.360098503726 0.784126686962 1 1 2 0.76 1
308 4 4.5 0 0 11.2815 0.5 1.4378900528 0.153763365834 1 Cristina  881.0723044749998 0.055 0.201516417049 0.784126686962 1 1 2 0.76 0
309 4 6 0 0 8.3385 0.5 1.97238302231 0.0768676243123 1 Cristina  883.6082832389998 0.055 0.404848420593 1.395515398 1 1 2 0.76 0
310 4 6 0 1 11.2815 0.5 1.6128180027 0.0731961130826 1 Cristina  886.705011126 0.055 0.476629464429 1.03962188962 1 1 2 0.76 1
311 3 4.5 0 1 12.753 0.5 1.40778589249 0.212771155359 1 Cristina  889.4419312410005 0.055 0.33557275455 0.695014737127 1 1 2 0.76 1
312 3 4.5 0 0 12.753 0.5 1.4157948494 0.220780112268 1 Cristina  891.9787038660002 0.055 0.181089273906 0.695014737127 1 1 2 0.76 0
313 3 6 0 0 12.753 0.5 1.54986786842 0.127811180601 1 Cristina  894.5136359129997 0.055 0.23592695771 0.922056687823 1 1 2 0.76 0
314 4 4.5 0 1 9.81 0.5 1.51877307892 0.119319116377 1 Cristina  897.1772043630003 0.055 0.438984386394 0.899453962542 1 1 2 0.76 1
315 4 4.5 0 1 8.3385 0.5 1.5883910656 0.0338288365428 1 Cristina  899.8130403769997 0.055 0.496768689427 1.05456222905 1 1 2 0.76 1
316 3 6 0 0 11.2815 0.5 1.73225402832 0.192632138702 1 Cristina  902.5287900039998 0.055 0.271139973225 1.03962188962 1 1 2 0.76 0
317 4 4.5 0 1 11.2815 0.5 1.42218494415 0.138058257191 1 Cristina  905.3787704620004 0.055 0.368311761546 0.784126686962 1 1 2 0.76 1
318 3 4.5 0 0 9.81 0.5 1.57858610153 0.17913213899 1 Cristina  907.919616052 0.055 0.228525034477 0.899453962542 1 1 2 0.76 0
319 3 6 0 1 6.867 0.5 1.99272108078 -0.191035906796 1 Cristina  910.6226801449998 0.055 0.830092231461 1.68375698758 1 1 2 0.76 1
