trial vx vy vz LongOcclusion g timeStill rTime TemporalError environment id pupiltime IOD OccludedTimeOfTrajectory FlightDuration Drag DragFirst block accuracy LongOcclusion
0 3 6 0 1 8.3385 0.5 1.99429988861 0.0987844906148 1 Borja  2.1980451999997968 0.058 0.642374059386 1.395515398 1 1 4 0.88 1
1 4 6 0 1 9.81 0.5 1.99429988861 0.0987844906148 1 Borja  2.1980451999997968 0.058 0.642374059386 1.395515398 1 1 4 0.88 1
2 4 6 0 0 9.81 0.5 1.74931406975 0.057758131006 1 Borja  5.278553207000186 0.058 0.317434730359 1.19155593874 1 1 4 0.88 0
3 3 4.5 0 0 11.2815 0.5 1.43429017067 0.150163483708 1 Borja  8.147371679000571 0.058 0.21535760453 0.784126686962 1 1 4 0.88 0
4 4 6 0 0 12.753 0.5 1.54385185242 0.121795164594 1 Borja  10.688107589000538 0.058 0.266377641425 0.922056687823 1 1 4 0.88 0
5 4 4.5 0 0 8.3385 0.5 1.66082787514 0.106265646083 1 Borja  13.325786557000356 0.058 0.277757028518 1.05456222905 1 1 4 0.88 0
6 3 4.5 0 0 12.753 0.5 1.3367099762 0.141695239069 1 Borja  16.102233432000503 0.058 0.189720131523 0.695014737127 1 1 4 0.88 0
7 3 6 0 0 8.3385 0.5 1.9126560688 0.0171406708058 1 Borja  18.573700938 0.058 0.358225256358 1.395515398 1 1 4 0.88 0
8 3 6 0 1 12.753 0.5 1.68679690361 0.264740215787 1 Borja  21.60293616800027 0.058 0.434929472409 0.922056687823 1 1 4 0.88 1
9 4 4.5 0 0 11.2815 0.5 1.5860440731 0.301917386143 1 Borja  24.407366747000196 0.058 0.210450300659 0.784126686962 1 1 4 0.88 0
10 4 6 0 1 12.753 0.5 1.60747003555 0.18541334773 1 Borja  27.09534659000019 0.058 0.434908576768 0.922056687823 1 1 4 0.88 1
11 3 6 0 0 11.2815 0.5 1.68921899796 0.149597108337 1 Borja  29.836845726999854 0.058 0.277301949553 1.03962188962 1 1 4 0.88 0
12 3 4.5 0 1 12.753 0.5 1.34044504166 0.145430304529 1 Borja  32.64818389100037 0.058 0.327624812402 0.695014737127 1 1 4 0.88 1
13 3 6 0 0 12.753 0.5 1.62735199928 0.20529531146 1 Borja  35.109511096999995 0.058 0.25943583079 0.922056687823 1 1 4 0.88 0
14 3 4.5 0 0 9.81 0.5 1.49992418289 0.10047022035 1 Borja  37.863712686000326 0.058 0.26469298901 0.899453962542 1 1 4 0.88 0
15 4 6 0 1 8.3385 0.5 1.75076389313 -0.144751504869 1 Borja  40.460928831000274 0.058 0.647661057296 1.395515398 1 1 4 0.88 1
16 3 4.5 0 1 9.81 0.5 1.42213892937 0.0226849668253 1 Borja  43.31517100500059 0.058 0.430419582987 0.899453962542 1 1 4 0.88 1
17 3 6 0 0 6.867 0.5 2.23087906837 0.0471220807991 1 Borja  45.84588616000019 0.058 0.442190766234 1.68375698758 1 1 4 0.88 0
18 4 4.5 0 0 6.867 0.5 1.82488703728 0.0505561624581 1 Borja  49.20826114800002 0.058 0.368224915269 1.27433087482 1 1 4 0.88 0
19 4 6 0 0 11.2815 0.5 1.62760686874 0.0879849791257 1 Borja  52.151386055999865 0.058 0.27419396561 1.03962188962 1 1 4 0.88 0
20 3 4.5 0 0 6.867 0.5 1.81580996513 0.0414790903145 1 Borja  54.88108112900045 0.058 0.356660179919 1.27433087482 1 1 4 0.88 0
21 4 6 0 1 11.2815 0.5 1.57537198067 0.0357500910489 1 Borja  57.81959046800057 0.058 0.49531645681 1.03962188962 1 1 4 0.88 1
22 4 6 0 1 6.867 0.5 1.95706796646 -0.226689021114 1 Borja  60.533833840000625 0.058 0.830963849395 1.68375698758 1 1 4 0.88 1
23 3 4.5 0 0 8.3385 0.5 1.58180713654 0.0272449074809 1 Borja  63.60226179900019 0.058 0.312271188786 1.05456222905 1 1 4 0.88 0
24 4 4.5 0 1 12.753 0.5 1.26900911331 0.0739943761844 1 Borja  66.31131333400026 0.058 0.332706405195 0.695014737127 1 1 4 0.88 1
25 4 4.5 0 0 9.81 0.5 1.49667096138 0.0972169988382 1 Borja  68.71069344900025 0.058 0.261891720176 0.899453962542 1 1 4 0.88 0
26 4 6 0 0 6.867 0.5 2.13467001915 -0.0490869684258 1 Borja  71.31172696900012 0.058 0.439938499986 1.68375698758 1 1 4 0.88 0
27 4 4.5 0 1 11.2815 0.5 1.43455195427 0.150425267308 1 Borja  74.56470245899982 0.058 0.37513589005 0.784126686962 1 1 4 0.88 1
28 4 4.5 0 0 12.753 0.5 1.37005710602 0.175042368891 1 Borja  77.10866303500006 0.058 0.20728496197 0.695014737127 1 1 4 0.88 0
29 4 4.5 0 1 6.867 0.5 1.61915302277 -0.155177852053 1 Borja  79.5999952430002 0.058 0.590457680382 1.27433087482 1 1 4 0.88 1
30 4 4.5 0 1 9.81 0.5 1.41067385674 0.0112198941934 1 Borja  82.33079556299981 0.058 0.444785706543 0.899453962542 1 1 4 0.88 1
31 4 6 0 0 8.3385 0.5 1.90808796883 0.0125725708302 1 Borja  84.86816120200001 0.058 0.367698357733 1.395515398 1 1 4 0.88 0
32 3 4.5 0 1 6.867 0.5 1.66707205772 -0.107258817095 1 Borja  87.8786870240001 0.058 0.617332176218 1.27433087482 1 1 4 0.88 1
33 3 4.5 0 1 11.2815 0.5 1.29213213921 0.00800545224422 1 Borja  90.6618653280002 0.058 0.373675733937 0.784126686962 1 1 4 0.88 1
34 3 4.5 0 1 8.3385 0.5 1.49802684784 -0.0565353812154 1 Borja  93.08438391500022 0.058 0.478410225788 1.05456222905 1 1 4 0.88 1
35 3 6 0 1 11.2815 0.5 1.54903292656 0.00941103694122 1 Borja  95.67433304400038 0.058 0.502428355124 1.03962188962 1 1 4 0.88 1
36 3 6 0 0 9.81 0.5 1.76920604706 0.0776501083161 1 Borja  98.32971038300002 0.058 0.344266351353 1.19155593874 1 1 4 0.88 0
37 4 4.5 0 1 8.3385 0.5 1.49616098404 -0.0584012450155 1 Borja  101.22712952700022 0.058 0.517865179649 1.05456222905 1 1 4 0.88 1
38 3 6 0 1 6.867 0.5 1.98155117035 -0.202205817226 1 Borja  103.82577054300054 0.058 0.811628392166 1.68375698758 1 1 4 0.88 1
39 3 6 0 1 9.81 0.5 1.66450619698 -0.0270497417663 1 Borja  106.90557047499988 0.058 0.539931436742 1.19155593874 1 1 4 0.88 1
40 3 4.5 0 0 12.753 0.5 1.26815795898 0.073143221857 1 Borja  109.6750206630004 0.058 0.208294414304 0.695014737127 1 1 4 0.88 0
41 3 4.5 0 0 6.867 0.5 1.81311297417 0.0387820993477 1 Borja  112.05790073700064 0.058 0.376631466494 1.27433087482 1 1 4 0.88 0
42 3 4.5 0 1 12.753 0.5 1.27737188339 0.0823571462649 1 Borja  114.9950381030003 0.058 0.315431957469 0.695014737127 1 1 4 0.88 1
43 4 6 0 0 12.753 0.5 1.44789719582 0.0258405079932 1 Borja  117.39428250000037 0.058 0.252500192853 0.922056687823 1 1 4 0.88 0
44 3 6 0 1 9.81 0.5 1.58838701248 -0.10316892626 1 Borja  119.95694141200056 0.058 0.562188670008 1.19155593874 1 1 4 0.88 1
45 4 6 0 0 6.867 0.5 2.35252404213 0.168767054554 1 Borja  122.66814007599987 0.058 0.464272725379 1.68375698758 1 1 4 0.88 0
46 4 6 0 1 9.81 0.5 1.69083404541 -0.000721893331808 1 Borja  126.1386268340002 0.058 0.592962373912 1.19155593874 1 1 4 0.88 1
47 4 6 0 0 9.81 0.5 1.69419693947 0.00264100072642 1 Borja  128.9346505680005 0.058 0.335960776929 1.19155593874 1 1 4 0.88 0
48 4 4.5 0 1 6.867 0.5 1.64817881584 -0.126152058977 1 Borja  131.739618609 0.058 0.61825062659 1.27433087482 1 1 4 0.88 1
49 4 4.5 0 0 11.2815 0.5 1.42632007599 0.142193389027 1 Borja  134.5079985600005 0.058 0.225019818854 0.784126686962 1 1 4 0.88 0
50 4 4.5 0 0 12.753 0.5 1.36420798302 0.16919324589 1 Borja  137.0358685629999 0.058 0.1772823635 0.695014737127 1 1 4 0.88 0
51 4 4.5 0 1 9.81 0.5 1.40088701248 0.00143304993989 1 Borja  139.5293148110004 0.058 0.418265634388 0.899453962542 1 1 4 0.88 1
52 3 6 0 0 6.867 0.5 2.2661690712 0.082412083622 1 Borja  142.02922477999982 0.058 0.43904712252 1.68375698758 1 1 4 0.88 0
53 3 4.5 0 1 6.867 0.5 1.6779229641 -0.0964079107231 1 Borja  145.41880646200025 0.058 0.616974663939 1.27433087482 1 1 4 0.88 1
54 3 6 0 0 12.753 0.5 1.55849099159 0.13643430377 1 Borja  148.2216566750003 0.058 0.234100772856 0.922056687823 1 1 4 0.88 0
55 4 6 0 1 12.753 0.5 1.45505619049 0.0329995026679 1 Borja  150.90375943100025 0.058 0.42138083313 0.922056687823 1 1 4 0.88 1
56 4 6 0 0 8.3385 0.5 2.07182621956 0.176310821563 1 Borja  153.48472966600002 0.058 0.404941109611 1.395515398 1 1 4 0.88 0
57 4 6 0 1 11.2815 0.5 1.58370804787 0.0440861582486 1 Borja  156.65702340500047 0.058 0.486883435395 1.03962188962 1 1 4 0.88 1
58 4 4.5 0 1 11.2815 0.5 1.35913896561 0.075012278645 1 Borja  159.355573586 0.058 0.357656377481 0.784126686962 1 1 4 0.88 1
59 4 4.5 0 0 6.867 0.5 1.83929014206 0.0649592672402 1 Borja  161.84243033199982 0.058 0.343577680439 1.27433087482 1 1 4 0.88 0
60 3 4.5 0 1 11.2815 0.5 1.38278603554 0.098659348576 1 Borja  164.79439841500061 0.058 0.368635195757 0.784126686962 1 1 4 0.88 1
61 3 6 0 1 12.753 0.5 1.5179040432 0.0958473553748 1 Borja  167.27422498899978 0.058 0.416496416381 0.922056687823 1 1 4 0.88 1
62 3 6 0 0 9.81 0.5 1.77606010437 0.0845041656282 1 Borja  169.92076792100033 0.058 0.332668285498 1.19155593874 1 1 4 0.88 0
63 4 4.5 0 0 8.3385 0.5 1.59539604187 0.0408338128154 1 Borja  172.80210492800052 0.058 0.283065889984 1.05456222905 1 1 4 0.88 0
64 3 6 0 1 11.2815 0.5 1.64792108536 0.108299195739 1 Borja  175.50650422200033 0.058 0.506748508018 1.03962188962 1 1 4 0.88 1
65 3 4.5 0 1 8.3385 0.5 1.61391377449 0.0593515454356 1 Borja  178.28483923300064 0.058 0.510633541467 1.05456222905 1 1 4 0.88 1
66 4 6 0 1 8.3385 0.5 1.93694996834 0.0414345703419 1 Borja  181.0234423110005 0.058 0.669209919259 1.395515398 1 1 4 0.88 1
67 4 4.5 0 1 12.753 0.5 1.4800798893 0.28506515217 1 Borja  184.07423559400013 0.058 0.347049356513 0.695014737127 1 1 4 0.88 1
68 3 6 0 0 11.2815 0.5 1.74547195435 0.205850064727 1 Borja  186.65215455900034 0.058 0.266560717807 1.03962188962 1 1 4 0.88 0
69 4 6 0 1 6.867 0.5 2.06073212624 -0.12302486134 1 Borja  189.51598253500015 0.058 0.792039821815 1.68375698758 1 1 4 0.88 1
70 3 4.5 0 0 9.81 0.5 1.59567499161 0.196221029066 1 Borja  192.68621677300052 0.058 0.239964201298 0.899453962542 1 1 4 0.88 0
71 4 6 0 0 11.2815 0.5 1.76347088814 0.22384899852 1 Borja  195.41838619200007 0.058 0.27229790366 1.03962188962 1 1 4 0.88 0
72 3 6 0 0 8.3385 0.5 1.9505751133 0.0550597153004 1 Borja  198.29602123699988 0.058 0.365016368033 1.395515398 1 1 4 0.88 0
73 3 4.5 0 0 8.3385 0.5 1.76140880585 0.206846576792 1 Borja  201.36334671799978 0.058 0.288679566581 1.05456222905 1 1 4 0.88 0
74 3 6 0 1 6.867 0.5 2.08704900742 -0.0967079801598 1 Borja  204.2497749889999 0.058 0.80147388782 1.68375698758 1 1 4 0.88 1
75 4 4.5 0 1 8.3385 0.5 1.631513834 0.0769516049449 1 Borja  207.46738499399999 0.058 0.485098888593 1.05456222905 1 1 4 0.88 1
76 3 4.5 0 1 9.81 0.5 1.42524313927 0.0257891767252 1 Borja  210.2210078650005 0.058 0.425971404974 0.899453962542 1 1 4 0.88 1
77 4 4.5 0 0 9.81 0.5 1.57565283775 0.176198875211 1 Borja  212.76847642900066 0.058 0.259677101904 0.899453962542 1 1 4 0.88 0
78 3 4.5 0 0 11.2815 0.5 1.49028706551 0.206160378544 1 Borja  215.45855195400054 0.058 0.23157275892 0.784126686962 1 1 4 0.88 0
79 3 6 0 1 8.3385 0.5 1.8922059536 -0.00330944439804 1 Borja  218.07106573700003 0.058 0.665527629179 1.395515398 1 1 4 0.88 1
80 3 4.5 0 0 11.2815 0.5 1.43369698524 0.149570298283 1 Borja  221.1025822219999 0.058 0.212134228428 0.784126686962 1 1 4 0.88 0
81 3 4.5 0 1 8.3385 0.5 1.65360403061 0.0990418015544 1 Borja  223.63038192800013 0.058 0.505465505144 1.05456222905 1 1 4 0.88 1
82 3 6 0 1 12.753 0.5 1.58611297607 0.164056288251 1 Borja  226.40140742099993 0.058 0.418066879662 0.922056687823 1 1 4 0.88 1
83 4 4.5 0 1 11.2815 0.5 1.49697303772 0.212846350758 1 Borja  229.09449508499983 0.058 0.3589394356 0.784126686962 1 1 4 0.88 1
84 4 4.5 0 1 12.753 0.5 1.32176089287 0.126746155741 1 Borja  231.69881255100063 0.058 0.343473820986 0.695014737127 1 1 4 0.88 1
85 4 4.5 0 1 9.81 0.5 1.42806696892 0.0286130063761 1 Borja  234.15107606699985 0.058 0.439325839508 0.899453962542 1 1 4 0.88 1
86 3 4.5 0 0 12.753 0.5 1.36678695679 0.17177221966 1 Borja  236.7103851110005 0.058 0.202704062849 0.695014737127 1 1 4 0.88 0
87 3 4.5 0 1 9.81 0.5 1.39223313332 -0.00722082922576 1 Borja  239.16535834300066 0.058 0.445517361894 0.899453962542 1 1 4 0.88 1
88 4 6 0 1 9.81 0.5 1.64401197433 -0.0475439644072 1 Borja  241.66850724699998 0.058 0.587438017415 1.19155593874 1 1 4 0.88 1
89 3 6 0 1 11.2815 0.5 1.5530769825 0.0134550928799 1 Borja  244.43341318300008 0.058 0.489658377638 1.03962188962 1 1 4 0.88 1
90 4 6 0 1 11.2815 0.5 1.59503507614 0.0554131865231 1 Borja  247.1017102550004 0.058 0.49244884265 1.03962188962 1 1 4 0.88 1
91 3 6 0 0 11.2815 0.5 1.6951842308 0.155562341186 1 Borja  249.81757732900041 0.058 0.266163672765 1.03962188962 1 1 4 0.88 0
92 3 4.5 0 1 11.2815 0.5 1.38525819778 0.101131510823 1 Borja  252.62456018800003 0.058 0.381121089815 0.784126686962 1 1 4 0.88 1
93 4 6 0 0 11.2815 0.5 1.71515393257 0.175532042953 1 Borja  255.13024176 0.058 0.26983914253 1.03962188962 1 1 4 0.88 0
94 3 6 0 0 8.3385 0.5 2.06035995483 0.164844556838 1 Borja  257.944547739 0.058 0.412835108556 1.395515398 1 1 4 0.88 0
95 4 4.5 0 0 6.867 0.5 1.87217497826 0.0978441034371 1 Borja  261.12659910100047 0.058 0.380027582395 1.27433087482 1 1 4 0.88 0
96 3 4.5 0 0 9.81 0.5 1.52808594704 0.128631984495 1 Borja  264.1263366510002 0.058 0.25639395221 0.899453962542 1 1 4 0.88 0
97 3 4.5 0 1 12.753 0.5 1.29642796516 0.101413228037 1 Borja  266.7803176950001 0.058 0.314631442922 0.695014737127 1 1 4 0.88 1
98 3 6 0 0 9.81 0.5 1.84772205353 0.156166114786 1 Borja  269.20763274900037 0.058 0.321230755653 1.19155593874 1 1 4 0.88 0
99 3 6 0 1 8.3385 0.5 1.73024320602 -0.165272191972 1 Borja  272.1572093929999 0.058 0.679225646129 1.395515398 1 1 4 0.88 1
100 4 4.5 0 0 12.753 0.5 1.39547491074 0.200460173609 1 Borja  274.98521105800046 0.058 0.177238203793 0.695014737127 1 1 4 0.88 0
101 3 4.5 0 1 6.867 0.5 1.71699786186 -0.057333012957 1 Borja  277.5033197490002 0.058 0.606541003932 1.27433087482 1 1 4 0.88 1
102 3 6 0 1 6.867 0.5 2.00745296478 -0.176304022793 1 Borja  280.33934068600047 0.058 0.834407932349 1.68375698758 1 1 4 0.88 1
103 4 4.5 0 1 8.3385 0.5 1.55258703232 -0.00197519673665 1 Borja  283.469969707 0.058 0.52001626824 1.05456222905 1 1 4 0.88 1
104 3 6 0 0 6.867 0.5 2.20224380493 0.0184868173561 1 Borja  286.1542734680006 0.058 0.487235899506 1.68375698758 1 1 4 0.88 0
105 4 4.5 0 1 6.867 0.5 1.68272304535 -0.09160782947 1 Borja  289.4634923270005 0.058 0.627939370648 1.27433087482 1 1 4 0.88 1
106 4 6 0 1 6.867 0.5 2.10558795929 -0.078169028286 1 Borja  292.2711264509999 0.058 0.784978500265 1.68375698758 1 1 4 0.88 1
107 4 6 0 0 8.3385 0.5 2.03767991066 0.142164512664 1 Borja  295.4966535040003 0.058 0.371724992368 1.395515398 1 1 4 0.88 0
108 4 6 0 0 12.753 0.5 1.5305480957 0.10849140788 1 Borja  298.62124284499987 0.058 0.244821161432 0.922056687823 1 1 4 0.88 0
109 4 4.5 0 0 11.2815 0.5 1.39402794838 0.109901261418 1 Borja  301.2611363650003 0.058 0.234396859104 0.784126686962 1 1 4 0.88 0
110 4 6 0 1 12.753 0.5 1.59881281853 0.176756130704 1 Borja  303.79054489400005 0.058 0.424642759391 0.922056687823 1 1 4 0.88 1
111 4 4.5 0 0 8.3385 0.5 1.65050506592 0.0959428368632 1 Borja  306.47984168699986 0.058 0.304604350306 1.05456222905 1 1 4 0.88 0
112 4 4.5 0 0 9.81 0.5 1.52811408043 0.128660117887 1 Borja  309.2498749920005 0.058 0.237938244256 0.899453962542 1 1 4 0.88 0
113 3 6 0 1 9.81 0.5 1.8398308754 0.148274936655 1 Borja  311.87065785899995 0.058 0.549521219514 1.19155593874 1 1 4 0.88 1
114 4 6 0 1 8.3385 0.5 1.8515651226 -0.0439502753917 1 Borja  314.8041514890001 0.058 0.695673158385 1.395515398 1 1 4 0.88 1
115 3 4.5 0 0 6.867 0.5 1.9301609993 0.155830124479 1 Borja  317.7826561769998 0.058 0.335521591621 1.27433087482 1 1 4 0.88 0
116 3 4.5 0 0 8.3385 0.5 1.81394791603 0.259385686976 1 Borja  320.84069086 0.058 0.288831262404 1.05456222905 1 1 4 0.88 0
117 4 6 0 0 9.81 0.5 1.90577316284 0.2142172241 1 Borja  323.76445621899984 0.058 0.310245018612 1.19155593874 1 1 4 0.88 0
118 3 6 0 0 12.753 0.5 1.65918397903 0.237127291212 1 Borja  326.7960776830005 0.058 0.243285683973 0.922056687823 1 1 4 0.88 0
119 4 6 0 0 6.867 0.5 2.30470895767 0.120951970097 1 Borja  329.5751258090004 0.058 0.429837193516 1.68375698758 1 1 4 0.88 0
120 4 6 0 0 8.3385 0.5 2.03911995888 0.143604560881 1 Borja  332.998279763 0.058 0.395251392508 1.395515398 1 1 4 0.88 0
121 3 6 0 1 9.81 0.5 1.70710301399 0.0155470752503 1 Borja  336.1392703010006 0.058 0.584410029332 1.19155593874 1 1 4 0.88 1
122 3 4.5 0 0 6.867 0.5 1.91937685013 0.145045975309 1 Borja  338.97269841400066 0.058 0.342412067601 1.27433087482 1 1 4 0.88 0
123 3 4.5 0 1 9.81 0.5 1.51758790016 0.11813393762 1 Borja  342.0322627960004 0.058 0.417613153363 0.899453962542 1 1 4 0.88 1
124 3 6 0 0 9.81 0.5 1.84307003021 0.15151409147 1 Borja  344.6109662610006 0.058 0.298098232321 1.19155593874 1 1 4 0.88 0
125 4 4.5 0 1 6.867 0.5 1.65592503548 -0.118405839342 1 Borja  347.57243320900034 0.058 0.607310656422 1.27433087482 1 1 4 0.88 1
126 4 4.5 0 0 8.3385 0.5 1.65254878998 0.0979865609233 1 Borja  350.3320446030002 0.058 0.314062119519 1.05456222905 1 1 4 0.88 0
127 4 6 0 0 6.867 0.5 2.18809199333 0.00433500575637 1 Borja  353.11083580500053 0.058 0.475175749537 1.68375698758 1 1 4 0.88 0
128 4 6 0 0 12.753 0.5 1.49341392517 0.0713572373481 1 Borja  356.40231482800027 0.058 0.260281235655 0.922056687823 1 1 4 0.88 0
129 4 6 0 0 9.81 0.5 1.79168891907 0.100132980325 1 Borja  359.01278785500017 0.058 0.327493139299 1.19155593874 1 1 4 0.88 0
130 3 6 0 0 12.753 0.5 1.52767896652 0.105622278699 1 Borja  361.90825684799984 0.058 0.232441327603 0.922056687823 1 1 4 0.88 0
131 4 4.5 0 1 11.2815 0.5 1.29285383224 0.00872714528316 1 Borja  364.54993524900055 0.058 0.375458222793 0.784126686962 1 1 4 0.88 1
132 3 4.5 0 0 8.3385 0.5 1.68857908249 0.134016853434 1 Borja  366.96016918500027 0.058 0.285293804752 1.05456222905 1 1 4 0.88 0
133 3 6 0 1 8.3385 0.5 1.81502079964 -0.0804945983592 1 Borja  369.7755118700006 0.058 0.648206342396 1.395515398 1 1 4 0.88 1
134 4 6 0 1 8.3385 0.5 1.81225204468 -0.0832633533183 1 Borja  372.71843049700055 0.058 0.663282101797 1.395515398 1 1 4 0.88 1
135 4 6 0 1 12.753 0.5 1.48219609261 0.0601394047828 1 Borja  375.63469437000003 0.058 0.454575448418 0.922056687823 1 1 4 0.88 1
136 3 6 0 1 12.753 0.5 1.52266001701 0.100603329191 1 Borja  378.2421392570004 0.058 0.439156752203 0.922056687823 1 1 4 0.88 1
137 4 4.5 0 1 8.3385 0.5 1.55654883385 0.00198660479228 1 Borja  380.88397048000024 0.058 0.495600545781 1.05456222905 1 1 4 0.88 1
138 4 4.5 0 1 9.81 0.5 1.46069788933 0.0612439267862 1 Borja  383.56605750700055 0.058 0.426954125213 0.899453962542 1 1 4 0.88 1
139 3 4.5 0 1 12.753 0.5 1.25534391403 0.0603291769046 1 Borja  386.1204455070001 0.058 0.337860982818 0.695014737127 1 1 4 0.88 1
140 3 4.5 0 1 8.3385 0.5 1.56545901299 0.0108967839305 1 Borja  388.50396782000007 0.058 0.494467915451 1.05456222905 1 1 4 0.88 1
141 4 4.5 0 1 12.753 0.5 1.19673514366 0.0017204065341 1 Borja  391.1917033050004 0.058 0.330946335577 0.695014737127 1 1 4 0.88 1
142 3 6 0 0 11.2815 0.5 1.55748414993 0.0178622603146 1 Borja  393.490765345 0.058 0.280071599714 1.03962188962 1 1 4 0.88 0
143 4 6 0 0 11.2815 0.5 1.59152412415 0.0519022345273 1 Borja  396.17506023700025 0.058 0.284550901324 1.03962188962 1 1 4 0.88 0
144 3 4.5 0 0 12.753 0.5 1.32815003395 0.133135296823 1 Borja  398.867185653 0.058 0.203142744038 0.695014737127 1 1 4 0.88 0
145 4 4.5 0 0 11.2815 0.5 1.48869204521 0.20456535825 1 Borja  401.31017317399983 0.058 0.206727328338 0.784126686962 1 1 4 0.88 0
146 3 4.5 0 0 11.2815 0.5 1.50953984261 0.225413155644 1 Borja  403.92352564000066 0.058 0.216736336395 0.784126686962 1 1 4 0.88 0
147 3 4.5 0 1 6.867 0.5 1.68201112747 -0.0923197473472 1 Borja  406.55727673100046 0.058 0.584603778909 1.27433087482 1 1 4 0.88 1
148 3 6 0 0 8.3385 0.5 1.94189810753 0.0463827095326 1 Borja  409.3622347649998 0.058 0.391233028338 1.395515398 1 1 4 0.88 0
149 4 6 0 1 11.2815 0.5 1.57495689392 0.0353350043027 1 Borja  412.404963639 0.058 0.470241771306 1.03962188962 1 1 4 0.88 1
150 3 6 0 1 11.2815 0.5 1.61220502853 0.0725831389157 1 Borja  415.09858969000015 0.058 0.488774583761 1.03962188962 1 1 4 0.88 1
151 4 4.5 0 0 12.753 0.5 1.29577898979 0.100764252664 1 Borja  417.8079759809998 0.058 0.189053663926 0.695014737127 1 1 4 0.88 0
152 4 4.5 0 0 6.867 0.5 1.85121393204 0.0768830572182 1 Borja  420.22296128000016 0.058 0.355835856225 1.27433087482 1 1 4 0.88 0
153 3 4.5 0 0 9.81 0.5 1.51832699776 0.118873035215 1 Borja  423.185635629 0.058 0.237513247217 0.899453962542 1 1 4 0.88 0
154 4 4.5 0 0 9.81 0.5 1.52678108215 0.127327119612 1 Borja  425.83385882899984 0.058 0.25084329319 0.899453962542 1 1 4 0.88 0
155 4 6 0 1 9.81 0.5 1.68758702278 -0.00396891596059 1 Borja  428.4596788690005 0.058 0.558839396038 1.19155593874 1 1 4 0.88 1
156 3 6 0 0 6.867 0.5 2.11279606819 -0.070960919384 1 Borja  431.2710350990001 0.058 0.458165868586 1.68375698758 1 1 4 0.88 0
157 3 4.5 0 1 11.2815 0.5 1.34132194519 0.0571952582287 1 Borja  434.5202013140006 0.058 0.355697787621 0.784126686962 1 1 4 0.88 1
158 4 6 0 1 6.867 0.5 1.97163701057 -0.212119977001 1 Borja  436.97990675500023 0.058 0.830751289939 1.68375698758 1 1 4 0.88 1
159 3 6 0 1 6.867 0.5 2.00747418404 -0.176282803539 1 Borja  440.0803659459998 0.058 0.809483777931 1.68375698758 1 1 4 0.88 1
160 4 4.5 0 1 11.2815 0.5 1.33152508736 0.0473984003949 1 Borja  443.21125913500055 0.058 0.388950975498 0.784126686962 1 1 4 0.88 1
161 3 4.5 0 0 6.867 0.5 1.77344202995 -0.000888844866164 1 Borja  445.6653017970002 0.058 0.37518486473 1.27433087482 1 1 4 0.88 0
162 3 6 0 1 8.3385 0.5 1.83444094658 -0.0610744514171 1 Borja  448.5376434609998 0.058 0.67032282793 1.395515398 1 1 4 0.88 1
163 4 6 0 1 6.867 0.5 1.99103116989 -0.192725817684 1 Borja  451.4917669410006 0.058 0.768134571044 1.68375698758 1 1 4 0.88 1
164 3 4.5 0 1 8.3385 0.5 1.52732300758 -0.0272392214711 1 Borja  454.61113098399983 0.058 0.48699825407 1.05456222905 1 1 4 0.88 1
165 3 4.5 0 1 9.81 0.5 1.42175507545 0.0223011129129 1 Borja  457.23178484600066 0.058 0.420446293088 0.899453962542 1 1 4 0.88 1
166 3 4.5 0 0 9.81 0.5 1.43336820602 0.0339142434824 1 Borja  459.78603302600004 0.058 0.251571506063 0.899453962542 1 1 4 0.88 0
167 3 6 0 0 8.3385 0.5 1.94263005257 0.0471146545705 1 Borja  462.3399235300003 0.058 0.386709071749 1.395515398 1 1 4 0.88 0
168 4 6 0 0 9.81 0.5 1.84340000153 0.151844062784 1 Borja  465.3946969160006 0.058 0.308961415152 1.19155593874 1 1 4 0.88 0
169 4 6 0 0 12.753 0.5 1.71337008476 0.29131339694 1 Borja  468.3672486810001 0.058 0.255985841601 0.922056687823 1 1 4 0.88 0
170 4 6 0 0 6.867 0.5 2.17748904228 -0.00626794529343 1 Borja  471.2049884650005 0.058 0.439573404719 1.68375698758 1 1 4 0.88 0
171 4 4.5 0 0 9.81 0.5 1.43975090981 0.0402969472635 1 Borja  474.51221826300025 0.058 0.26503726826 0.899453962542 1 1 4 0.88 0
172 3 6 0 1 12.753 0.5 1.52732515335 0.105268465528 1 Borja  477.05534897600046 0.058 0.460192588877 0.922056687823 1 1 4 0.88 1
173 4 4.5 0 0 6.867 0.5 1.91325688362 0.138926008802 1 Borja  479.7107245690004 0.058 0.33445881137 1.27433087482 1 1 4 0.88 0
174 4 4.5 0 0 11.2815 0.5 1.36644387245 0.0823171854901 1 Borja  482.7377362120005 0.058 0.22541086582 0.784126686962 1 1 4 0.88 0
175 4 4.5 0 0 12.753 0.5 1.26150608063 0.0664913435 1 Borja  485.2236136870006 0.058 0.186771533134 0.695014737127 1 1 4 0.88 0
176 3 4.5 0 0 12.753 0.5 1.36344814301 0.168433405878 1 Borja  487.60593324599995 0.058 0.198619550235 0.695014737127 1 1 4 0.88 0
177 4 6 0 1 8.3385 0.5 1.81481909752 -0.0806963004771 1 Borja  490.0889595540002 0.058 0.672185022869 1.395515398 1 1 4 0.88 1
178 4 4.5 0 1 12.753 0.5 1.24782800674 0.052813269617 1 Borja  493.0325313459998 0.058 0.34136030059 0.695014737127 1 1 4 0.88 1
179 4 6 0 1 12.753 0.5 1.52489185333 0.10283516551 1 Borja  495.3775768740006 0.058 0.421216075386 0.922056687823 1 1 4 0.88 1
180 3 4.5 0 0 11.2815 0.5 1.40000510216 0.115878415196 1 Borja  498.0102208170001 0.058 0.222569583714 0.784126686962 1 1 4 0.88 0
181 4 6 0 0 11.2815 0.5 1.62293291092 0.083311021301 1 Borja  500.5235857100006 0.058 0.284456492059 1.03962188962 1 1 4 0.88 0
182 3 6 0 0 9.81 0.5 1.7742729187 0.0827169799592 1 Borja  503.2537138460002 0.058 0.339849488175 1.19155593874 1 1 4 0.88 0
183 4 4.5 0 0 8.3385 0.5 1.61684918404 0.0622869549815 1 Borja  506.1221245400002 0.058 0.300914066548 1.05456222905 1 1 4 0.88 0
184 3 4.5 0 1 12.753 0.5 1.32888484001 0.133870102884 1 Borja  508.8779594590005 0.058 0.339171453077 0.695014737127 1 1 4 0.88 1
185 4 6 0 0 8.3385 0.5 1.88091897964 -0.0145964183513 1 Borja  511.3169559140006 0.058 0.370433017055 1.395515398 1 1 4 0.88 0
186 3 6 0 0 11.2815 0.5 1.58607983589 0.0464579462735 1 Borja  514.3344311500005 0.058 0.278885223192 1.03962188962 1 1 4 0.88 0
187 3 4.5 0 1 6.867 0.5 1.67017889023 -0.104151984591 1 Borja  517.0241959900004 0.058 0.629836639988 1.27433087482 1 1 4 0.88 1
188 3 6 0 1 9.81 0.5 1.61991810799 -0.0716378307555 1 Borja  519.8143196300007 0.058 0.569246239122 1.19155593874 1 1 4 0.88 1
189 4 4.5 0 1 8.3385 0.5 1.52789306641 -0.0266691626485 1 Borja  522.5619061080006 0.058 0.502519410419 1.05456222905 1 1 4 0.88 1
190 3 6 0 0 6.867 0.5 2.18216896057 -0.00158802700425 1 Borja  525.1899789150002 0.058 0.496928337273 1.68375698758 1 1 4 0.88 0
191 4 6 0 1 9.81 0.5 1.61695718765 -0.0745987510894 1 Borja  528.4869866919998 0.058 0.58181489223 1.19155593874 1 1 4 0.88 1
192 3 4.5 0 1 11.2815 0.5 1.29465913773 0.0105324507641 1 Borja  531.2178952760005 0.058 0.372771976169 0.784126686962 1 1 4 0.88 1
193 3 6 0 0 12.753 0.5 1.45870900154 0.0366523137183 1 Borja  533.6144769030007 0.058 0.256778958791 0.922056687823 1 1 4 0.88 0
194 4 4.5 0 1 9.81 0.5 1.36251211166 -0.036941850878 1 Borja  536.1720027740002 0.058 0.435273145394 0.899453962542 1 1 4 0.88 1
195 3 4.5 0 0 8.3385 0.5 1.57544994354 0.0208877144877 1 Borja  538.6322894539999 0.058 0.283379742361 1.05456222905 1 1 4 0.88 0
196 3 6 0 1 11.2815 0.5 1.51800394058 -0.021617949036 1 Borja  541.313325356 0.058 0.512340268181 1.03962188962 1 1 4 0.88 1
197 4 6 0 1 11.2815 0.5 1.44454193115 -0.0950799584659 1 Borja  543.9508642170003 0.058 0.508476160664 1.03962188962 1 1 4 0.88 1
198 4 4.5 0 1 6.867 0.5 1.61827206612 -0.156058808703 1 Borja  546.5076778590001 0.058 0.629903775401 1.27433087482 1 1 4 0.88 1
199 3 6 0 1 6.867 0.5 1.95424795151 -0.229509036068 1 Borja  549.2407502530004 0.058 0.833232646926 1.68375698758 1 1 4 0.88 1
200 4 4.5 0 1 9.81 0.5 1.45020103455 0.0507470720041 1 Borja  552.3101800640006 0.058 0.411263830005 0.899453962542 1 1 4 0.88 1
201 3 6 0 1 6.867 0.5 1.96017098427 -0.223586003307 1 Borja  554.8878195860007 0.058 0.838621112991 1.68375698758 1 1 4 0.88 1
202 3 6 0 0 9.81 0.5 1.71687698364 0.0253210449006 1 Borja  557.9817078770002 0.058 0.348938524242 1.19155593874 1 1 4 0.88 0
203 3 6 0 0 6.867 0.5 2.12999796867 -0.0537590189018 1 Borja  560.8104143710007 0.058 0.438387421202 1.68375698758 1 1 4 0.88 0
204 4 6 0 0 11.2815 0.5 1.58757805824 0.0479561686246 1 Borja  564.0510685879999 0.058 0.28877052894 1.03962188962 1 1 4 0.88 0
205 4 4.5 0 0 9.81 0.5 1.49451589584 0.0950619333017 1 Borja  566.7599192170001 0.058 0.24297193496 0.899453962542 1 1 4 0.88 0
206 4 6 0 0 9.81 0.5 1.82979202271 0.138236083963 1 Borja  569.3488718220005 0.058 0.341073111193 1.19155593874 1 1 4 0.88 0
207 3 4.5 0 0 12.753 0.5 1.39428114891 0.199266411783 1 Borja  572.2788183230005 0.058 0.197236339473 0.695014737127 1 1 4 0.88 0
208 4 4.5 0 0 11.2815 0.5 1.51487398148 0.230747294514 1 Borja  574.790831026 0.058 0.208410170733 0.784126686962 1 1 4 0.88 0
209 3 4.5 0 0 8.3385 0.5 1.67307496071 0.118512731654 1 Borja  577.403492509 0.058 0.309787698073 1.05456222905 1 1 4 0.88 0
210 3 4.5 0 1 8.3385 0.5 1.62274503708 0.0681828080241 1 Borja  580.1973943500006 0.058 0.511815316794 1.05456222905 1 1 4 0.88 1
211 4 4.5 0 1 8.3385 0.5 1.58289480209 0.0283325730387 1 Borja  582.935812576 0.058 0.516270426757 1.05456222905 1 1 4 0.88 1
212 3 4.5 0 0 6.867 0.5 1.85636496544 0.0820340906197 1 Borja  585.8162219240003 0.058 0.354465458904 1.27433087482 1 1 4 0.88 0
213 4 6 0 1 8.3385 0.5 1.78610086441 -0.109414533586 1 Borja  588.6015129460002 0.058 0.683702040275 1.395515398 1 1 4 0.88 1
214 4 4.5 0 1 12.753 0.5 1.30767202377 0.112657286646 1 Borja  591.5216426679999 0.058 0.335700544771 0.695014737127 1 1 4 0.88 1
215 3 4.5 0 1 6.867 0.5 1.6351480484 -0.139182826418 1 Borja  593.9299481220005 0.058 0.622827282788 1.27433087482 1 1 4 0.88 1
216 4 6 0 0 8.3385 0.5 3.78885316849 1.89333777049 1 Borja  596.6771739720007 0.058 0.351561886707 1.395515398 1 1 4 0.88 0
217 4 4.5 0 1 6.867 0.5 1.66955804825 -0.104772826571 1 Borja  601.5956638080006 0.058 0.627149479124 1.27433087482 1 1 4 0.88 1
218 3 6 0 1 11.2815 0.5 1.52856993675 -0.0110519528659 1 Borja  604.3857912520007 0.058 0.505718832247 1.03962188962 1 1 4 0.88 1
219 3 4.5 0 0 9.81 0.5 1.46651887894 0.067064916395 1 Borja  607.0259606150003 0.058 0.266083079716 0.899453962542 1 1 4 0.88 0
220 4 4.5 0 0 6.867 0.5 1.76516103745 -0.0091698373741 1 Borja  609.5955553570002 0.058 0.367572276659 1.27433087482 1 1 4 0.88 0
221 4 6 0 1 9.81 0.5 1.75248599052 0.0609300517823 1 Borja  612.4580844970005 0.058 0.579393367842 1.19155593874 1 1 4 0.88 1
222 4 6 0 1 11.2815 0.5 1.71912789345 0.17950600383 1 Borja  615.3097285490003 0.058 0.489330605142 1.03962188962 1 1 4 0.88 1
223 3 4.5 0 1 9.81 0.5 1.56667804718 0.167224084638 1 Borja  618.161407736 0.058 0.412613370607 0.899453962542 1 1 4 0.88 1
224 4 6 0 1 6.867 0.5 2.29546284676 0.11170585918 1 Borja  620.823908544 0.058 0.759449406695 1.68375698758 1 1 4 0.88 1
225 3 4.5 0 1 12.753 0.5 1.32098197937 0.125967242243 1 Borja  624.2395538139999 0.058 0.340183491277 0.695014737127 1 1 4 0.88 1
226 3 4.5 0 0 11.2815 0.5 1.3039150238 0.019788336842 1 Borja  626.6690625010006 0.058 0.203469683405 0.784126686962 1 1 4 0.88 0
227 3 6 0 1 9.81 0.5 1.64656710625 -0.044988832495 1 Borja  629.0756898549998 0.058 0.551817640685 1.19155593874 1 1 4 0.88 1
228 4 4.5 0 0 8.3385 0.5 1.46720218658 -0.0873600424703 1 Borja  631.8480938829998 0.058 0.298189476438 1.05456222905 1 1 4 0.88 0
229 3 6 0 0 12.753 0.5 1.59046196938 0.168405281553 1 Borja  634.4087205639999 0.058 0.253743233813 0.922056687823 1 1 4 0.88 0
230 4 6 0 1 12.753 0.5 1.42632102966 0.00426434184028 1 Borja  637.1024988469999 0.058 0.416895854421 0.922056687823 1 1 4 0.88 1
231 4 6 0 0 12.753 0.5 1.53773283958 0.115676151762 1 Borja  639.6260630530005 0.058 0.239490046536 0.922056687823 1 1 4 0.88 0
232 3 4.5 0 1 11.2815 0.5 1.39071083069 0.106584143727 1 Borja  642.2668404890001 0.058 0.382094656268 0.784126686962 1 1 4 0.88 1
233 4 4.5 0 0 12.753 0.5 1.30449700356 0.109482266428 1 Borja  644.7745765560003 0.058 0.206529119434 0.695014737127 1 1 4 0.88 0
234 4 4.5 0 1 11.2815 0.5 1.30507588387 0.0209491969036 1 Borja  647.175816428 0.058 0.369530181332 0.784126686962 1 1 4 0.88 1
235 3 6 0 1 12.753 0.5 1.52447390556 0.102417217741 1 Borja  649.588240997 0.058 0.453547918432 0.922056687823 1 1 4 0.88 1
236 4 6 0 0 6.867 0.5 2.20546197891 0.0217049913368 1 Borja  652.2106444450001 0.058 0.469704421521 1.68375698758 1 1 4 0.88 0
237 3 6 0 1 8.3385 0.5 1.70967411995 -0.185841278047 1 Borja  655.5300985530002 0.058 0.672138705878 1.395515398 1 1 4 0.88 1
238 3 6 0 0 11.2815 0.5 1.64752697945 0.107905089828 1 Borja  658.3224355150005 0.058 0.283712180745 1.03962188962 1 1 4 0.88 0
239 3 6 0 0 8.3385 0.5 1.99958300591 0.104067607909 1 Borja  661.0893162930006 0.058 0.35974525733 1.395515398 1 1 4 0.88 0
240 4 6 0 0 12.753 0.5 1.49613499641 0.0740783085914 1 Borja  664.203193028 0.058 0.260526662273 0.922056687823 1 1 4 0.88 0
241 4 6 0 0 9.81 0.5 1.73213005066 0.0405741119172 1 Borja  666.8385161960005 0.058 0.338416889671 1.19155593874 1 1 4 0.88 0
242 3 6 0 0 6.867 0.5 2.20042300224 0.0166660146675 1 Borja  669.6802089310004 0.058 0.495343932547 1.68375698758 1 1 4 0.88 0
243 3 6 0 0 9.81 0.5 1.82140207291 0.129846134165 1 Borja  672.9787396259999 0.058 0.317952199453 1.19155593874 1 1 4 0.88 0
244 3 6 0 1 8.3385 0.5 1.86250805855 -0.0330073394481 1 Borja  675.9070693040003 0.058 0.670076188257 1.395515398 1 1 4 0.88 1
245 3 6 0 0 11.2815 0.5 1.81709718704 0.277475297424 1 Borja  678.8784526610007 0.058 0.282099081755 1.03962188962 1 1 4 0.88 0
246 4 4.5 0 0 9.81 0.5 1.52537488937 0.125920926832 1 Borja  681.8125897750006 0.058 0.227151012924 0.899453962542 1 1 4 0.88 0
247 4 4.5 0 0 12.753 0.5 1.36689686775 0.171882130625 1 Borja  684.4328862339999 0.058 0.188212415326 0.695014737127 1 1 4 0.88 0
248 3 4.5 0 1 12.753 0.5 1.38671994209 0.191705204965 1 Borja  686.8976603790006 0.058 0.316165590626 0.695014737127 1 1 4 0.88 1
249 3 6 0 0 12.753 0.5 1.62753415108 0.205477463254 1 Borja  689.401092305 0.058 0.244963790036 0.922056687823 1 1 4 0.88 0
250 4 6 0 0 6.867 0.5 2.16718792915 -0.0165690584221 1 Borja  692.1453998480001 0.058 0.445505007124 1.68375698758 1 1 4 0.88 0
251 3 6 0 1 11.2815 0.5 1.61095905304 0.0713371634213 1 Borja  695.4400412510004 0.058 0.512857993027 1.03962188962 1 1 4 0.88 1
252 3 4.5 0 0 8.3385 0.5 1.72235488892 0.167792659861 1 Borja  698.1649947189999 0.058 0.283840518565 1.05456222905 1 1 4 0.88 0
253 4 4.5 0 1 6.867 0.5 1.70753407478 -0.0667968000358 1 Borja  701.0029838099999 0.058 0.58194991314 1.27433087482 1 1 4 0.88 1
254 3 4.5 0 0 11.2815 0.5 1.42924284935 0.145116162388 1 Borja  703.8133355770005 0.058 0.234184514113 0.784126686962 1 1 4 0.88 0
255 3 4.5 0 0 9.81 0.5 1.54939103127 0.149937068723 1 Borja  706.3493895150004 0.058 0.23443232765 0.899453962542 1 1 4 0.88 0
256 3 6 0 1 9.81 0.5 1.72808098793 0.0365250491883 1 Borja  709.0242716319999 0.058 0.584308874101 1.19155593874 1 1 4 0.88 1
257 4 6 0 1 8.3385 0.5 1.699832201 -0.195683196992 1 Borja  711.881712978 0.058 0.659853439492 1.395515398 1 1 4 0.88 1
258 3 4.5 0 0 6.867 0.5 1.87503385544 0.100702980619 1 Borja  714.703598688 0.058 0.34576275898 1.27433087482 1 1 4 0.88 0
259 4 6 0 1 6.867 0.5 2.01315116882 -0.170605818752 1 Borja  717.6919896170002 0.058 0.810447125594 1.68375698758 1 1 4 0.88 1
260 4 4.5 0 0 6.867 0.5 1.78657007217 0.0122391973549 1 Borja  720.8205627309999 0.058 0.375776814679 1.27433087482 1 1 4 0.88 0
261 3 6 0 0 8.3385 0.5 2.11294293404 0.21742753604 1 Borja  723.7301741050005 0.058 0.361279432863 1.395515398 1 1 4 0.88 0
262 3 6 0 1 12.753 0.5 1.40515589714 -0.0169007906823 1 Borja  726.9686089750003 0.058 0.425969587965 0.922056687823 1 1 4 0.88 1
263 4 6 0 1 12.753 0.5 1.46734189987 0.045285212049 1 Borja  729.4966646950006 0.058 0.458814622379 0.922056687823 1 1 4 0.88 1
264 3 4.5 0 0 12.753 0.5 1.37045407295 0.175439335825 1 Borja  732.0856778060006 0.058 0.193122786448 0.695014737127 1 1 4 0.88 0
265 3 4.5 0 1 11.2815 0.5 1.43691706657 0.152790379612 1 Borja  734.5648161980007 0.058 0.361201858929 0.784126686962 1 1 4 0.88 1
266 4 4.5 0 1 8.3385 0.5 1.63000893593 0.0754467068736 1 Borja  737.1225742940005 0.058 0.481716332861 1.05456222905 1 1 4 0.88 1
267 3 4.5 0 1 9.81 0.5 1.62145018578 0.221996223234 1 Borja  739.8607000540005 0.058 0.404859298099 0.899453962542 1 1 4 0.88 1
268 4 4.5 0 1 12.753 0.5 1.36856794357 0.173553206446 1 Borja  742.6126939720007 0.058 0.324371693218 0.695014737127 1 1 4 0.88 1
269 4 6 0 1 9.81 0.5 1.72153115273 0.0299752139833 1 Borja  745.098389578 0.058 0.549173066396 1.19155593874 1 1 4 0.88 1
270 4 4.5 0 0 11.2815 0.5 1.46284103394 0.178714346974 1 Borja  747.9167506260001 0.058 0.218845923644 0.784126686962 1 1 4 0.88 0
271 4 6 0 0 8.3385 0.5 1.96212601662 0.0666106186208 1 Borja  750.5018369509999 0.058 0.388503160086 1.395515398 1 1 4 0.88 0
272 3 6 0 1 6.867 0.5 1.9163479805 -0.267409007076 1 Borja  754.7482146890006 0.058 0.815099390078 1.68375698758 1 1 4 0.88 1
273 4 4.5 0 1 9.81 0.5 1.58480906487 0.185355102323 1 Borja  756.6196891760001 0.058 0.416203162243 0.899453962542 1 1 4 0.88 1
274 3 4.5 0 1 8.3385 0.5 1.56110501289 0.00654278383891 1 Borja  759.3323896470001 0.058 0.512845635568 1.05456222905 1 1 4 0.88 1
275 4 6 0 0 11.2815 0.5 1.78616595268 0.246544063064 1 Borja  761.99704759 0.058 0.275460252085 1.03962188962 1 1 4 0.88 0
276 4 4.5 0 1 11.2815 0.5 1.43555188179 0.151425194828 1 Borja  764.8895680040005 0.058 0.375061576423 0.784126686962 1 1 4 0.88 1
277 4 6 0 1 11.2815 0.5 1.58984589577 0.050224006149 1 Borja  767.4166701000004 0.058 0.474338503004 1.03962188962 1 1 4 0.88 1
278 4 4.5 0 0 8.3385 0.5 1.58624815941 0.0316859303538 1 Borja  770.1325095860002 0.058 0.271715257307 1.05456222905 1 1 4 0.88 0
279 3 4.5 0 1 6.867 0.5 1.79918193817 0.0248510633522 1 Borja  772.8393816739999 0.058 0.583472175648 1.27433087482 1 1 4 0.88 1
280 4 6 0 1 9.81 0.5 1.63227701187 -0.0592789268706 1 Borja  775.7521110520001 0.058 0.593223728765 1.19155593874 1 1 4 0.88 1
281 3 6 0 0 6.867 0.5 2.20642209053 0.0226651029549 1 Borja  778.5034311050003 0.058 0.481319660817 1.68375698758 1 1 4 0.88 0
282 4 6 0 0 9.81 0.5 1.79706311226 0.105507173517 1 Borja  781.809776008 0.058 0.356586039915 1.19155593874 1 1 4 0.88 0
283 4 4.5 0 0 8.3385 0.5 1.73423814774 0.179675918681 1 Borja  784.7475444219999 0.058 0.282923741225 1.05456222905 1 1 4 0.88 0
284 4 6 0 0 8.3385 0.5 2.04750418663 0.151988788634 1 Borja  787.568392696 0.058 0.352513774711 1.395515398 1 1 4 0.88 0
285 3 4.5 0 1 8.3385 0.5 1.56232094765 0.00775871859233 1 Borja  790.7283135520001 0.058 0.508363319518 1.05456222905 1 1 4 0.88 1
286 3 6 0 1 9.81 0.5 1.63541507721 -0.0561408615325 1 Borja  793.3971578090004 0.058 0.569919317256 1.19155593874 1 1 4 0.88 1
287 3 6 0 1 8.3385 0.5 1.82767891884 -0.0678364791576 1 Borja  796.1297685250001 0.058 0.681138935155 1.395515398 1 1 4 0.88 1
288 3 6 0 0 9.81 0.5 1.76600909233 0.074453153589 1 Borja  799.075008666 0.058 0.348808990851 1.19155593874 1 1 4 0.88 0
289 4 4.5 0 1 12.753 0.5 1.24259400368 0.04757926655 1 Borja  801.9748914940001 0.058 0.33894373795 0.695014737127 1 1 4 0.88 1
290 4 4.5 0 1 9.81 0.5 1.46754598618 0.0680920236337 1 Borja  804.32103671 0.058 0.440555657051 0.899453962542 1 1 4 0.88 1
291 4 4.5 0 0 6.867 0.5 1.98131513596 0.206984261137 1 Borja  806.8871452040003 0.058 0.345004961049 1.27433087482 1 1 4 0.88 0
292 4 6 0 1 11.2815 0.5 1.75912880898 0.219506919357 1 Borja  809.9629686429998 0.058 0.50170081577 1.03962188962 1 1 4 0.88 1
293 4 4.5 0 1 8.3385 0.5 1.80614686012 0.251584631068 1 Borja  812.8419472060004 0.058 0.491421811455 1.05456222905 1 1 4 0.88 1
294 4 4.5 0 0 9.81 0.5 1.58364105225 0.184187089704 1 Borja  815.7758356889999 0.058 0.245811465341 0.899453962542 1 1 4 0.88 0
295 3 6 0 0 8.3385 0.5 2.11395692825 0.218441530257 1 Borja  818.4651326550002 0.058 0.389918457114 1.395515398 1 1 4 0.88 0
296 4 4.5 0 0 11.2815 0.5 1.56487512589 0.280748438923 1 Borja  821.687194952 0.058 0.21282724569 0.784126686962 1 1 4 0.88 0
297 3 4.5 0 1 11.2815 0.5 1.50705909729 0.222932410328 1 Borja  824.355332307 0.058 0.356957432004 0.784126686962 1 1 4 0.88 1
298 3 4.5 0 0 8.3385 0.5 1.71734213829 0.162779909236 1 Borja  826.9873557820001 0.058 0.290035226726 1.05456222905 1 1 4 0.88 0
299 4 4.5 0 1 6.867 0.5 1.753647089 -0.0206837858147 1 Borja  829.8224503930005 0.058 0.614158738044 1.27433087482 1 1 4 0.88 1
300 3 6 0 1 11.2815 0.5 1.61910891533 0.0794870257108 1 Borja  832.7391029 0.058 0.498840773493 1.03962188962 1 1 4 0.88 1
301 3 6 0 1 12.753 0.5 1.61024403572 0.188187347898 1 Borja  835.4845807330003 0.058 0.430691048876 0.922056687823 1 1 4 0.88 1
302 3 4.5 0 1 12.753 0.5 1.42091107368 0.225896336557 1 Borja  838.2192059079998 0.058 0.33495473502 0.695014737127 1 1 4 0.88 1
303 3 4.5 0 0 6.867 0.5 1.85712003708 0.0827891622597 1 Borja  840.7438682540005 0.058 0.35200238782 1.27433087482 1 1 4 0.88 0
304 4 4.5 0 0 12.753 0.5 1.33285188675 0.137837149622 1 Borja  843.7172254950001 0.058 0.204053494364 0.695014737127 1 1 4 0.88 0
305 4 6 0 0 11.2815 0.5 1.73244810104 0.192826211425 1 Borja  846.1808160820001 0.058 0.288188193718 1.03962188962 1 1 4 0.88 0
306 4 6 0 0 12.753 0.5 1.62122297287 0.199166285047 1 Borja  849.0307039030004 0.058 0.26137204351 0.922056687823 1 1 4 0.88 0
307 4 6 0 0 6.867 0.5 2.16275286674 -0.0210041208305 1 Borja  851.7538118709999 0.058 0.5012336446 1.68375698758 1 1 4 0.88 0
308 3 6 0 1 6.867 0.5 2.17590594292 -0.00785104465867 1 Borja  855.0161819430004 0.058 0.801709341024 1.68375698758 1 1 4 0.88 1
309 3 4.5 0 1 9.81 0.5 1.40584206581 0.00638810326936 1 Borja  858.3170790590002 0.058 0.442558462893 0.899453962542 1 1 4 0.88 1
310 3 6 0 0 12.753 0.5 1.66185212135 0.23979543353 1 Borja  860.8203713540006 0.058 0.238568491066 0.922056687823 1 1 4 0.88 0
311 3 4.5 0 0 9.81 0.5 1.55941796303 0.159964000486 1 Borja  863.5809090359999 0.058 0.264265315939 0.899453962542 1 1 4 0.88 0
312 4 6 0 1 12.753 0.5 1.56721496582 0.145158277998 1 Borja  866.2374721470005 0.058 0.441566430246 0.922056687823 1 1 4 0.88 1
313 3 4.5 0 0 12.753 0.5 1.45495009422 0.259935357096 1 Borja  868.9210636240005 0.058 0.174594602805 0.695014737127 1 1 4 0.88 0
314 4 6 0 1 6.867 0.5 2.13939094543 -0.044366042141 1 Borja  871.5081689160006 0.058 0.814168114423 1.68375698758 1 1 4 0.88 1
315 3 4.5 0 0 11.2815 0.5 1.5955080986 0.311381411641 1 Borja  874.7391426909999 0.058 0.213786355034 0.784126686962 1 1 4 0.88 0
316 4 4.5 0 1 11.2815 0.5 1.46375703812 0.179630351155 1 Borja  877.4576832160001 0.058 0.353334169164 0.784126686962 1 1 4 0.88 1
317 3 4.5 0 1 6.867 0.5 1.81933689117 0.0450060163551 1 Borja  880.0457938580003 0.058 0.633622480394 1.27433087482 1 1 4 0.88 1
318 4 6 0 1 8.3385 0.5 1.93592381477 0.0404084167775 1 Borja  882.9606645800004 0.058 0.633042537371 1.395515398 1 1 4 0.88 1
319 3 6 0 0 11.2815 0.5 1.86148619652 0.3218643069 1 Borja  886.0280279630006 0.058 0.281259818527 1.03962188962 1 1 4 0.88 0
