trial vx vy vz LongOcclusion g timeStill rTime TemporalError environment id pupiltime IOD OccludedTimeOfTrajectory FlightDuration Drag DragFirst block accuracy LongOcclusion
0 3 6 0 1 -9.81 0.5 2.29984903336 0.608293094614 1 Albert  2.238900332000412 0.065 0.556000894241 1.19155593874 1 1 4 0.38 1
1 4 6 0 0 -9.81 0.5 2.29984903336 0.608293094614 1 Albert  2.238900332000412 0.065 0.556000894241 1.19155593874 1 1 4 0.38 1
2 3 6 0 1 9.81 0.5 1.75716495514 0.0656090163972 1 Albert  5.646647759999723 0.065 0.576302782287 1.19155593874 1 1 4 0.38 1
3 4 4.5 0 1 -9.81 0.5 1.49211120605 0.0926572435129 1 Albert  8.502050703999885 0.065 0.407387928572 0.899453962542 1 1 4 0.38 1
4 4 4.5 0 1 9.81 0.5 1.48984694481 0.0903929822672 1 Albert  11.110452545999578 0.065 0.436208954838 0.899453962542 1 1 4 0.38 1
5 3 4.5 0 0 -9.81 0.5 1.46360111237 0.0641471498239 1 Albert  13.70176572299988 0.065 0.236938660749 0.899453962542 1 1 4 0.38 0
6 3 6 0 0 -9.81 0.5 1.78712511063 0.0955691718843 1 Albert  16.26339106100022 0.065 0.336375987524 1.19155593874 1 1 4 0.38 0
7 4 6 0 1 -9.81 0.5 1.75966000557 0.0681040668275 1 Albert  19.158775851999962 0.065 0.568326009114 1.19155593874 1 1 4 0.38 1
8 4 6 0 0 9.81 0.5 1.72923183441 0.0376758956697 1 Albert  22.01960467400022 0.065 0.317866107759 1.19155593874 1 1 4 0.38 0
9 3 4.5 0 1 9.81 0.5 1.39376997948 -0.00568398306487 1 Albert  24.869719104999604 0.065 0.434646608929 0.899453962542 1 1 4 0.38 1
10 4 4.5 0 0 -9.81 0.5 1.40264296532 0.00318900277498 1 Albert  27.37008100300045 0.065 0.239110291605 0.899453962542 1 1 4 0.38 0
11 3 4.5 0 0 9.81 0.5 1.38576793671 -0.0136860258353 1 Albert  29.890544441000202 0.065 0.239032570613 0.899453962542 1 1 4 0.38 0
12 3 4.5 0 1 -9.81 0.5 1.44058799744 0.0411340348947 1 Albert  32.398857205999775 0.065 0.413647823765 0.899453962542 1 1 4 0.38 1
13 3 6 0 0 9.81 0.5 1.69389986992 0.00234393117686 1 Albert  34.926982789999784 0.065 0.306039554331 1.19155593874 1 1 4 0.38 0
14 4 6 0 1 9.81 0.5 1.70771288872 0.0161569499757 1 Albert  37.71753658899979 0.065 0.586206040872 1.19155593874 1 1 4 0.38 1
15 4 4.5 0 0 9.81 0.5 1.36764192581 -0.03181203673 1 Albert  40.525111359999755 0.065 0.257260653201 0.899453962542 1 1 4 0.38 0
16 4 6 0 1 -9.81 0.5 1.79203486443 0.100478925684 1 Albert  42.997546835999856 0.065 0.587766500171 1.19155593874 1 1 4 0.38 1
17 4 6 0 1 9.81 0.5 1.71231603622 0.0207600974824 1 Albert  45.88499565100028 0.065 0.579730028967 1.19155593874 1 1 4 0.38 1
18 3 6 0 1 9.81 0.5 1.65652990341 -0.0350260353301 1 Albert  48.71491368599982 0.065 0.592438075543 1.19155593874 1 1 4 0.38 1
19 4 4.5 0 0 9.81 0.5 1.37468194962 -0.0247720129263 1 Albert  51.48560443000042 0.065 0.235860211934 0.899453962542 1 1 4 0.38 0
20 3 4.5 0 0 -9.81 0.5 1.45993113518 0.0604771726358 1 Albert  53.960150247000456 0.065 0.251086793483 0.899453962542 1 1 4 0.38 0
21 3 4.5 0 1 9.81 0.5 1.41242694855 0.0129729860056 1 Albert  56.511577260000195 0.065 0.435370777974 0.899453962542 1 1 4 0.38 1
22 3 4.5 0 1 -9.81 0.5 1.52974700928 0.130293046736 1 Albert  59.03162914800032 0.065 0.429576482125 0.899453962542 1 1 4 0.38 1
23 3 4.5 0 0 9.81 0.5 1.34215784073 -0.057296121813 1 Albert  61.6699885500002 0.065 0.236885408443 0.899453962542 1 1 4 0.38 0
24 3 6 0 0 9.81 0.5 1.68318796158 -0.00836797716359 1 Albert  64.11520841699985 0.065 0.349741271892 1.19155593874 1 1 4 0.38 0
25 4 6 0 0 9.81 0.5 1.67255187035 -0.0190040683959 1 Albert  66.88397256200005 0.065 0.315255466117 1.19155593874 1 1 4 0.38 0
26 4 4.5 0 0 -9.81 0.5 1.45302200317 0.053568040632 1 Albert  69.65256069299994 0.065 0.235311292274 0.899453962542 1 1 4 0.38 0
27 4 6 0 0 -9.81 0.5 1.72673106194 0.0351751231935 1 Albert  72.20895990999998 0.065 0.323069031525 1.19155593874 1 1 4 0.38 0
28 4 4.5 0 1 9.81 0.5 1.42016100883 0.020707046293 1 Albert  75.04092043400033 0.065 0.444868850209 0.899453962542 1 1 4 0.38 1
29 3 6 0 0 -9.81 0.5 1.80604600906 0.114490070322 1 Albert  77.5494990369998 0.065 0.350961572197 1.19155593874 1 1 4 0.38 0
30 3 6 0 1 -9.81 0.5 1.7143008709 0.0227449321534 1 Albert  80.45831057299984 0.065 0.57869391188 1.19155593874 1 1 4 0.38 1
31 4 4.5 0 1 -9.81 0.5 1.38831186295 -0.0111420995962 1 Albert  83.28272469100011 0.065 0.408742618217 0.899453962542 1 1 4 0.38 1
32 4 6 0 0 9.81 0.5 1.67252016068 -0.0190357780669 1 Albert  85.76700515100038 0.065 0.340837711997 1.19155593874 1 1 4 0.38 0
33 4 6 0 0 -9.81 0.5 1.80277180672 0.111215867975 1 Albert  88.55238386899964 0.065 0.354550941303 1.19155593874 1 1 4 0.38 0
34 4 6 0 1 9.81 0.5 1.72644495964 0.0348890208985 1 Albert  91.4609847669999 0.065 0.56264497102 1.19155593874 1 1 4 0.38 1
35 4 4.5 0 0 9.81 0.5 1.41584801674 0.0163940541971 1 Albert  94.29857811399961 0.065 0.23426583226 0.899453962542 1 1 4 0.38 0
36 3 6 0 1 9.81 0.5 1.64561390877 -0.0459420299743 1 Albert  96.80888438700003 0.065 0.565770227238 1.19155593874 1 1 4 0.38 1
37 4 4.5 0 0 -9.81 0.5 1.40432786942 0.00487390687349 1 Albert  99.56777527800023 0.065 0.24363028171 0.899453962542 1 1 4 0.38 0
38 4 6 0 1 -9.81 0.5 1.73259997368 0.0410440349366 1 Albert  102.08246773500014 0.065 0.540888612702 1.19155593874 1 1 4 0.38 1
39 3 6 0 0 9.81 0.5 1.73528385162 0.0437279128816 1 Albert  104.92137564800032 0.065 0.315323781223 1.19155593874 1 1 4 0.38 0
40 4 4.5 0 1 -9.81 0.5 1.47061610222 0.0711621396768 1 Albert  107.77000691800004 0.065 0.442139471192 0.899453962542 1 1 4 0.38 1
41 3 6 0 1 -9.81 0.5 1.7216501236 0.0300941848542 1 Albert  110.36098566199962 0.065 0.592162952203 1.19155593874 1 1 4 0.38 1
42 3 4.5 0 0 -9.81 0.5 1.39747405052 -0.00197991201995 1 Albert  113.18090230899998 0.065 0.236313949862 0.899453962542 1 1 4 0.38 0
43 3 4.5 0 0 9.81 0.5 1.34195494652 -0.0574990160239 1 Albert  115.67880005999996 0.065 0.269076564107 0.899453962542 1 1 4 0.38 0
44 3 4.5 0 1 -9.81 0.5 1.38405013084 -0.0154038316977 1 Albert  118.42044010300015 0.065 0.408219349307 0.899453962542 1 1 4 0.38 1
45 3 6 0 0 -9.81 0.5 1.7598760128 0.0683200740602 1 Albert  120.64102592200015 0.065 0.357190222062 1.19155593874 1 1 4 0.38 0
46 4 4.5 0 1 9.81 0.5 1.3575899601 -0.0418640024435 1 Albert  123.50569690900011 0.065 0.436708797124 0.899453962542 1 1 4 0.38 1
47 3 4.5 0 1 9.81 0.5 1.38320302963 -0.0162509329092 1 Albert  125.95587011299995 0.065 0.413522920734 0.899453962542 1 1 4 0.38 1
48 4 4.5 0 1 9.81 0.5 1.36161804199 -0.0378359205496 1 Albert  128.45468664700002 0.065 0.426787815241 0.899453962542 1 1 4 0.38 1
49 3 4.5 0 1 9.81 0.5 1.37294602394 -0.0265079386008 1 Albert  130.9139147249998 0.065 0.410192352867 0.899453962542 1 1 4 0.38 1
50 3 4.5 0 0 -9.81 0.5 1.40083813667 0.00138417413118 1 Albert  133.38179653800034 0.065 0.269476799788 0.899453962542 1 1 4 0.38 0
51 4 6 0 1 -9.81 0.5 1.70542788506 0.0138719463136 1 Albert  135.88999492600033 0.065 0.569041542458 1.19155593874 1 1 4 0.38 1
52 4 4.5 0 0 -9.81 0.5 1.46292901039 0.0634750478494 1 Albert  138.69911502299965 0.065 0.238892831114 0.899453962542 1 1 4 0.38 0
53 4 6 0 0 9.81 0.5 1.5912630558 -0.100292882941 1 Albert  141.2516682940004 0.065 0.330573917519 1.19155593874 1 1 4 0.38 0
54 3 4.5 0 0 9.81 0.5 1.36108803749 -0.038365925051 1 Albert  143.95907883400014 0.065 0.256221661813 0.899453962542 1 1 4 0.38 0
55 4 4.5 0 1 -9.81 0.5 1.3113079071 -0.0881460554373 1 Albert  146.41430976999982 0.065 0.41308599129 0.899453962542 1 1 4 0.38 1
56 3 6 0 0 -9.81 0.5 1.79009914398 0.09854320524 1 Albert  148.82714923000003 0.065 0.352960711247 1.19155593874 1 1 4 0.38 0
57 4 6 0 1 9.81 0.5 1.65381813049 -0.0377378082488 1 Albert  151.72765026599973 0.065 0.569023763225 1.19155593874 1 1 4 0.38 1
58 3 6 0 1 -9.81 0.5 1.70787882805 0.0163228893067 1 Albert  154.5069995599997 0.065 0.582275631003 1.19155593874 1 1 4 0.38 1
59 3 4.5 0 1 -9.81 0.5 1.4898519516 0.0903979890573 1 Albert  157.31777411300027 0.065 0.449358353932 0.899453962542 1 1 4 0.38 1
60 3 6 0 0 9.81 0.5 1.60711503029 -0.0844409084533 1 Albert  159.92144831800033 0.065 0.31767375047 1.19155593874 1 1 4 0.38 0
61 4 6 0 0 -9.81 0.5 1.66667985916 -0.0248760795806 1 Albert  162.63607903400043 0.065 0.341303356013 1.19155593874 1 1 4 0.38 0
62 4 4.5 0 0 9.81 0.5 1.23776507378 -0.161688888766 1 Albert  165.41531580300034 0.065 0.238125704858 0.899453962542 1 1 4 0.38 0
63 3 6 0 1 9.81 0.5 1.63315701485 -0.0583989238952 1 Albert  167.7629903039997 0.065 0.563413402632 1.19155593874 1 1 4 0.38 1
64 4 4.5 0 0 -9.81 0.5 1.33353900909 -0.0659149534476 1 Albert  170.50645032900047 0.065 0.247851778176 0.899453962542 1 1 4 0.38 0
65 4 4.5 0 1 -9.81 0.5 1.33616685867 -0.0632871038687 1 Albert  172.95301231800022 0.065 0.418456724878 0.899453962542 1 1 4 0.38 1
66 4 6 0 0 -9.81 0.5 1.68306612968 -0.00848980905752 1 Albert  175.40864689800037 0.065 0.348610683281 1.19155593874 1 1 4 0.38 0
67 3 6 0 1 -9.81 0.5 1.65924096107 -0.0323149776671 1 Albert  178.21669261100033 0.065 0.585419749389 1.19155593874 1 1 4 0.38 1
68 4 6 0 0 9.81 0.5 1.64145112038 -0.0501048183654 1 Albert  180.97283922400038 0.065 0.336866738302 1.19155593874 1 1 4 0.38 0
69 3 6 0 0 -9.81 0.5 1.67717385292 -0.0143820858214 1 Albert  183.7351589030004 0.065 0.327331246205 1.19155593874 1 1 4 0.38 0
70 4 6 0 1 9.81 0.5 1.65847802162 -0.0330779171203 1 Albert  186.5122393749998 0.065 0.588818183238 1.19155593874 1 1 4 0.38 1
71 4 4.5 0 0 9.81 0.5 1.57121896744 0.171765004896 1 Albert  189.2991866149996 0.065 0.265608575225 0.899453962542 1 1 4 0.38 0
72 4 6 0 1 -9.81 0.5 1.53940010071 -0.152155838034 1 Albert  191.9769345750001 0.065 0.571063807249 1.19155593874 1 1 4 0.38 1
73 4 4.5 0 1 9.81 0.5 1.26001000404 -0.139443958498 1 Albert  194.62947897600043 0.065 0.425868025189 0.899453962542 1 1 4 0.38 1
74 3 4.5 0 1 9.81 0.5 1.32021284103 -0.0792411215079 1 Albert  196.99838853500023 0.065 0.435885633634 0.899453962542 1 1 4 0.38 1
75 3 4.5 0 0 -9.81 0.5 1.33017015457 -0.0692838079703 1 Albert  199.43814446800025 0.065 0.254271449035 0.899453962542 1 1 4 0.38 0
76 3 6 0 1 9.81 0.5 1.52764821053 -0.163907728216 1 Albert  201.86975534199973 0.065 0.55817509339 1.19155593874 1 1 4 0.38 1
77 3 4.5 0 0 9.81 0.5 1.27862405777 -0.120829904772 1 Albert  204.49384899800043 0.065 0.254442352146 0.899453962542 1 1 4 0.38 0
78 3 4.5 0 1 -9.81 0.5 1.30345511436 -0.0959988481772 1 Albert  206.8823249220004 0.065 0.446596536272 0.899453962542 1 1 4 0.38 1
79 3 6 0 0 9.81 0.5 1.60027098656 -0.091284952185 1 Albert  209.2782445640005 0.065 0.306902796827 1.19155593874 1 1 4 0.38 0
80 4 6 0 0 9.81 0.5 1.57150483131 -0.120051107428 1 Albert  211.9899438680004 0.065 0.3479299386 1.19155593874 1 1 4 0.38 0
81 4 4.5 0 0 -9.81 0.5 1.36724114418 -0.0322128183615 1 Albert  214.6682924710003 0.065 0.23754356414 0.899453962542 1 1 4 0.38 0
82 4 6 0 1 -9.81 0.5 1.60084295273 -0.0907129860137 1 Albert  217.15005285000007 0.065 0.580737484235 1.19155593874 1 1 4 0.38 1
83 3 6 0 1 -9.81 0.5 1.73246407509 0.0409081363465 1 Albert  219.87265762799962 0.065 0.553668437401 1.19155593874 1 1 4 0.38 1
84 4 6 0 0 -9.81 0.5 1.63804507256 -0.0535108661864 1 Albert  222.708324747 0.065 0.326076605284 1.19155593874 1 1 4 0.38 0
85 3 6 0 1 9.81 0.5 1.69290995598 0.00135401723643 1 Albert  225.45880221100015 0.065 0.589340112311 1.19155593874 1 1 4 0.38 1
86 4 4.5 0 0 9.81 0.5 1.29743003845 -0.10202392409 1 Albert  228.26245973799996 0.065 0.26286177604 0.899453962542 1 1 4 0.38 0
87 3 6 0 0 9.81 0.5 1.66557598114 -0.0259799576018 1 Albert  230.68065759599995 0.065 0.324439352668 1.19155593874 1 1 4 0.38 0
88 4 4.5 0 1 -9.81 0.5 1.30760908127 -0.0918448812735 1 Albert  233.45505776499976 0.065 0.435573304201 0.899453962542 1 1 4 0.38 1
89 4 4.5 0 1 9.81 0.5 1.33081579208 -0.0686381704581 1 Albert  235.8827741770001 0.065 0.425192214103 0.899453962542 1 1 4 0.38 1
90 4 6 0 1 9.81 0.5 1.62701106071 -0.0645448780272 1 Albert  238.33373991700046 0.065 0.537786565654 1.19155593874 1 1 4 0.38 1
91 3 4.5 0 0 -9.81 0.5 1.40148496628 0.00203100373628 1 Albert  241.0666034349997 0.065 0.236780091554 0.899453962542 1 1 4 0.38 0
92 3 4.5 0 1 -9.81 0.5 1.39029788971 -0.00915607283232 1 Albert  243.58632263100026 0.065 0.441515236443 0.899453962542 1 1 4 0.38 1
93 3 4.5 0 1 9.81 0.5 1.31618905067 -0.0832649118674 1 Albert  246.08797504700033 0.065 0.425797589881 0.899453962542 1 1 4 0.38 1
94 3 4.5 0 0 9.81 0.5 1.34813690186 -0.0513170606863 1 Albert  248.52226187399992 0.065 0.261195636492 0.899453962542 1 1 4 0.38 0
95 3 6 0 0 -9.81 0.5 1.80394792557 0.112391986826 1 Albert  250.97011044600004 0.065 0.347852469356 1.19155593874 1 1 4 0.38 0
96 4 4.5 0 0 9.81 0.5 1.37535881996 -0.0240951425802 1 Albert  253.86789193700042 0.065 0.238142117728 0.899453962542 1 1 4 0.38 0
97 3 6 0 1 -9.81 0.5 1.63875007629 -0.052805862448 1 Albert  256.35542367000016 0.065 0.547329353013 1.19155593874 1 1 4 0.38 1
98 3 4.5 0 1 9.81 0.5 1.3088619709 -0.0905919916403 1 Albert  259.11086960099965 0.065 0.437855824352 0.899453962542 1 1 4 0.38 1
99 4 4.5 0 1 -9.81 0.5 1.37332296371 -0.0261309988272 1 Albert  261.53335487999993 0.065 0.414789551999 0.899453962542 1 1 4 0.38 1
100 3 6 0 1 9.81 0.5 1.56873488426 -0.12282105448 1 Albert  264.01482627099995 0.065 0.586975074646 1.19155593874 1 1 4 0.38 1
101 4 6 0 0 -9.81 0.5 1.69963312149 0.00807718274851 1 Albert  266.71098138900015 0.065 0.322277650246 1.19155593874 1 1 4 0.38 0
102 4 4.5 0 1 9.81 0.5 1.34467196465 -0.0547819978964 1 Albert  269.5063280209997 0.065 0.433514813709 0.899453962542 1 1 4 0.38 1
103 4 6 0 1 9.81 0.5 1.68345499039 -0.008100948355 1 Albert  271.96210351900027 0.065 0.546643793089 1.19155593874 1 1 4 0.38 1
104 3 4.5 0 1 -9.81 0.5 1.39894199371 -0.000511968828417 1 Albert  274.77020183700006 0.065 0.418390093 0.899453962542 1 1 4 0.38 1
105 3 4.5 0 0 -9.81 0.5 1.52258706093 0.123133098387 1 Albert  277.2987814779999 0.065 0.263416032676 0.899453962542 1 1 4 0.38 0
106 4 6 0 1 -9.81 0.5 1.77716016769 0.0856042289521 1 Albert  279.92738869300047 0.065 0.580871426379 1.19155593874 1 1 4 0.38 1
107 4 4.5 0 0 -9.81 0.5 1.5007121563 0.101258193754 1 Albert  282.8211687760004 0.065 0.23326033633 0.899453962542 1 1 4 0.38 0
108 4 6 0 0 9.81 0.5 1.64746499062 -0.0440909481261 1 Albert  285.4330021140004 0.065 0.302710351975 1.19155593874 1 1 4 0.38 0
109 3 6 0 0 9.81 0.5 1.66359996796 -0.0279559707854 1 Albert  288.19256996199965 0.065 0.343608650441 1.19155593874 1 1 4 0.38 0
110 3 6 0 0 -9.81 0.5 1.69311690331 0.00156096456309 1 Albert  290.9691425299998 0.065 0.355371363074 1.19155593874 1 1 4 0.38 0
111 3 4.5 0 0 9.81 0.5 1.3256289959 -0.0738249666464 1 Albert  293.76662683700033 0.065 0.233234920175 0.899453962542 1 1 4 0.38 0
112 3 4.5 0 1 9.81 0.5 1.36448097229 -0.0349729902518 1 Albert  296.17701327600025 0.065 0.430798255966 0.899453962542 1 1 4 0.38 1
113 4 6 0 0 -9.81 0.5 1.67347407341 -0.0180818653319 1 Albert  298.656877378 0.065 0.327594478805 1.19155593874 1 1 4 0.38 0
114 4 4.5 0 0 9.81 0.5 1.3476088047 -0.051845157839 1 Albert  301.4462166359999 0.065 0.242908274583 0.899453962542 1 1 4 0.38 0
115 3 6 0 0 -9.81 0.5 1.70961999893 0.0180640601899 1 Albert  303.91146121600013 0.065 0.307504498484 1.19155593874 1 1 4 0.38 0
116 4 4.5 0 1 9.81 0.5 1.30398797989 -0.0954659826529 1 Albert  306.7324754459996 0.065 0.43737694529 0.899453962542 1 1 4 0.38 1
117 3 6 0 0 9.81 0.5 1.65779805183 -0.0337578869079 1 Albert  309.14124662799986 0.065 0.314266312305 1.19155593874 1 1 4 0.38 0
118 4 6 0 0 9.81 0.5 1.61785697937 -0.0736989593718 1 Albert  311.91754632599987 0.065 0.337370815028 1.19155593874 1 1 4 0.38 0
119 3 4.5 0 0 -9.81 0.5 1.47311401367 0.0736600511301 1 Albert  314.63285750900013 0.065 0.245622403933 0.899453962542 1 1 4 0.38 0
120 3 4.5 0 1 -9.81 0.5 1.42350912094 0.0240551583994 1 Albert  317.206281195 0.065 0.416068541183 0.899453962542 1 1 4 0.38 1
121 3 4.5 0 0 9.81 0.5 1.39289617538 -0.00655778715727 1 Albert  319.7451021280003 0.065 0.226307644777 0.899453962542 1 1 4 0.38 0
122 4 4.5 0 1 -9.81 0.5 1.42199420929 0.0225402467478 1 Albert  322.27120798800024 0.065 0.446579344516 0.899453962542 1 1 4 0.38 1
123 4 6 0 1 -9.81 0.5 1.67974710464 -0.0118088340972 1 Albert  324.80827469700034 0.065 0.573802333043 1.19155593874 1 1 4 0.38 1
124 3 6 0 1 -9.81 0.5 1.6934940815 0.00193814275523 1 Albert  327.5785776949997 0.065 0.594449078521 1.19155593874 1 1 4 0.38 1
125 4 6 0 1 9.81 0.5 1.61487293243 -0.0766830063079 1 Albert  330.39334775099996 0.065 0.53724094743 1.19155593874 1 1 4 0.38 1
126 3 6 0 1 9.81 0.5 1.62692689896 -0.0646290397857 1 Albert  333.12136695699974 0.065 0.573244628491 1.19155593874 1 1 4 0.38 1
127 4 4.5 0 0 -9.81 0.5 1.33523893356 -0.0642150289786 1 Albert  335.8636222590003 0.065 0.233475863711 0.899453962542 1 1 4 0.38 0
128 3 6 0 0 9.81 0.5 1.64591813087 -0.0456378078673 1 Albert  338.326244848 0.065 0.303207485254 1.19155593874 1 1 4 0.38 0
129 3 4.5 0 1 9.81 0.5 1.35363411903 -0.045819843508 1 Albert  341.0904375629998 0.065 0.431411913983 0.899453962542 1 1 4 0.38 1
130 4 4.5 0 0 9.81 0.5 1.37977695465 -0.0196770078909 1 Albert  343.554346379 0.065 0.23132525892 0.899453962542 1 1 4 0.38 0
131 4 4.5 0 1 -9.81 0.5 1.4120221138 0.0125681512583 1 Albert  346.04076302700014 0.065 0.405849722499 0.899453962542 1 1 4 0.38 1
132 4 6 0 0 9.81 0.5 1.66228413582 -0.0292718029235 1 Albert  348.555390601 0.065 0.319862105136 1.19155593874 1 1 4 0.38 0
133 3 6 0 1 9.81 0.5 1.94125795364 0.249702014902 1 Albert  351.3351176140004 0.065 0.558004455944 1.19155593874 1 1 4 0.38 1
134 3 4.5 0 0 -9.81 0.5 1.39365196228 -0.00580200026152 1 Albert  354.39659566499995 0.065 0.246316270044 0.899453962542 1 1 4 0.38 0
135 3 6 0 1 -9.81 0.5 1.76200318336 0.0704472446229 1 Albert  356.91556413800026 0.065 0.57577990287 1.19155593874 1 1 4 0.38 1
136 4 4.5 0 1 9.81 0.5 1.36308407784 -0.0363698847067 1 Albert  359.78454047000014 0.065 0.447477933392 0.899453962542 1 1 4 0.38 1
137 3 4.5 0 0 9.81 0.5 1.35876488686 -0.0406890756857 1 Albert  362.2523891569999 0.065 0.262823570673 0.899453962542 1 1 4 0.38 0
138 4 6 0 0 -9.81 0.5 1.68131780624 -0.0102381324981 1 Albert  364.73375176900026 0.065 0.312407394051 1.19155593874 1 1 4 0.38 0
139 4 6 0 1 9.81 0.5 1.60832309723 -0.083232841513 1 Albert  367.53081327699965 0.065 0.572080873736 1.19155593874 1 1 4 0.38 1
140 3 6 0 0 -9.81 0.5 1.79774093628 0.106184997537 1 Albert  370.24715450799977 0.065 0.309678248751 1.19155593874 1 1 4 0.38 0
141 4 4.5 0 0 -9.81 0.5 1.42271399498 0.0232600324381 1 Albert  373.15408343000036 0.065 0.240487109657 0.899453962542 1 1 4 0.38 0
142 4 6 0 1 -9.81 0.5 1.60693001747 -0.0846259212707 1 Albert  375.66934903699985 0.065 0.579755822126 1.19155593874 1 1 4 0.38 1
143 3 4.5 0 1 -9.81 0.5 1.39766192436 -0.00179203817961 1 Albert  378.3773721030002 0.065 0.447005126583 0.899453962542 1 1 4 0.38 1
144 4 4.5 0 1 9.81 0.5 1.29151296616 -0.107940996386 1 Albert  380.8917792510001 0.065 0.411558734978 0.899453962542 1 1 4 0.38 1
145 3 4.5 0 0 -9.81 0.5 1.42662501335 0.0271710508096 1 Albert  383.28927065100015 0.065 0.257358397971 0.899453962542 1 1 4 0.38 0
146 4 6 0 0 9.81 0.5 1.59994196892 -0.0916139698241 1 Albert  385.82824275500025 0.065 0.35464374432 1.19155593874 1 1 4 0.38 0
147 3 6 0 0 9.81 0.5 1.59037399292 -0.101181945822 1 Albert  388.52674545900027 0.065 0.309817602556 1.19155593874 1 1 4 0.38 0
148 4 4.5 0 0 9.81 0.5 1.31051015854 -0.088943804003 1 Albert  391.21975280100014 0.065 0.259603335465 0.899453962542 1 1 4 0.38 0
149 3 4.5 0 1 -9.81 0.5 1.37121486664 -0.0282390959036 1 Albert  393.626815953 0.065 0.448920151779 0.899453962542 1 1 4 0.38 1
150 4 4.5 0 0 -9.81 0.5 1.40332913399 0.00387517144563 1 Albert  396.1339934309999 0.065 0.245373678004 0.899453962542 1 1 4 0.38 0
151 4 4.5 0 1 -9.81 0.5 1.23923206329 -0.160221899248 1 Albert  398.6411133499996 0.065 0.426553989409 0.899453962542 1 1 4 0.38 1
152 3 6 0 1 -9.81 0.5 1.69836807251 0.0068121337678 1 Albert  400.9792033900003 0.065 0.550048470706 1.19155593874 1 1 4 0.38 1
153 3 4.5 0 0 9.81 0.5 1.38425087929 -0.0152030832541 1 Albert  403.79084052600047 0.065 0.227364765437 0.899453962542 1 1 4 0.38 0
154 3 6 0 1 9.81 0.5 1.64390182495 -0.0476541137908 1 Albert  406.30693940699985 0.065 0.561166424718 1.19155593874 1 1 4 0.38 1
155 4 6 0 0 -9.81 0.5 1.66632199287 -0.0252339458678 1 Albert  409.0606256910005 0.065 0.30226376281 1.19155593874 1 1 4 0.38 0
156 4 6 0 1 9.81 0.5 1.5938949585 -0.0976609802459 1 Albert  411.85695663499973 0.065 0.560162042132 1.19155593874 1 1 4 0.38 1
157 3 6 0 0 -9.81 0.5 1.81604409218 0.124488153436 1 Albert  414.572910674 0.065 0.350502113234 1.19155593874 1 1 4 0.38 0
158 4 6 0 1 -9.81 0.5 1.79308700562 0.101531066873 1 Albert  417.50856046599984 0.065 0.549538463686 1.19155593874 1 1 4 0.38 1
159 3 4.5 0 1 9.81 0.5 1.33910608292 -0.0603478796255 1 Albert  420.3971402400002 0.065 0.41744929036 0.899453962542 1 1 4 0.38 1
160 3 4.5 0 1 9.81 0.5 1.42273402214 0.0232800595987 1 Albert  422.8594668900005 0.065 0.422577533606 0.899453962542 1 1 4 0.38 1
161 3 4.5 0 0 9.81 0.5 1.39439511299 -0.00505884955046 1 Albert  425.3768715260003 0.065 0.235036416511 0.899453962542 1 1 4 0.38 0
162 4 6 0 0 -9.81 0.5 1.79751801491 0.105962076166 1 Albert  427.88695039600043 0.065 0.332531733475 1.19155593874 1 1 4 0.38 0
163 4 4.5 0 0 9.81 0.5 1.35074520111 -0.048708761431 1 Albert  430.7772352089996 0.065 0.237471946041 0.899453962542 1 1 4 0.38 0
164 3 4.5 0 1 -9.81 0.5 1.41882705688 0.019373094343 1 Albert  433.2469455070004 0.065 0.423504576232 0.899453962542 1 1 4 0.38 1
165 4 4.5 0 0 -9.81 0.5 1.35273504257 -0.0467189199698 1 Albert  435.78233706599985 0.065 0.254155703176 0.899453962542 1 1 4 0.38 0
166 4 6 0 0 9.81 0.5 1.64581799507 -0.0457379436706 1 Albert  438.25380440200024 0.065 0.351370858947 1.19155593874 1 1 4 0.38 0
167 3 6 0 0 -9.81 0.5 1.72775697708 0.0362010383393 1 Albert  441.02353697499984 0.065 0.316498273845 1.19155593874 1 1 4 0.38 0
168 4 4.5 0 1 -9.81 0.5 1.32030391693 -0.0791500456106 1 Albert  443.85258748700016 0.065 0.43183924094 0.899453962542 1 1 4 0.38 1
169 3 6 0 0 9.81 0.5 1.72577500343 0.0342190646913 1 Albert  446.2809108199999 0.065 0.346739023443 1.19155593874 1 1 4 0.38 0
170 3 6 0 1 -9.81 0.5 1.65348696709 -0.0380689716552 1 Albert  449.1293831610001 0.065 0.592780390727 1.19155593874 1 1 4 0.38 1
171 4 6 0 1 -9.81 0.5 1.75345182419 0.0618958854463 1 Albert  451.8796650229997 0.065 0.536447096908 1.19155593874 1 1 4 0.38 1
172 4 4.5 0 1 9.81 0.5 1.39349317551 -0.0059607870352 1 Albert  454.72733418700045 0.065 0.43902149447 0.899453962542 1 1 4 0.38 1
173 3 6 0 1 9.81 0.5 1.66359090805 -0.0279650306914 1 Albert  457.2261336399997 0.065 0.593072407445 1.19155593874 1 1 4 0.38 1
174 3 4.5 0 0 -9.81 0.5 1.4832379818 0.0837840192545 1 Albert  459.9821699330005 0.065 0.25123088368 0.899453962542 1 1 4 0.38 0
175 4 6 0 1 9.81 0.5 1.61257910728 -0.0789768314574 1 Albert  462.58842754000034 0.065 0.540587204607 1.19155593874 1 1 4 0.38 1
176 3 4.5 0 1 -9.81 0.5 1.44054698944 0.0410930268991 1 Albert  465.3079352980003 0.065 0.429061077341 0.899453962542 1 1 4 0.38 1
177 3 4.5 0 0 -9.81 0.5 1.46178102493 0.0623270623911 1 Albert  467.87914507700043 0.065 0.245432562873 0.899453962542 1 1 4 0.38 0
178 4 4.5 0 0 9.81 0.5 1.28214693069 -0.117307031847 1 Albert  470.46169304399973 0.065 0.244117476829 0.899453962542 1 1 4 0.38 0
179 4 4.5 0 1 9.81 0.5 1.38208198547 -0.0173719770682 1 Albert  472.83367253400047 0.065 0.449678422764 0.899453962542 1 1 4 0.38 1
180 3 4.5 0 1 9.81 0.5 1.35951519012 -0.0399387724173 1 Albert  475.3293436740005 0.065 0.437482751962 0.899453962542 1 1 4 0.38 1
181 3 6 0 0 -9.81 0.5 1.67027306557 -0.0212828731749 1 Albert  477.80848874000003 0.065 0.326023600814 1.19155593874 1 1 4 0.38 0
182 3 6 0 0 9.81 0.5 1.63688087463 -0.0546750641082 1 Albert  480.5761673850002 0.065 0.329930100854 1.19155593874 1 1 4 0.38 0
183 4 6 0 0 9.81 0.5 1.66960310936 -0.0219528293822 1 Albert  483.3334865500001 0.065 0.346206944466 1.19155593874 1 1 4 0.38 0
184 4 4.5 0 0 -9.81 0.5 1.38895201683 -0.0105019457114 1 Albert  486.12944131400036 0.065 0.247871315801 0.899453962542 1 1 4 0.38 0
185 4 6 0 1 9.81 0.5 1.61047887802 -0.0810770607207 1 Albert  488.6250307299997 0.065 0.576839653618 1.19155593874 1 1 4 0.38 1
186 4 6 0 0 -9.81 0.5 1.71323490143 0.0216789626863 1 Albert  491.3395043090004 0.065 0.327588207378 1.19155593874 1 1 4 0.38 0
187 3 4.5 0 0 9.81 0.5 1.28047585487 -0.118978107668 1 Albert  494.1554877999997 0.065 0.240342970522 0.899453962542 1 1 4 0.38 0
188 4 4.5 0 1 -9.81 0.5 1.37667584419 -0.0227781183493 1 Albert  496.55658293000033 0.065 0.442399204685 0.899453962542 1 1 4 0.38 1
189 3 6 0 1 9.81 0.5 1.72184205055 0.0302861118104 1 Albert  499.01974716899986 0.065 0.547044828246 1.19155593874 1 1 4 0.38 1
190 3 6 0 1 -9.81 0.5 1.82385110855 0.132295169809 1 Albert  501.8541381269997 0.065 0.589607739066 1.19155593874 1 1 4 0.38 1
191 4 6 0 1 -9.81 0.5 1.85020709038 0.158651151636 1 Albert  504.7773910900005 0.065 0.563449137727 1.19155593874 1 1 4 0.38 1
192 4 4.5 0 0 9.81 0.5 1.42015600204 0.0207020395029 1 Albert  507.7422408190005 0.065 0.235813219556 0.899453962542 1 1 4 0.38 0
193 4 4.5 0 1 9.81 0.5 1.41861391068 0.0191599481333 1 Albert  510.2679341379999 0.065 0.440245723839 0.899453962542 1 1 4 0.38 1
194 3 4.5 0 0 -9.81 0.5 1.41003704071 0.0105830781687 1 Albert  512.8091316600003 0.065 0.228019438812 0.899453962542 1 1 4 0.38 0
195 4 4.5 0 1 -9.81 0.5 1.37285208702 -0.0266018755209 1 Albert  515.3416158979999 0.065 0.443190202882 0.899453962542 1 1 4 0.38 1
196 3 6 0 1 -9.81 0.5 1.7312271595 0.0396712207582 1 Albert  517.8117351849996 0.065 0.58088066987 1.19155593874 1 1 4 0.38 1
197 4 4.5 0 0 -9.81 0.5 1.39401698112 -0.00543698141692 1 Albert  520.6402795430004 0.065 0.238512605891 0.899453962542 1 1 4 0.38 0
198 3 4.5 0 1 9.81 0.5 1.33031511307 -0.0691388494742 1 Albert  523.1310453670003 0.065 0.407220802344 0.899453962542 1 1 4 0.38 1
199 4 6 0 0 -9.81 0.5 1.67721891403 -0.01433702471 1 Albert  525.5668211319999 0.065 0.299957159614 1.19155593874 1 1 4 0.38 0
200 3 6 0 1 9.81 0.5 1.64187717438 -0.0496787643645 1 Albert  528.3662185789999 0.065 0.536258298269 1.19155593874 1 1 4 0.38 1
201 3 4.5 0 0 9.81 0.5 1.38035798073 -0.0190959818136 1 Albert  531.105295847 0.065 0.257125934204 0.899453962542 1 1 4 0.38 0
202 4 6 0 1 9.81 0.5 1.63710689545 -0.0544490432952 1 Albert  533.6050374039996 0.065 0.56957416784 1.19155593874 1 1 4 0.38 1
203 3 4.5 0 1 -9.81 0.5 1.42249703407 0.0230430715311 1 Albert  536.346753971 0.065 0.445962009151 0.899453962542 1 1 4 0.38 1
204 4 6 0 0 9.81 0.5 1.64482498169 -0.0467309570525 1 Albert  538.8880639039999 0.065 0.335712299694 1.19155593874 1 1 4 0.38 0
205 3 6 0 0 9.81 0.5 1.69512200356 0.00356606481333 1 Albert  541.6500300200005 0.065 0.301133926725 1.19155593874 1 1 4 0.38 0
206 4 6 0 1 -9.81 0.5 1.75688695908 0.065331020334 1 Albert  544.4598718039997 0.065 0.537682446439 1.19155593874 1 1 4 0.38 1
207 3 6 0 0 -9.81 0.5 1.68378210068 -0.00777383806447 1 Albert  547.3462277380004 0.065 0.298255245907 1.19155593874 1 1 4 0.38 0
208 3 4.5 0 0 9.81 0.5 1.31124711037 -0.088206852175 1 Albert  550.1517351700004 0.065 0.234862329879 0.899453962542 1 1 4 0.38 0
209 3 6 0 0 -9.81 0.5 1.83254694939 0.140991010645 1 Albert  552.543454402 0.065 0.303430449792 1.19155593874 1 1 4 0.38 0
210 4 6 0 0 -9.81 0.5 1.7022459507 0.0106900119569 1 Albert  555.4818973600004 0.065 0.318817085353 1.19155593874 1 1 4 0.38 0
211 4 6 0 1 9.81 0.5 1.62929797173 -0.0622579670165 1 Albert  558.3063069299997 0.065 0.55402011365 1.19155593874 1 1 4 0.38 1
212 4 4.5 0 1 -9.81 0.5 1.41933917999 0.0198852174509 1 Albert  561.0217694550001 0.065 0.407679999733 0.899453962542 1 1 4 0.38 1
213 3 4.5 0 0 -9.81 0.5 1.4511590004 0.0517050378549 1 Albert  563.5410978440004 0.065 0.259234528757 0.899453962542 1 1 4 0.38 0
214 4 6 0 1 -9.81 0.5 1.67285394669 -0.0187019920562 1 Albert  566.0987194709996 0.065 0.537165983089 1.19155593874 1 1 4 0.38 1
215 3 4.5 0 1 9.81 0.5 1.36388802528 -0.035565937258 1 Albert  568.8824109730003 0.065 0.445303464974 0.899453962542 1 1 4 0.38 1
216 3 6 0 1 -9.81 0.5 1.70458102226 0.0130250835206 1 Albert  571.3461337489998 0.065 0.571605864308 1.19155593874 1 1 4 0.38 1
217 4 6 0 0 9.81 0.5 1.7299489975 0.0383930587556 1 Albert  574.1458210110004 0.065 0.301668053083 1.19155593874 1 1 4 0.38 0
218 3 4.5 0 1 -9.81 0.5 1.38577413559 -0.0136798269522 1 Albert  576.9822427219997 0.065 0.421009963124 0.899453962542 1 1 4 0.38 1
219 4 4.5 0 1 9.81 0.5 1.25430798531 -0.145145977236 1 Albert  579.472025393 0.065 0.427343692312 0.899453962542 1 1 4 0.38 1
220 4 4.5 0 0 -9.81 0.5 1.32629919052 -0.0731547720206 1 Albert  581.8190016819999 0.065 0.267955544302 0.899453962542 1 1 4 0.38 0
221 3 6 0 1 9.81 0.5 1.706605196 0.0150492572572 1 Albert  584.2700437009998 0.065 0.564437601215 1.19155593874 1 1 4 0.38 1
222 4 4.5 0 0 9.81 0.5 1.35221290588 -0.047241056658 1 Albert  587.1024492209999 0.065 0.262298611086 0.899453962542 1 1 4 0.38 0
223 3 6 0 0 9.81 0.5 1.62801504135 -0.0635408973906 1 Albert  589.5826524570002 0.065 0.301130256219 1.19155593874 1 1 4 0.38 0
224 4 6 0 0 -9.81 0.5 1.66609787941 -0.0254580593322 1 Albert  592.3270381660004 0.065 0.323146703112 1.19155593874 1 1 4 0.38 0
225 3 4.5 0 1 -9.81 0.5 1.35275888443 -0.0466950781119 1 Albert  595.1240486739998 0.065 0.434346094622 0.899453962542 1 1 4 0.38 1
226 4 4.5 0 0 9.81 0.5 1.31677293777 -0.0826810247671 1 Albert  597.5914156950003 0.065 0.236494458356 0.899453962542 1 1 4 0.38 0
227 3 6 0 0 -9.81 0.5 1.70415091515 0.0125949764039 1 Albert  600.0087883469996 0.065 0.320908817187 1.19155593874 1 1 4 0.38 0
228 3 6 0 0 9.81 0.5 1.64652991295 -0.0450260257934 1 Albert  602.8300639730005 0.065 0.342954488694 1.19155593874 1 1 4 0.38 0
229 4 6 0 1 -9.81 0.5 1.61996197701 -0.071593961737 1 Albert  605.5721392710002 0.065 0.567186602658 1.19155593874 1 1 4 0.38 1
230 3 4.5 0 0 -9.81 0.5 1.57325911522 0.173805152677 1 Albert  608.3160908469999 0.065 0.225586971569 0.899453962542 1 1 4 0.38 0
231 4 4.5 0 0 -9.81 0.5 1.55835199356 0.158898031019 1 Albert  610.9876954470001 0.065 0.250807273522 0.899453962542 1 1 4 0.38 0
232 4 4.5 0 1 -9.81 0.5 1.45301795006 0.0535639875162 1 Albert  613.6588341030001 0.065 0.43136610226 0.899453962542 1 1 4 0.38 1
233 4 4.5 0 1 9.81 0.5 1.36367607117 -0.0357778913748 1 Albert  616.2266177199999 0.065 0.414193002139 0.899453962542 1 1 4 0.38 1
234 4 6 0 1 9.81 0.5 1.65313601494 -0.0384199238036 1 Albert  618.724632898 0.065 0.545212505386 1.19155593874 1 1 4 0.38 1
235 3 6 0 1 9.81 0.5 1.70851111412 0.0169551753785 1 Albert  621.487893253 0.065 0.565754340146 1.19155593874 1 1 4 0.38 1
236 3 6 0 1 -9.81 0.5 1.72552514076 0.0339692020204 1 Albert  624.3076698650002 0.065 0.573872522885 1.19155593874 1 1 4 0.38 1
237 4 6 0 0 9.81 0.5 1.72693705559 0.0353811168458 1 Albert  627.1424970460002 0.065 0.305649399153 1.19155593874 1 1 4 0.38 0
238 3 4.5 0 1 9.81 0.5 1.3059489727 -0.0935049898398 1 Albert  629.9830607969998 0.065 0.422189079212 0.899453962542 1 1 4 0.38 1
239 3 4.5 0 0 9.81 0.5 1.2400829792 -0.15937098334 1 Albert  632.4023459050004 0.065 0.254218413787 0.899453962542 1 1 4 0.38 0
240 4 4.5 0 1 9.81 0.5 1.31906199455 -0.0803919679892 1 Albert  634.7251516850001 0.065 0.411998277297 0.899453962542 1 1 4 0.38 1
241 3 4.5 0 0 -9.81 0.5 1.49215388298 0.0926999204386 1 Albert  637.1651680710002 0.065 0.248461675914 0.899453962542 1 1 4 0.38 0
242 3 6 0 1 -9.81 0.5 1.70433211327 0.012776174524 1 Albert  639.7568260569997 0.065 0.583072348063 1.19155593874 1 1 4 0.38 1
243 4 4.5 0 0 9.81 0.5 1.39999103546 0.000537072919629 1 Albert  642.5571666260003 0.065 0.232283952513 0.899453962542 1 1 4 0.38 0
244 4 6 0 1 -9.81 0.5 1.82859492302 0.137038984277 1 Albert  645.0495845730002 0.065 0.559331193621 1.19155593874 1 1 4 0.38 1
245 3 4.5 0 1 9.81 0.5 1.33029508591 -0.0691588766348 1 Albert  647.9818959949998 0.065 0.413539597592 0.899453962542 1 1 4 0.38 1
246 4 4.5 0 0 -9.81 0.5 1.52094984055 0.121495878004 1 Albert  650.4209811410001 0.065 0.241502291036 0.899453962542 1 1 4 0.38 0
247 4 6 0 0 9.81 0.5 1.98523879051 0.29368285177 1 Albert  653.0590290350001 0.065 0.302268038343 1.19155593874 1 1 4 0.38 0
248 3 6 0 1 9.81 0.5 1.98523879051 0.29368285177 1 Albert  655.7221419360003 0.065 0.567459771123 1.19155593874 1 1 4 0.38 1
249 4 4.5 0 1 -9.81 0.5 1.36161398888 -0.0378399736655 1 Albert  656.1567450620005 0.065 0.407055313251 0.899453962542 1 1 4 0.38 1
250 4 6 0 0 -9.81 0.5 1.81172585487 0.120169916132 1 Albert  658.6109127440004 0.065 0.304606313431 1.19155593874 1 1 4 0.38 0
251 3 4.5 0 1 -9.81 0.5 1.4543697834 0.0549158208597 1 Albert  661.5154547809998 0.065 0.435492918432 0.899453962542 1 1 4 0.38 1
252 3 6 0 0 -9.81 0.5 1.7210290432 0.0294731044557 1 Albert  664.0643813670004 0.065 0.299179832817 1.19155593874 1 1 4 0.38 0
253 4 6 0 1 9.81 0.5 1.67051100731 -0.021044931433 1 Albert  666.8836361040003 0.065 0.589146355678 1.19155593874 1 1 4 0.38 1
254 3 6 0 0 9.81 0.5 1.57994318008 -0.111612758658 1 Albert  669.6527007080003 0.065 0.346097304813 1.19155593874 1 1 4 0.38 0
255 3 4.5 0 0 9.81 0.5 1.3963060379 -0.00314792463896 1 Albert  672.3253243279996 0.065 0.256834567102 0.899453962542 1 1 4 0.38 0
256 4 6 0 0 9.81 0.5 1.59264993668 -0.0989060020659 1 Albert  674.8303689980003 0.065 0.308572594668 1.19155593874 1 1 4 0.38 0
257 4 4.5 0 1 9.81 0.5 1.39615106583 -0.00330289671538 1 Albert  677.5236680260005 0.065 0.411652603776 0.899453962542 1 1 4 0.38 1
258 4 6 0 1 9.81 0.5 1.63951706886 -0.052038869879 1 Albert  680.0174412879996 0.065 0.552776063174 1.19155593874 1 1 4 0.38 1
259 3 4.5 0 0 -9.81 0.5 1.39945793152 3.96897675836e-06 1 Albert  682.7863691749999 0.065 0.241131576368 0.899453962542 1 1 4 0.38 0
260 3 4.5 0 1 9.81 0.5 1.32882809639 -0.070625866152 1 Albert  685.3049751340004 0.065 0.448042694403 0.899453962542 1 1 4 0.38 1
261 4 4.5 0 0 -9.81 0.5 1.42381882668 0.0243648641336 1 Albert  687.7485031030001 0.065 0.233137741206 0.899453962542 1 1 4 0.38 0
262 4 4.5 0 1 -9.81 0.5 1.47967195511 0.0802179925668 1 Albert  690.2700696720003 0.065 0.419200360566 0.899453962542 1 1 4 0.38 1
263 3 6 0 1 -9.81 0.5 1.84123897552 0.149683036783 1 Albert  692.8451557979997 0.065 0.546127239308 1.19155593874 1 1 4 0.38 1
264 3 4.5 0 1 -9.81 0.5 1.59270191193 0.193247949384 1 Albert  695.7925022640002 0.065 0.415765994595 0.899453962542 1 1 4 0.38 1
265 3 6 0 1 9.81 0.5 1.65995812416 -0.0315978145812 1 Albert  698.4812967429998 0.065 0.578137474237 1.19155593874 1 1 4 0.38 1
266 3 6 0 0 9.81 0.5 1.81600689888 0.124450960138 1 Albert  701.2432241859997 0.065 0.347385151382 1.19155593874 1 1 4 0.38 0
267 3 4.5 0 0 9.81 0.5 1.33914995193 -0.060304010607 1 Albert  704.1814746239997 0.065 0.248980426436 0.899453962542 1 1 4 0.38 0
268 3 6 0 0 -9.81 0.5 1.76685094833 0.0752950095918 1 Albert  706.6177396020003 0.065 0.302797372781 1.19155593874 1 1 4 0.38 0
269 4 6 0 1 -9.81 0.5 1.71302318573 0.021467246988 1 Albert  709.493791979 0.065 0.561320686895 1.19155593874 1 1 4 0.38 1
270 4 4.5 0 0 9.81 0.5 1.3700671196 -0.0293868429434 1 Albert  712.306044678 0.065 0.256547475422 0.899453962542 1 1 4 0.38 0
271 4 6 0 0 -9.81 0.5 1.80925798416 0.117702045419 1 Albert  714.7726582369996 0.065 0.300709210373 1.19155593874 1 1 4 0.38 0
272 3 6 0 0 9.81 0.5 1.5875389576 -0.104016981146 1 Albert  717.715154429 0.065 0.348914288662 1.19155593874 1 1 4 0.38 0
273 3 4.5 0 0 -9.81 0.5 1.50338697433 0.103933011793 1 Albert  720.4147016340003 0.065 0.238291286611 0.899453962542 1 1 4 0.38 0
274 4 4.5 0 1 9.81 0.5 1.24013900757 -0.159314954973 1 Albert  723.0214859520001 0.065 0.424687363092 0.899453962542 1 1 4 0.38 1
275 4 4.5 0 0 -9.81 0.5 1.47689509392 0.0774411313761 1 Albert  725.3765319860004 0.065 0.267204873837 0.899453962542 1 1 4 0.38 0
276 3 4.5 0 0 9.81 0.5 1.3940680027 -0.00538595984099 1 Albert  727.9550994310002 0.065 0.26263388344 0.899453962542 1 1 4 0.38 0
277 3 4.5 0 1 9.81 0.5 1.35911107063 -0.0403428919089 1 Albert  730.455517718 0.065 0.417915727479 0.899453962542 1 1 4 0.38 1
278 3 6 0 1 -9.81 0.5 1.69959402084 0.00803808210154 1 Albert  732.9410297410004 0.065 0.570189952381 1.19155593874 1 1 4 0.38 1
279 4 6 0 0 -9.81 0.5 1.80687904358 0.115323104837 1 Albert  735.7430860109998 0.065 0.300683160944 1.19155593874 1 1 4 0.38 0
280 3 4.5 0 1 -9.81 0.5 1.4498860836 0.0504321210611 1 Albert  738.6762348729999 0.065 0.432149124751 0.899453962542 1 1 4 0.38 1
281 4 4.5 0 1 -9.81 0.5 1.41808199883 0.0186280362833 1 Albert  741.2182650040004 0.065 0.434294857375 0.899453962542 1 1 4 0.38 1
282 4 6 0 1 9.81 0.5 1.70695590973 0.015399970987 1 Albert  743.739309568 0.065 0.548841669786 1.19155593874 1 1 4 0.38 1
283 3 6 0 1 9.81 0.5 1.85457396507 0.163018026331 1 Albert  746.5653086929997 0.065 0.54797461093 1.19155593874 1 1 4 0.38 1
284 4 4.5 0 0 9.81 0.5 1.33781480789 -0.06163915465 1 Albert  749.525287343 0.065 0.238112875346 0.899453962542 1 1 4 0.38 0
285 4 6 0 1 -9.81 0.5 2.07685995102 0.385304012277 1 Albert  751.9569223389999 0.065 0.538671186269 1.19155593874 1 1 4 0.38 1
286 3 6 0 0 -9.81 0.5 2.00209999084 0.310544052103 1 Albert  755.1450339379999 0.065 0.300760028352 1.19155593874 1 1 4 0.38 0
287 4 6 0 0 9.81 0.5 1.76322889328 0.0716729545381 1 Albert  758.2492471380001 0.065 0.310570590642 1.19155593874 1 1 4 0.38 0
288 4 4.5 0 1 9.81 0.5 1.36118292809 -0.0382710344565 1 Albert  761.135127085 0.065 0.408084534147 0.899453962542 1 1 4 0.38 1
289 4 4.5 0 1 -9.81 0.5 1.39890503883 -0.000548923708178 1 Albert  763.599179459 0.065 0.41319163237 0.899453962542 1 1 4 0.38 1
290 3 4.5 0 0 -9.81 0.5 1.39194393158 -0.00751003096221 1 Albert  766.0972282009998 0.065 0.229349202848 0.899453962542 1 1 4 0.38 0
291 4 6 0 1 9.81 0.5 1.69618582726 0.00462988851328 1 Albert  768.6052836660001 0.065 0.577294431134 1.19155593874 1 1 4 0.38 1
292 4 6 0 1 -9.81 0.5 1.86611890793 0.174562969187 1 Albert  771.416607182 0.065 0.589953093338 1.19155593874 1 1 4 0.38 1
293 3 4.5 0 1 9.81 0.5 1.35195207596 -0.0475018865835 1 Albert  774.3842670880003 0.065 0.408211779254 0.899453962542 1 1 4 0.38 1
294 3 6 0 1 -9.81 0.5 1.60629010201 -0.085265836737 1 Albert  776.8412952440003 0.065 0.555222558262 1.19155593874 1 1 4 0.38 1
295 3 6 0 0 9.81 0.5 1.66569805145 -0.0258578872893 1 Albert  779.5387063600001 0.065 0.351315849381 1.19155593874 1 1 4 0.38 0
296 3 4.5 0 1 -9.81 0.5 1.41166806221 0.0122140996683 1 Albert  782.3071852960002 0.065 0.449715156727 0.899453962542 1 1 4 0.38 1
297 3 6 0 1 9.81 0.5 1.64269185066 -0.0488640880797 1 Albert  784.8211062529999 0.065 0.550223103453 1.19155593874 1 1 4 0.38 1
298 4 4.5 0 0 -9.81 0.5 1.42940402031 0.0299500577677 1 Albert  787.5553868930001 0.065 0.266727711112 0.899453962542 1 1 4 0.38 0
299 3 6 0 0 -9.81 0.5 1.61022400856 -0.0813319301818 1 Albert  790.0931769270001 0.065 0.339287146655 1.19155593874 1 1 4 0.38 0
300 3 4.5 0 0 9.81 0.5 1.35949993134 -0.0399540312063 1 Albert  792.8292433550005 0.065 0.249175998236 0.899453962542 1 1 4 0.38 0
301 4 6 0 0 9.81 0.5 1.70755314827 0.0159972095277 1 Albert  795.3032679480002 0.065 0.314606309459 1.19155593874 1 1 4 0.38 0
302 4 4.5 0 0 9.81 0.5 1.4085290432 0.00907508065584 1 Albert  798.122207165 0.065 0.240320921881 0.899453962542 1 1 4 0.38 0
303 4 6 0 0 -9.81 0.5 1.64689803123 -0.0446579075072 1 Albert  800.6154002310004 0.065 0.320438302163 1.19155593874 1 1 4 0.38 0
304 3 6 0 0 -9.81 0.5 1.76891613007 0.077360191324 1 Albert  803.3637454469999 0.065 0.327914204502 1.19155593874 1 1 4 0.38 0
305 3 4.5 0 1 -9.81 0.5 1.46675491333 0.0673009507883 1 Albert  806.2487318630001 0.065 0.416547001153 0.899453962542 1 1 4 0.38 1
306 4 4.5 0 0 9.81 0.5 1.37701392174 -0.0224400408041 1 Albert  808.8218888809997 0.065 0.254416948794 0.899453962542 1 1 4 0.38 0
307 3 6 0 1 9.81 0.5 1.64528512955 -0.0462708091948 1 Albert  811.3049870619998 0.065 0.53724111508 1.19155593874 1 1 4 0.38 1
308 4 4.5 0 0 -9.81 0.5 1.45307707787 0.0536231153238 1 Albert  814.0578488849997 0.065 0.241864105467 0.899453962542 1 1 4 0.38 0
309 4 6 0 0 -9.81 0.5 1.82924103737 0.137685098627 1 Albert  816.6304934939999 0.065 0.340396715139 1.19155593874 1 1 4 0.38 0
310 4 6 0 0 9.81 0.5 1.73974299431 0.0481870555665 1 Albert  819.5909176519999 0.065 0.343178554395 1.19155593874 1 1 4 0.38 0
311 3 4.5 0 1 9.81 0.5 1.32204604149 -0.0774079210531 1 Albert  822.4389491450002 0.065 0.442073502021 0.899453962542 1 1 4 0.38 1
312 4 4.5 0 1 9.81 0.5 1.35885286331 -0.04060109923 1 Albert  824.8892512430002 0.065 0.444960409462 0.899453962542 1 1 4 0.38 1
313 3 4.5 0 0 -9.81 0.5 1.60082387924 0.2013699167 1 Albert  827.3557691719998 0.065 0.260238944125 0.899453962542 1 1 4 0.38 0
314 3 4.5 0 0 9.81 0.5 1.26202106476 -0.137432897783 1 Albert  830.0423459370004 0.065 0.249333192445 0.899453962542 1 1 4 0.38 0
315 3 6 0 0 9.81 0.5 1.67670488358 -0.0148510551665 1 Albert  832.4145253209999 0.065 0.301612016619 1.19155593874 1 1 4 0.38 0
316 4 6 0 1 9.81 0.5 1.65404891968 -0.0375070190642 1 Albert  835.2142544589997 0.065 0.580131527859 1.19155593874 1 1 4 0.38 1
317 4 4.5 0 1 -9.81 0.5 1.47645401955 0.0770000570047 1 Albert  837.9900575600004 0.065 0.425862254011 0.899453962542 1 1 4 0.38 1
318 3 6 0 1 -9.81 0.5 1.69423294067 0.00267700193186 1 Albert  840.5935703779996 0.065 0.566243602018 1.19155593874 1 1 4 0.38 1
319 4 6 0 1 -9.81 0.5 1.73215889931 0.0406029605653 1 Albert  843.3845369050005 0.065 0.589045859634 1.19155593874 1 1 4 0.38 1
320 3 4.5 0 1 9.81 0.5 1.37700510025 -0.0224488622916 1 Albert  846.2219261170003 0.065 0.436348480719 0.899453962542 1 1 4 0.38 1
321 3 4.5 0 0 9.81 0.5 1.36388707161 -0.0355668909323 1 Albert  848.7008627949999 0.065 0.255360037781 0.899453962542 1 1 4 0.38 0
322 3 6 0 0 -9.81 0.5 1.73504114151 0.043485202768 1 Albert  852.1226667310002 0.065 0.313642387739 1.19155593874 1 1 4 0.38 0
323 4 6 0 1 -9.81 0.5 1.57649993896 -0.115055999777 1 Albert  853.995092915 0.065 0.55949143952 1.19155593874 1 1 4 0.38 1
324 3 6 0 0 9.81 0.5 1.65437793732 -0.0371780014251 1 Albert  856.6616398830001 0.065 0.31067615054 1.19155593874 1 1 4 0.38 0
325 3 6 0 1 -9.81 0.5 1.72063994408 0.0290840053346 1 Albert  859.4317574650004 0.065 0.558957247013 1.19155593874 1 1 4 0.38 1
326 4 4.5 0 1 9.81 0.5 1.29223489761 -0.107219064928 1 Albert  862.2687726599997 0.065 0.430100803028 0.899453962542 1 1 4 0.38 1
327 4 6 0 1 9.81 0.5 1.62030911446 -0.0712468242858 1 Albert  864.6607393849999 0.065 0.593198424783 1.19155593874 1 1 4 0.38 1
328 4 4.5 0 0 9.81 0.5 1.33845686913 -0.0609970934164 1 Albert  867.3733120799998 0.065 0.240809414544 0.899453962542 1 1 4 0.38 0
329 4 6 0 0 -9.81 0.5 1.69277596474 0.00122002599497 1 Albert  869.8195628789999 0.065 0.31180855889 1.19155593874 1 1 4 0.38 0
330 3 6 0 1 9.81 0.5 1.63014006615 -0.0614158725951 1 Albert  872.6169844429996 0.065 0.588297786719 1.19155593874 1 1 4 0.38 1
331 3 4.5 0 1 -9.81 0.5 1.36489200592 -0.0345619566214 1 Albert  875.3866345369997 0.065 0.436054302714 0.899453962542 1 1 4 0.38 1
332 4 6 0 0 9.81 0.5 1.74244093895 0.0508850002076 1 Albert  877.8509020330002 0.065 0.329291829916 1.19155593874 1 1 4 0.38 0
333 4 4.5 0 1 -9.81 0.5 1.41225194931 0.0127979867685 1 Albert  880.6878973319999 0.065 0.431699240999 0.899453962542 1 1 4 0.38 1
334 4 4.5 0 0 -9.81 0.5 1.43028402328 0.0308300607431 1 Albert  883.2013366700003 0.065 0.226062951632 0.899453962542 1 1 4 0.38 0
335 3 4.5 0 0 -9.81 0.5 1.39446806908 -0.00498589346526 1 Albert  885.7409676739999 0.065 0.245096199774 0.899453962542 1 1 4 0.38 0
336 4 4.5 0 0 9.81 0.5 1.41000294685 0.0105489843118 1 Albert  888.2413164770005 0.065 0.234684574798 0.899453962542 1 1 4 0.38 0
337 3 4.5 0 0 -9.81 0.5 1.38941907883 -0.0100348837149 1 Albert  890.7814657449999 0.065 0.265738800259 0.899453962542 1 1 4 0.38 0
338 3 4.5 0 1 9.81 0.5 1.43209600449 0.0326420419443 1 Albert  893.2884854350004 0.065 0.424602251302 0.899453962542 1 1 4 0.38 1
339 3 4.5 0 1 -9.81 0.5 1.43722200394 0.037768041395 1 Albert  895.8227071700003 0.065 0.409934627666 0.899453962542 1 1 4 0.38 1
340 4 4.5 0 0 -9.81 0.5 1.53376507759 0.134311115049 1 Albert  898.3723151370004 0.065 0.240488549301 0.899453962542 1 1 4 0.38 0
341 4 6 0 1 9.81 0.5 1.67102193832 -0.020534000418 1 Albert  901.0411124880002 0.065 0.538167542735 1.19155593874 1 1 4 0.38 1
342 3 6 0 0 -9.81 0.5 1.81903100014 0.127475061395 1 Albert  903.8119474929999 0.065 0.353926897986 1.19155593874 1 1 4 0.38 0
343 4 6 0 1 -9.81 0.5 1.85134410858 0.15978816984 1 Albert  906.725689672 0.065 0.577493975487 1.19155593874 1 1 4 0.38 1
344 4 6 0 0 9.81 0.5 1.74177598953 0.0502200507905 1 Albert  909.7002985750005 0.065 0.309574571298 1.19155593874 1 1 4 0.38 0
345 3 4.5 0 0 9.81 0.5 1.32499289513 -0.0744610674155 1 Albert  912.5383553700003 0.065 0.234036069133 0.899453962542 1 1 4 0.38 0
346 4 4.5 0 1 9.81 0.5 1.4390308857 0.0395769231546 1 Albert  914.9696650510004 0.065 0.427428355679 0.899453962542 1 1 4 0.38 1
347 3 6 0 1 -9.81 0.5 2.01933789253 0.32778195379 1 Albert  917.4818547929999 0.065 0.562743135135 1.19155593874 1 1 4 0.38 1
348 4 6 0 0 -9.81 0.5 1.85552597046 0.163970031717 1 Albert  920.5902810759999 0.065 0.351281098396 1.19155593874 1 1 4 0.38 0
349 4 4.5 0 1 -9.81 0.5 1.64237093925 0.242916976713 1 Albert  923.5401188360001 0.065 0.425770721766 0.899453962542 1 1 4 0.38 1
350 3 6 0 0 9.81 0.5 1.72927498817 0.0377190494325 1 Albert  926.278650702 0.065 0.348970222892 1.19155593874 1 1 4 0.38 0
351 3 6 0 1 9.81 0.5 1.7817568779 0.0902009391572 1 Albert  929.1290175740005 0.065 0.589636301163 1.19155593874 1 1 4 0.38 1
352 3 4.5 0 0 9.81 0.5 1.38816785812 -0.011286104418 1 Albert  932.0373167979997 0.065 0.233149692398 0.899453962542 1 1 4 0.38 0
353 4 6 0 0 -9.81 0.5 1.89907407761 0.207518138864 1 Albert  934.5173603909998 0.065 0.340837922454 1.19155593874 1 1 4 0.38 0
354 3 6 0 0 9.81 0.5 1.85524296761 0.163687028864 1 Albert  937.5199519899998 0.065 0.346400515231 1.19155593874 1 1 4 0.38 0
355 3 6 0 1 -9.81 0.5 1.87299013138 0.181434192636 1 Albert  940.4730685109998 0.065 0.584561043019 1.19155593874 1 1 4 0.38 1
356 3 6 0 0 -9.81 0.5 1.77326893806 0.0817129993226 1 Albert  943.4653304519998 0.065 0.299901330259 1.19155593874 1 1 4 0.38 0
357 4 6 0 1 -9.81 0.5 1.79818606377 0.106630125025 1 Albert  946.3381166280005 0.065 0.550085610952 1.19155593874 1 1 4 0.38 1
358 4 6 0 0 9.81 0.5 1.84528613091 0.153730192163 1 Albert  949.2686686530005 0.065 0.312052226485 1.19155593874 1 1 4 0.38 0
359 4 4.5 0 1 -9.81 0.5 1.48397898674 0.0845250241983 1 Albert  952.2266837039997 0.065 0.442868634742 0.899453962542 1 1 4 0.38 1
360 3 6 0 1 9.81 0.5 1.64544701576 -0.0461089229796 1 Albert  954.8095703620002 0.065 0.58018788619 1.19155593874 1 1 4 0.38 1
361 4 4.5 0 0 -9.81 0.5 1.47771906853 0.0782651059854 1 Albert  957.5794942120001 0.065 0.233455324775 0.899453962542 1 1 4 0.38 0
362 3 4.5 0 1 9.81 0.5 1.31296801567 -0.086485946871 1 Albert  960.1560300680003 0.065 0.44691800284 0.899453962542 1 1 4 0.38 1
363 4 6 0 1 9.81 0.5 1.65595793724 -0.0355980015014 1 Albert  962.5845323619997 0.065 0.553659183949 1.19155593874 1 1 4 0.38 1
364 3 4.5 0 1 -9.81 0.5 1.50844788551 0.108993922972 1 Albert  965.3699247550003 0.065 0.420251002184 0.899453962542 1 1 4 0.38 1
365 4 4.5 0 1 9.81 0.5 1.35606002808 -0.0433939344656 1 Albert  967.9984412260001 0.065 0.433255793639 0.899453962542 1 1 4 0.38 1
366 4 4.5 0 0 9.81 0.5 1.37308382988 -0.026370132662 1 Albert  970.489231996 0.065 0.257488984655 0.899453962542 1 1 4 0.38 0
367 3 4.5 0 0 -9.81 0.5 1.38601112366 -0.0134428388846 1 Albert  972.9513555120002 0.065 0.240389016042 0.899453962542 1 1 4 0.38 0
368 4 4.5 0 0 9.81 0.5 1.26555109024 -0.133902872301 1 Albert  975.4267810829997 0.065 0.231443600217 0.899453962542 1 1 4 0.38 0
369 4 4.5 0 0 -9.81 0.5 1.32630705833 -0.0731469042074 1 Albert  977.8173288400003 0.065 0.258151398963 0.899453962542 1 1 4 0.38 0
370 3 4.5 0 1 9.81 0.5 1.38922405243 -0.0102299101126 1 Albert  980.2559908169997 0.065 0.420391423278 0.899453962542 1 1 4 0.38 1
371 4 6 0 0 9.81 0.5 1.77887511253 0.0873191737916 1 Albert  982.741555392 0.065 0.344758336285 1.19155593874 1 1 4 0.38 0
372 4 6 0 1 9.81 0.5 1.54277086258 -0.148785076163 1 Albert  985.6466740980004 0.065 0.576809275376 1.19155593874 1 1 4 0.38 1
373 4 6 0 1 -9.81 0.5 1.64896178246 -0.0425941562865 1 Albert  988.3123573590001 0.065 0.548886768881 1.19155593874 1 1 4 0.38 1
374 4 6 0 0 -9.81 0.5 1.85622096062 0.164665021875 1 Albert  991.0855470100005 0.065 0.313280499673 1.19155593874 1 1 4 0.38 0
375 3 4.5 0 0 9.81 0.5 1.43788313866 0.0384291761148 1 Albert  994.0553732360004 0.065 0.257547162074 0.899453962542 1 1 4 0.38 0
376 3 6 0 0 -9.81 0.5 1.82564210892 0.134086170175 1 Albert  996.6111879279997 0.065 0.307858905738 1.19155593874 1 1 4 0.38 0
377 3 6 0 1 -9.81 0.5 1.63841605186 -0.0531398868773 1 Albert  999.5632447019998 0.065 0.594178839244 1.19155593874 1 1 4 0.38 1
378 3 4.5 0 0 -9.81 0.5 1.66121506691 0.261761104368 1 Albert  1002.3154549179999 0.065 0.250282936444 0.899453962542 1 1 4 0.38 0
379 3 4.5 0 1 -9.81 0.5 1.37826299667 -0.0211909658682 1 Albert  1005.0893600090003 0.065 0.41298077317 0.899453962542 1 1 4 0.38 1
380 3 6 0 0 9.81 0.5 1.58455681801 -0.106999120734 1 Albert  1007.5652964230003 0.065 0.333860933706 1.19155593874 1 1 4 0.38 0
381 4 4.5 0 1 9.81 0.5 1.42526102066 0.0258070581186 1 Albert  1010.239954912 0.065 0.410634713911 0.899453962542 1 1 4 0.38 1
382 3 6 0 1 9.81 0.5 1.54665088654 -0.144905052206 1 Albert  1012.7925461100003 0.065 0.551113494494 1.19155593874 1 1 4 0.38 1
383 4 4.5 0 1 -9.81 0.5 1.38455080986 -0.0149031526816 1 Albert  1015.4583387680004 0.065 0.422867816493 0.899453962542 1 1 4 0.38 1
