trial vx vy vz LongOcclusion g timeStill rTime TemporalError environment id pupiltime IOD OccludedTimeOfTrajectory FlightDuration Drag DragFirst block accuracy LongOcclusion
0 3 4.5 0 1 9.81 0.5 3.10793805122 1.70848408868 1 Cristian  2.2463920270001836 0.064 0.439179395915 0.899453962542 1 1 2 0.65 1
1 4 6 0 0 8.3385 0.5 2.0264852047 0.130969806701 1 Cristian  6.4730450860006385 0.064 0.359006407029 1.395515398 1 1 2 0.65 0
2 4 4.5 0 0 12.753 0.5 1.37256979942 0.177555062296 1 Cristian  9.595343197999682 0.064 0.200074859742 0.695014737127 1 1 2 0.65 0
3 3 6 0 1 12.753 0.5 1.60761213303 0.185555445203 1 Cristian  12.082670103000055 0.064 0.455737130927 0.922056687823 1 1 2 0.65 1
4 3 4.5 0 1 6.867 0.5 1.86636710167 0.0920362268501 1 Cristian  14.785752922000029 0.064 0.636528807053 1.27433087482 1 1 2 0.65 1
5 3 4.5 0 0 12.753 0.5 1.28378582001 0.0887710828799 1 Cristian  17.74953057700077 0.064 0.196269827425 0.695014737127 1 1 2 0.65 0
6 4 4.5 0 0 8.3385 0.5 1.58542394638 0.0308617173259 1 Cristian  20.137205507000544 0.064 0.30911404099 1.05456222905 1 1 2 0.65 0
7 3 6 0 1 6.867 0.5 2.16626405716 -0.0174929304161 1 Cristian  22.81967656500092 0.064 0.803143244533 1.68375698758 1 1 2 0.65 1
8 4 4.5 0 0 11.2815 0.5 1.33933496475 0.0552082777905 1 Cristian  26.08797117100039 0.064 0.225848692453 0.784126686962 1 1 2 0.65 0
9 3 6 0 1 9.81 0.5 1.729377985 0.0378220462586 1 Cristian  28.546736493000935 0.064 0.557345551104 1.19155593874 1 1 2 0.65 1
10 4 6 0 0 11.2815 0.5 1.65188312531 0.112261235687 1 Cristian  31.379685497999162 0.064 0.289205022944 1.03962188962 1 1 2 0.65 0
11 4 6 0 0 12.753 0.5 1.5856628418 0.163606153974 1 Cristian  34.134929159999956 0.064 0.264747778232 0.922056687823 1 1 2 0.65 0
12 4 4.5 0 1 11.2815 0.5 1.45615696907 0.172030282109 1 Cristian  36.83539150999968 0.064 0.382758596695 0.784126686962 1 1 2 0.65 1
13 4 4.5 0 1 9.81 0.5 1.43106198311 0.0316080205667 1 Cristian  39.3926144929992 0.064 0.430593607176 0.899453962542 1 1 2 0.65 1
14 3 4.5 0 1 8.3385 0.5 1.6556789875 0.101116758448 1 Cristian  41.91906767100045 0.064 0.512889804315 1.05456222905 1 1 2 0.65 1
15 4 4.5 0 0 9.81 0.5 1.45318198204 0.0537280194986 1 Cristian  44.681363801999396 0.064 0.253631296159 0.899453962542 1 1 2 0.65 0
16 3 4.5 0 1 11.2815 0.5 1.38374114037 0.0996144534039 1 Cristian  47.2323777620004 0.064 0.358693091524 0.784126686962 1 1 2 0.65 1
17 3 4.5 0 0 8.3385 0.5 1.58828997612 0.0337277470652 1 Cristian  49.723080240000854 0.064 0.310367710049 1.05456222905 1 1 2 0.65 0
18 3 4.5 0 0 6.867 0.5 1.82035899162 0.0460281168038 1 Cristian  52.411849960000836 0.064 0.380823521438 1.27433087482 1 1 2 0.65 0
19 3 6 0 0 8.3385 0.5 1.91264486313 0.0171294651326 1 Cristian  55.338047519999236 0.064 0.375088427579 1.395515398 1 1 2 0.65 0
20 4 4.5 0 1 8.3385 0.5 1.6585381031 0.103975874049 1 Cristian  58.356774189000134 0.064 0.477384436588 1.05456222905 1 1 2 0.65 1
21 3 4.5 0 0 11.2815 0.5 1.35003685951 0.0659101725506 1 Cristian  61.1190062429996 0.064 0.199240650378 0.784126686962 1 1 2 0.65 0
22 4 6 0 1 12.753 0.5 1.42831587791 0.00625919009162 1 Cristian  63.57874391699988 0.064 0.453357739172 0.922056687823 1 1 2 0.65 1
23 3 6 0 1 11.2815 0.5 1.59592604637 0.0563041567532 1 Cristian  66.12185279000005 0.064 0.51249154181 1.03962188962 1 1 2 0.65 1
24 4 4.5 0 1 12.753 0.5 1.3013958931 0.10638115597 1 Cristian  68.81916078500035 0.064 0.327026240869 0.695014737127 1 1 2 0.65 1
25 3 4.5 0 0 9.81 0.5 1.57208585739 0.17263189485 1 Cristian  71.23032874300043 0.064 0.246865567615 0.899453962542 1 1 2 0.65 0
26 4 6 0 0 6.867 0.5 2.31540107727 0.131644089695 1 Cristian  73.9110545399999 0.064 0.477406171298 1.68375698758 1 1 2 0.65 0
27 3 6 0 0 6.867 0.5 2.25844192505 0.0746849374733 1 Cristian  77.31473398299931 0.064 0.454598334 1.68375698758 1 1 2 0.65 0
28 4 4.5 0 0 6.867 0.5 1.92100310326 0.146672228437 1 Cristian  80.6804769850005 0.064 0.321347269862 1.27433087482 1 1 2 0.65 0
29 3 6 0 0 11.2815 0.5 1.69887495041 0.159253060791 1 Cristian  83.71147973900042 0.064 0.285326524355 1.03962188962 1 1 2 0.65 0
30 4 6 0 1 8.3385 0.5 2.00131106377 0.10579566577 1 Cristian  86.53258138199999 0.064 0.648171841392 1.395515398 1 1 2 0.65 1
31 3 6 0 1 8.3385 0.5 1.954226017 0.0587106190022 1 Cristian  89.63542623099966 0.064 0.69485837681 1.395515398 1 1 2 0.65 1
32 3 6 0 0 12.753 0.5 1.46898984909 0.0469331612678 1 Cristian  92.72552664199975 0.064 0.234476751357 0.922056687823 1 1 2 0.65 0
33 4 6 0 0 9.81 0.5 1.69370412827 0.00214818952342 1 Cristian  95.29328490099942 0.064 0.340895301597 1.19155593874 1 1 2 0.65 0
34 4 6 0 1 11.2815 0.5 1.60614395142 0.0665220617978 1 Cristian  98.10143158000028 0.064 0.471018125488 1.03962188962 1 1 2 0.65 1
35 4 4.5 0 1 6.867 0.5 1.74539709091 -0.0289337839073 1 Cristian  100.81175611700019 0.064 0.582480611582 1.27433087482 1 1 2 0.65 1
36 4 6 0 1 9.81 0.5 1.69457197189 0.00301603315135 1 Cristian  103.67248484800075 0.064 0.542850663709 1.19155593874 1 1 2 0.65 1
37 4 6 0 1 6.867 0.5 2.01858210564 -0.165174881939 1 Cristian  106.50776649600084 0.064 0.829959785085 1.68375698758 1 1 2 0.65 1
38 3 6 0 0 9.81 0.5 1.74192786217 0.0503719234254 1 Cristian  109.63875240900052 0.064 0.321938198994 1.19155593874 1 1 2 0.65 0
39 3 4.5 0 1 12.753 0.5 1.37506604195 0.180051304819 1 Cristian  112.48965924200093 0.064 0.324619757445 0.695014737127 1 1 2 0.65 1
40 3 6 0 1 6.867 0.5 2.03359413147 -0.150162856106 1 Cristian  114.9795051960009 0.064 0.829037400563 1.68375698758 1 1 2 0.65 1
41 3 6 0 0 9.81 0.5 1.73668193817 0.0451259994294 1 Cristian  118.10876163300054 0.064 0.326677945772 1.19155593874 1 1 2 0.65 0
42 4 6 0 0 12.753 0.5 1.54951500893 0.127458321104 1 Cristian  120.95303863399931 0.064 0.234123002661 0.922056687823 1 1 2 0.65 0
43 4 4.5 0 0 9.81 0.5 1.54297304153 0.143519078993 1 Cristian  123.61047161900024 0.064 0.245075433602 0.899453962542 1 1 2 0.65 0
44 3 6 0 1 9.81 0.5 1.7466840744 0.0551281356599 1 Cristian  126.24533858900031 0.064 0.574000707439 1.19155593874 1 1 2 0.65 1
45 3 4.5 0 1 12.753 0.5 1.36147689819 0.166462161066 1 Cristian  129.10553167599937 0.064 0.315743470426 0.695014737127 1 1 2 0.65 1
46 4 6 0 1 8.3385 0.5 1.83447599411 -0.061039403886 1 Cristian  131.5811597310003 0.064 0.663011918815 1.395515398 1 1 2 0.65 1
47 3 4.5 0 1 11.2815 0.5 1.24669289589 -0.0374337910724 1 Cristian  134.5206314469997 0.064 0.371479207376 0.784126686962 1 1 2 0.65 1
48 4 4.5 0 0 12.753 0.5 1.31329393387 0.118279196741 1 Cristian  136.89056487999915 0.064 0.208294659082 0.695014737127 1 1 2 0.65 0
49 4 6 0 1 9.81 0.5 1.64845705032 -0.0430988884185 1 Cristian  139.2963177269994 0.064 0.549826658097 1.19155593874 1 1 2 0.65 1
50 4 4.5 0 1 12.753 0.5 1.22160983086 0.0265950937289 1 Cristian  142.06205637600033 0.064 0.318157541066 0.695014737127 1 1 2 0.65 1
51 3 4.5 0 0 6.867 0.5 1.72465491295 -0.0496759618706 1 Cristian  144.38198513499992 0.064 0.33725900128 1.27433087482 1 1 2 0.65 0
52 4 4.5 0 0 6.867 0.5 1.8911550045 0.116824129682 1 Cristian  147.2287495920009 0.064 0.340666781813 1.27433087482 1 1 2 0.65 0
53 3 6 0 1 12.753 0.5 1.49858498573 0.0765282979102 1 Cristian  150.244038199 0.064 0.445905949868 0.922056687823 1 1 2 0.65 1
54 3 6 0 0 6.867 0.5 2.16065788269 -0.0230991048851 1 Cristian  152.83640983400073 0.064 0.453141545254 1.68375698758 1 1 2 0.65 0
55 3 4.5 0 0 8.3385 0.5 1.68951797485 0.134955745799 1 Cristian  156.08647457000006 0.064 0.281783487157 1.05456222905 1 1 2 0.65 0
56 3 4.5 0 0 12.753 0.5 1.27981710434 0.0848023672122 1 Cristian  158.87439533699944 0.064 0.186056359144 0.695014737127 1 1 2 0.65 0
57 3 6 0 1 8.3385 0.5 1.91977000237 0.024254604369 1 Cristian  161.25682880400018 0.064 0.642243188349 1.395515398 1 1 2 0.65 1
58 3 4.5 0 0 11.2815 0.5 1.35606503487 0.0719383479046 1 Cristian  164.27153346399973 0.064 0.196909637 0.784126686962 1 1 2 0.65 0
59 3 6 0 0 12.753 0.5 1.51353001595 0.0914733281226 1 Cristian  166.73111133599923 0.064 0.265948647635 0.922056687823 1 1 2 0.65 0
60 4 6 0 1 12.753 0.5 1.46010780334 0.0380511155219 1 Cristian  169.34748282700093 0.064 0.417475351975 0.922056687823 1 1 2 0.65 1
61 3 4.5 0 1 9.81 0.5 1.48464202881 0.0851880662668 1 Cristian  171.91625497099994 0.064 0.441975821438 0.899453962542 1 1 2 0.65 1
62 4 4.5 0 0 11.2815 0.5 1.35277891159 0.0686522246289 1 Cristian  174.49631096899975 0.064 0.196790369207 0.784126686962 1 1 2 0.65 0
63 3 4.5 0 1 8.3385 0.5 1.6469950676 0.0924328385417 1 Cristian  176.95330854799977 0.064 0.518496693395 1.05456222905 1 1 2 0.65 1
64 4 6 0 0 6.867 0.5 2.1560189724 -0.0277380151787 1 Cristian  179.6992937110008 0.064 0.425344091888 1.68375698758 1 1 2 0.65 0
65 3 6 0 0 11.2815 0.5 1.57569098473 0.0360690951077 1 Cristian  182.95284748999984 0.064 0.270412217339 1.03962188962 1 1 2 0.65 0
66 4 6 0 1 11.2815 0.5 1.67543697357 0.135815083954 1 Cristian  185.65453306400013 0.064 0.51027307596 1.03962188962 1 1 2 0.65 1
67 4 4.5 0 0 8.3385 0.5 1.67712306976 0.122560840708 1 Cristian  188.44478468799934 0.064 0.29090022933 1.05456222905 1 1 2 0.65 0
68 3 6 0 0 8.3385 0.5 1.96026802063 0.0647526226338 1 Cristian  191.21588301200063 0.064 0.375505232878 1.395515398 1 1 2 0.65 0
69 4 4.5 0 1 6.867 0.5 1.88824391365 0.113913038831 1 Cristian  194.29127033000077 0.064 0.579181502872 1.27433087482 1 1 2 0.65 1
70 4 4.5 0 1 11.2815 0.5 1.35572481155 0.0715981245922 1 Cristian  197.2987806100009 0.064 0.373297263222 0.784126686962 1 1 2 0.65 1
71 3 4.5 0 1 6.867 0.5 1.82107186317 0.0467409883553 1 Cristian  199.76463705800052 0.064 0.582861294923 1.27433087482 1 1 2 0.65 1
72 4 4.5 0 1 8.3385 0.5 1.70745015144 0.152887922389 1 Cristian  202.69227217700063 0.064 0.521606745345 1.05456222905 1 1 2 0.65 1
73 4 6 0 0 11.2815 0.5 1.58540821075 0.0457863211362 1 Cristian  205.51705800300078 0.064 0.285737046897 1.03962188962 1 1 2 0.65 0
74 3 4.5 0 0 9.81 0.5 1.52516007423 0.125706111692 1 Cristian  208.216587678 0.064 0.236875058565 0.899453962542 1 1 2 0.65 0
75 4 6 0 0 9.81 0.5 1.76613092422 0.0745749854829 1 Cristian  210.84243740900092 0.064 0.303485026472 1.19155593874 1 1 2 0.65 0
76 4 6 0 1 6.867 0.5 2.14143800735 -0.0423189802208 1 Cristian  213.69991404599932 0.064 0.807296635933 1.68375698758 1 1 2 0.65 1
77 4 4.5 0 1 9.81 0.5 1.57049202919 0.171038066648 1 Cristian  216.97323441200024 0.064 0.438693560723 0.899453962542 1 1 2 0.65 1
78 4 6 0 0 8.3385 0.5 1.92462778091 0.0291123829182 1 Cristian  219.66545568000038 0.064 0.400704130414 1.395515398 1 1 2 0.65 0
79 3 6 0 1 11.2815 0.5 1.60554003716 0.0659181475369 1 Cristian  222.68552901600015 0.064 0.487653527022 1.03962188962 1 1 2 0.65 1
80 3 6 0 0 9.81 0.5 1.80616211891 0.11460618017 1 Cristian  225.39495328500016 0.064 0.344281206152 1.19155593874 1 1 2 0.65 0
81 3 4.5 0 0 6.867 0.5 1.94209694862 0.167766073804 1 Cristian  228.32099680300053 0.064 0.361896858736 1.27433087482 1 1 2 0.65 0
82 4 6 0 1 9.81 0.5 1.86416292191 0.172606983164 1 Cristian  231.37934825500088 0.064 0.548473312166 1.19155593874 1 1 2 0.65 1
83 4 4.5 0 1 12.753 0.5 1.31192803383 0.116913296701 1 Cristian  234.34646170700034 0.064 0.329624194706 0.695014737127 1 1 2 0.65 1
84 4 4.5 0 0 6.867 0.5 1.90986394882 0.135533074003 1 Cristian  236.78808622200086 0.064 0.329399740856 1.27433087482 1 1 2 0.65 0
85 4 4.5 0 0 8.3385 0.5 1.73798584938 0.183423620326 1 Cristian  239.79901392600004 0.064 0.311592505747 1.05456222905 1 1 2 0.65 0
86 4 6 0 0 9.81 0.5 1.8384270668 0.146871128061 1 Cristian  242.63992098699964 0.064 0.339355198415 1.19155593874 1 1 2 0.65 0
87 4 6 0 1 8.3385 0.5 2.00812196732 0.11260656932 1 Cristian  245.6042007470005 0.064 0.661278138576 1.395515398 1 1 2 0.65 1
88 3 4.5 0 1 9.81 0.5 1.51485610008 0.115402137541 1 Cristian  248.70125750599982 0.064 0.437265978034 0.899453962542 1 1 2 0.65 1
89 4 4.5 0 0 12.753 0.5 1.36534285545 0.170328118326 1 Cristian  251.3109379990001 0.064 0.189498920392 0.695014737127 1 1 2 0.65 0
90 3 6 0 1 9.81 0.5 1.755671978 0.0641160392549 1 Cristian  253.80267541800094 0.064 0.589038758731 1.19155593874 1 1 2 0.65 1
91 3 4.5 0 1 6.867 0.5 1.78593802452 0.0116071497017 1 Cristian  256.6556172370001 0.064 0.625025598387 1.27433087482 1 1 2 0.65 1
92 3 4.5 0 0 11.2815 0.5 1.33186006546 0.0477333784985 1 Cristian  259.54498929700094 0.064 0.22348425031 0.784126686962 1 1 2 0.65 0
93 3 6 0 1 6.867 0.5 2.38933420181 0.205577214237 1 Cristian  262.00309752000067 0.064 0.780616274038 1.68375698758 1 1 2 0.65 1
94 3 6 0 0 11.2815 0.5 1.60558199883 0.0659601092068 1 Cristian  265.4874354849999 0.064 0.282372711916 1.03962188962 1 1 2 0.65 0
95 3 6 0 0 8.3385 0.5 1.96988010406 0.0743647060689 1 Cristian  268.20247587999984 0.064 0.381493530312 1.395515398 1 1 2 0.65 0
96 4 4.5 0 1 6.867 0.5 1.78721809387 0.0128872190529 1 Cristian  271.2736753139998 0.064 0.582209379631 1.27433087482 1 1 2 0.65 1
97 3 4.5 0 0 9.81 0.5 1.49244880676 0.0929948442209 1 Cristian  274.1844896700004 0.064 0.22625816384 0.899453962542 1 1 2 0.65 0
98 4 4.5 0 0 9.81 0.5 1.43756103516 0.0381070726145 1 Cristian  276.79264031800085 0.064 0.241857104703 0.899453962542 1 1 2 0.65 0
99 3 4.5 0 1 11.2815 0.5 1.42485404015 0.140727353184 1 Cristian  279.3379444279999 0.064 0.354331514106 0.784126686962 1 1 2 0.65 1
100 3 6 0 1 8.3385 0.5 1.9065580368 0.0110426388081 1 Cristian  281.8699493570002 0.064 0.695432870295 1.395515398 1 1 2 0.65 1
101 4 6 0 1 12.753 0.5 1.52512001991 0.10306333209 1 Cristian  284.9022858360004 0.064 0.431585072966 0.922056687823 1 1 2 0.65 1
102 4 4.5 0 1 9.81 0.5 1.46780085564 0.0683468930948 1 Cristian  287.5200271949998 0.064 0.404774888465 0.899453962542 1 1 2 0.65 1
103 4 6 0 0 6.867 0.5 2.17617416382 -0.00758282375718 1 Cristian  290.0820543440004 0.064 0.482880215182 1.68375698758 1 1 2 0.65 0
104 3 6 0 0 12.753 0.5 1.53649711609 0.114440428266 1 Cristian  293.3536240430003 0.064 0.251734641911 0.922056687823 1 1 2 0.65 0
105 3 4.5 0 0 8.3385 0.5 1.6428399086 0.0882776795451 1 Cristian  295.9938884210005 0.064 0.281186218719 1.05456222905 1 1 2 0.65 0
106 4 4.5 0 0 11.2815 0.5 1.37178397179 0.0876572848248 1 Cristian  298.7189763210008 0.064 0.221259242356 0.784126686962 1 1 2 0.65 0
107 4 6 0 0 12.753 0.5 1.52003908157 0.0979823937507 1 Cristian  301.19762135100063 0.064 0.267952620978 0.922056687823 1 1 2 0.65 0
108 4 6 0 1 11.2815 0.5 1.58936500549 0.0497431158749 1 Cristian  303.8370955619994 0.064 0.516990714998 1.03962188962 1 1 2 0.65 1
109 4 6 0 1 6.867 0.5 2.13073015213 -0.0530268354454 1 Cristian  306.8658376149997 0.064 0.787922412418 1.68375698758 1 1 2 0.65 1
110 4 4.5 0 1 8.3385 0.5 1.69908905029 0.144526821238 1 Cristian  309.77437362300043 0.064 0.498084793048 1.05456222905 1 1 2 0.65 1
111 4 6 0 0 8.3385 0.5 2.02394795418 0.128432556182 1 Cristian  312.58332576000066 0.064 0.395291210775 1.395515398 1 1 2 0.65 0
112 4 4.5 0 1 11.2815 0.5 1.39689898491 0.112772297947 1 Cristian  315.7350014879994 0.064 0.360827695458 0.784126686962 1 1 2 0.65 1
113 3 6 0 0 6.867 0.5 2.28955197334 0.105794985767 1 Cristian  318.21318041999984 0.064 0.471036344381 1.68375698758 1 1 2 0.65 0
114 3 4.5 0 1 8.3385 0.5 1.61436009407 0.0597978650157 1 Cristian  321.6063741630005 0.064 0.523579998326 1.05456222905 1 1 2 0.65 1
115 3 4.5 0 1 12.753 0.5 1.30540800095 0.110393263819 1 Cristian  324.33038717899944 0.064 0.321028117496 0.695014737127 1 1 2 0.65 1
116 3 4.5 0 0 12.753 0.5 1.30344080925 0.108426072122 1 Cristian  326.7384801780008 0.064 0.18048836571 0.695014737127 1 1 2 0.65 0
117 3 6 0 1 12.753 0.5 1.45237493515 0.0303182473273 1 Cristian  329.1405639950008 0.064 0.426910637738 0.922056687823 1 1 2 0.65 1
118 4 6 0 0 11.2815 0.5 1.61533093452 0.0757090449063 1 Cristian  331.68427010400046 0.064 0.272048527361 1.03962188962 1 1 2 0.65 0
119 3 6 0 1 11.2815 0.5 1.6775829792 0.137961089584 1 Cristian  334.3939719579994 0.064 0.511690575872 1.03962188962 1 1 2 0.65 1
120 4 6 0 1 8.3385 0.5 1.85835003853 -0.0371653594676 1 Cristian  337.19428759900075 0.064 0.63413429741 1.395515398 1 1 2 0.65 1
121 4 6 0 0 6.867 0.5 2.25292301178 0.0691660242042 1 Cristian  340.1453238590002 0.064 0.434880196969 1.68375698758 1 1 2 0.65 0
122 3 6 0 0 8.3385 0.5 1.97179102898 0.0762756309804 1 Cristian  343.49553740100055 0.064 0.358064900858 1.395515398 1 1 2 0.65 0
123 3 6 0 0 12.753 0.5 1.52433991432 0.102283226499 1 Cristian  346.5756636490005 0.064 0.273296012469 0.922056687823 1 1 2 0.65 0
124 3 6 0 0 11.2815 0.5 1.65172791481 0.112106025192 1 Cristian  349.20588284400037 0.064 0.266634785021 1.03962188962 1 1 2 0.65 0
125 3 6 0 1 6.867 0.5 2.10798883438 -0.0757681531944 1 Cristian  351.9806990640009 0.064 0.811196769886 1.68375698758 1 1 2 0.65 1
126 3 4.5 0 1 11.2815 0.5 1.35579109192 0.0716644049572 1 Cristian  355.2062077869996 0.064 0.357780631961 0.784126686962 1 1 2 0.65 1
127 4 6 0 0 8.3385 0.5 1.94361686707 0.0481014690694 1 Cristian  357.6640304650009 0.064 0.374110951742 1.395515398 1 1 2 0.65 0
128 3 6 0 1 8.3385 0.5 1.88184404373 -0.0136713542644 1 Cristian  360.7179457250004 0.064 0.629675209699 1.395515398 1 1 2 0.65 1
129 3 4.5 0 0 12.753 0.5 1.33010196686 0.135087229731 1 Cristian  363.72682857200016 0.064 0.207214568993 0.695014737127 1 1 2 0.65 0
130 3 4.5 0 1 6.867 0.5 1.84578108788 0.0714502130562 1 Cristian  366.16146105900043 0.064 0.581132265365 1.27433087482 1 1 2 0.65 1
131 4 6 0 1 6.867 0.5 2.20229291916 0.0185359315834 1 Cristian  369.1024853229992 0.064 0.840307923458 1.68375698758 1 1 2 0.65 1
132 3 4.5 0 1 8.3385 0.5 1.57893204689 0.0243698178355 1 Cristian  372.3981622880001 0.064 0.508820846614 1.05456222905 1 1 2 0.65 1
133 4 4.5 0 1 12.753 0.5 1.43611907959 0.241104342462 1 Cristian  375.07625505500073 0.064 0.333634859945 0.695014737127 1 1 2 0.65 1
134 4 6 0 0 9.81 0.5 1.76929497719 0.0777390384461 1 Cristian  377.62131757099996 0.064 0.308345955528 1.19155593874 1 1 2 0.65 0
135 4 6 0 0 12.753 0.5 1.49255180359 0.0704951157661 1 Cristian  380.5064640510009 0.064 0.270754968961 0.922056687823 1 1 2 0.65 0
136 4 4.5 0 1 9.81 0.5 1.51817202568 0.118718063139 1 Cristian  383.1043837750003 0.064 0.411362728568 0.899453962542 1 1 2 0.65 1
137 4 4.5 0 0 12.753 0.5 1.36056399345 0.165549256327 1 Cristian  385.7391304209996 0.064 0.174497062528 0.695014737127 1 1 2 0.65 0
138 4 6 0 1 12.753 0.5 1.45453596115 0.0324792733283 1 Cristian  388.19850578600017 0.064 0.458776919126 0.922056687823 1 1 2 0.65 1
139 3 6 0 0 6.867 0.5 2.27539587021 0.0916388826332 1 Cristian  390.7773502029995 0.064 0.483155101037 1.68375698758 1 1 2 0.65 0
140 3 6 0 0 9.81 0.5 1.7423210144 0.0507650756623 1 Cristian  394.1534588989998 0.064 0.324065418163 1.19155593874 1 1 2 0.65 0
141 4 4.5 0 1 6.867 0.5 1.7744371891 0.000106314283006 1 Cristian  397.0049966309998 0.064 0.636273014324 1.27433087482 1 1 2 0.65 1
142 3 4.5 0 0 8.3385 0.5 1.59183192253 0.0372696934764 1 Cristian  399.869860584 0.064 0.305311698197 1.05456222905 1 1 2 0.65 0
143 4 4.5 0 1 8.3385 0.5 1.66094183922 0.106379610163 1 Cristian  402.5766158580009 0.064 0.495525774477 1.05456222905 1 1 2 0.65 1
144 3 6 0 1 11.2815 0.5 1.58289790154 0.0432760119168 1 Cristian  405.3345425129992 0.064 0.468595721359 1.03962188962 1 1 2 0.65 1
145 3 4.5 0 0 6.867 0.5 1.77949690819 0.0051660333687 1 Cristian  408.0223395209996 0.064 0.368119849486 1.27433087482 1 1 2 0.65 0
146 4 4.5 0 0 8.3385 0.5 1.54711198807 -0.00745024098714 1 Cristian  410.9060549040005 0.064 0.302264145382 1.05456222905 1 1 2 0.65 0
147 4 4.5 0 0 9.81 0.5 1.40281414986 0.00336018731477 1 Cristian  413.5662981379992 0.064 0.235561649438 0.899453962542 1 1 2 0.65 0
148 4 4.5 0 0 11.2815 0.5 1.34344005585 0.0593133688855 1 Cristian  416.07129468899984 0.064 0.218276668092 0.784126686962 1 1 2 0.65 0
149 3 4.5 0 1 9.81 0.5 1.57273817062 0.173284208082 1 Cristian  418.50451571099984 0.064 0.437321026858 0.899453962542 1 1 2 0.65 1
150 3 4.5 0 1 12.753 0.5 1.29404497147 0.0990302343387 1 Cristian  421.20186756300063 0.064 0.314681834322 0.695014737127 1 1 2 0.65 1
151 3 6 0 1 9.81 0.5 1.52720808983 -0.164347848913 1 Cristian  423.58239309300006 0.064 0.55209234277 1.19155593874 1 1 2 0.65 1
152 4 4.5 0 0 6.867 0.5 1.66319799423 -0.111132880587 1 Cristian  426.1971122930008 0.064 0.361668827956 1.27433087482 1 1 2 0.65 0
153 4 6 0 1 11.2815 0.5 1.57454013824 0.0349182486264 1 Cristian  428.9638726180001 0.064 0.473290936917 1.03962188962 1 1 2 0.65 1
154 4 6 0 1 9.81 0.5 1.6523771286 -0.0391788101409 1 Cristian  431.63361152200014 0.064 0.559735727776 1.19155593874 1 1 2 0.65 1
155 3 6 0 1 12.753 0.5 1.54458093643 0.122524248609 1 Cristian  434.3926927320008 0.064 0.416313603994 0.922056687823 1 1 2 0.65 1
156 3 4.5 0 0 11.2815 0.5 1.39906597137 0.114939284413 1 Cristian  437.0537794259999 0.064 0.201452735303 0.784126686962 1 1 2 0.65 0
157 4 4.5 0 1 11.2815 0.5 1.39375400543 0.10962731847 1 Cristian  439.5541177390005 0.064 0.361898823751 0.784126686962 1 1 2 0.65 1
158 3 4.5 0 0 9.81 0.5 1.55792593956 0.158471977018 1 Cristian  442.03827675700086 0.064 0.262491679142 0.899453962542 1 1 2 0.65 0
159 4 6 0 0 11.2815 0.5 1.59433221817 0.0547103285519 1 Cristian  444.6927727399998 0.064 0.285875703432 1.03962188962 1 1 2 0.65 0
160 4 4.5 0 0 11.2815 0.5 1.39051294327 0.106386256306 1 Cristian  447.39951820900023 0.064 0.227762697425 0.784126686962 1 1 2 0.65 0
161 3 4.5 0 0 8.3385 0.5 1.55288314819 -0.0016790808614 1 Cristian  449.91762289300095 0.064 0.263820638959 1.05456222905 1 1 2 0.65 0
162 3 6 0 1 6.867 0.5 2.14253902435 -0.0412179632225 1 Cristian  452.5766181500003 0.064 0.82646101815 1.68375698758 1 1 2 0.65 1
163 3 4.5 0 0 6.867 0.5 1.86679983139 0.0924689565712 1 Cristian  455.8128464649999 0.064 0.357089305406 1.27433087482 1 1 2 0.65 0
164 4 6 0 0 9.81 0.5 1.81441092491 0.12285498617 1 Cristian  458.78551340100057 0.064 0.355044013175 1.19155593874 1 1 2 0.65 0
165 3 4.5 0 0 11.2815 0.5 1.40933704376 0.1252103568 1 Cristian  461.72687264200067 0.064 0.222530459973 0.784126686962 1 1 2 0.65 0
166 3 6 0 0 9.81 0.5 1.8573141098 0.16575817106 1 Cristian  464.2647376669993 0.064 0.345548371909 1.19155593874 1 1 2 0.65 0
167 4 6 0 1 12.753 0.5 1.71142697334 0.28937028552 1 Cristian  467.2436079420004 0.064 0.444465187394 0.922056687823 1 1 2 0.65 1
168 4 4.5 0 0 8.3385 0.5 1.80298399925 0.248421770198 1 Cristian  470.05410872500033 0.064 0.311684975598 1.05456222905 1 1 2 0.65 0
169 3 6 0 1 12.753 0.5 1.57885694504 0.156800257215 1 Cristian  472.96362118199977 0.064 0.429509039112 0.922056687823 1 1 2 0.65 1
170 3 6 0 0 6.867 0.5 2.29481005669 0.111053069111 1 Cristian  475.6630068930008 0.064 0.439832964374 1.68375698758 1 1 2 0.65 0
171 3 4.5 0 0 9.81 0.5 1.5791208744 0.179666911863 1 Cristian  479.0477576150006 0.064 0.261467373368 0.899453962542 1 1 2 0.65 0
172 4 4.5 0 1 8.3385 0.5 1.729845047 0.175282817942 1 Cristian  481.73513611700037 0.064 0.511218694856 1.05456222905 1 1 2 0.65 1
173 4 4.5 0 0 12.753 0.5 1.32534599304 0.130331255915 1 Cristian  484.56408758 0.064 0.183379906552 0.695014737127 1 1 2 0.65 0
174 4 6 0 0 8.3385 0.5 2.1031908989 0.207675500899 1 Cristian  486.99268833399947 0.064 0.36248357195 1.395515398 1 1 2 0.65 0
175 3 4.5 0 1 8.3385 0.5 1.66811990738 0.113557678324 1 Cristian  490.2261667929997 0.064 0.505642491778 1.05456222905 1 1 2 0.65 1
176 4 4.5 0 1 6.867 0.5 1.86410284042 0.0897719656044 1 Cristian  492.99624512599985 0.064 0.600066816275 1.27433087482 1 1 2 0.65 1
177 4 6 0 1 9.81 0.5 1.74558091164 0.0540249728944 1 Cristian  495.96542496999973 0.064 0.547246701392 1.19155593874 1 1 2 0.65 1
178 4 4.5 0 1 11.2815 0.5 1.46415114403 0.180024457066 1 Cristian  498.8292332839992 0.064 0.353161331499 0.784126686962 1 1 2 0.65 1
179 4 4.5 0 0 9.81 0.5 1.50613498688 0.106681024336 1 Cristian  501.4150965810004 0.064 0.23949158041 0.899453962542 1 1 2 0.65 0
180 3 4.5 0 1 9.81 0.5 1.51143789291 0.111983930372 1 Cristian  504.0440429049995 0.064 0.436496099749 0.899453962542 1 1 2 0.65 1
181 4 6 0 1 8.3385 0.5 1.95747184753 0.0619564495381 1 Cristian  506.64152765200015 0.064 0.664109935972 1.395515398 1 1 2 0.65 1
182 3 4.5 0 1 12.753 0.5 1.31918382645 0.124169089319 1 Cristian  509.69670814799974 0.064 0.326968538273 0.695014737127 1 1 2 0.65 1
183 3 4.5 0 1 6.867 0.5 1.87743401527 0.103103140455 1 Cristian  512.1177030039998 0.064 0.598537933126 1.27433087482 1 1 2 0.65 1
184 3 6 0 0 8.3385 0.5 2.06717514992 0.171659751922 1 Cristian  515.0987569419995 0.064 0.400545511318 1.395515398 1 1 2 0.65 0
185 4 6 0 0 12.753 0.5 1.39986014366 -0.0221965441613 1 Cristian  518.2657555879996 0.064 0.255528823825 0.922056687823 1 1 2 0.65 0
186 3 6 0 1 8.3385 0.5 1.99918198586 0.103666587859 1 Cristian  520.7829487430008 0.064 0.649230620131 1.395515398 1 1 2 0.65 1
187 4 4.5 0 1 12.753 0.5 1.32422995567 0.129215218546 1 Cristian  523.9113301199995 0.064 0.338875942542 0.695014737127 1 1 2 0.65 1
188 3 6 0 0 12.753 0.5 1.54422402382 0.122167335996 1 Cristian  526.3389977690003 0.064 0.231206440742 0.922056687823 1 1 2 0.65 0
189 4 4.5 0 0 6.867 0.5 1.98420500755 0.209874132734 1 Cristian  528.9909590320003 0.064 0.3719328737 1.27433087482 1 1 2 0.65 0
190 3 4.5 0 0 12.753 0.5 1.3808619976 0.185847260477 1 Cristian  532.0696024520003 0.064 0.174750582212 0.695014737127 1 1 2 0.65 0
191 3 4.5 0 1 11.2815 0.5 1.43591809273 0.151791405766 1 Cristian  534.5511246440001 0.064 0.369831593325 0.784126686962 1 1 2 0.65 1
192 3 6 0 1 9.81 0.5 1.81610894203 0.12455300329 1 Cristian  537.0909941949994 0.064 0.568183319086 1.19155593874 1 1 2 0.65 1
193 3 6 0 0 11.2815 0.5 1.67123389244 0.131612002823 1 Cristian  540.0041466090006 0.064 0.285944055293 1.03962188962 1 1 2 0.65 0
194 3 6 0 1 11.2815 0.5 1.78587007523 0.246248185608 1 Cristian  542.7689556050009 0.064 0.498219901522 1.03962188962 1 1 2 0.65 1
195 4 6 0 0 11.2815 0.5 1.63181900978 0.0921971201627 1 Cristian  545.6559507300008 0.064 0.292411277234 1.03962188962 1 1 2 0.65 0
196 4 6 0 1 11.2815 0.5 1.58967900276 0.0500571131436 1 Cristian  548.3830612300007 0.064 0.470190859747 1.03962188962 1 1 2 0.65 1
197 4 6 0 1 6.867 0.5 2.16097903252 -0.0227779550591 1 Cristian  551.0827121559996 0.064 0.792485457932 1.68375698758 1 1 2 0.65 1
198 4 6 0 0 6.867 0.5 2.1795771122 -0.00417987537766 1 Cristian  554.3475800609995 0.064 0.440567632182 1.68375698758 1 1 2 0.65 0
199 4 4.5 0 1 9.81 0.5 1.49378705025 0.0943330877054 1 Cristian  557.6289051639997 0.064 0.432051058483 0.899453962542 1 1 2 0.65 1
200 4 4.5 0 1 9.81 0.5 1.61102700233 0.211573039793 1 Cristian  560.2384892659993 0.064 0.447740173478 0.899453962542 1 1 2 0.65 1
201 4 6 0 1 11.2815 0.5 1.63955402374 0.0999321341244 1 Cristian  562.9437455930001 0.064 0.5045295121 1.03962188962 1 1 2 0.65 1
202 3 4.5 0 1 8.3385 0.5 1.74464201927 0.190079790217 1 Cristian  565.6764446060006 0.064 0.47834494345 1.05456222905 1 1 2 0.65 1
203 3 4.5 0 1 6.867 0.5 1.83166909218 0.0573382173592 1 Cristian  568.5209764190004 0.064 0.634241823411 1.27433087482 1 1 2 0.65 1
204 4 4.5 0 1 12.753 0.5 1.45161700249 0.25660226536 1 Cristian  571.4803403269998 0.064 0.32116077151 0.695014737127 1 1 2 0.65 1
205 4 4.5 0 1 11.2815 0.5 1.41820311546 0.134076428502 1 Cristian  574.0344131740003 0.064 0.356105519514 0.784126686962 1 1 2 0.65 1
206 3 6 0 1 11.2815 0.5 1.69192695618 0.152305066559 1 Cristian  576.5422159009995 0.064 0.477455315392 1.03962188962 1 1 2 0.65 1
207 3 6 0 1 8.3385 0.5 1.98512291908 0.0896075210866 1 Cristian  579.3563319280001 0.064 0.67699600102 1.395515398 1 1 2 0.65 1
208 3 4.5 0 1 11.2815 0.5 1.44286394119 0.158737254231 1 Cristian  582.4315699790004 0.064 0.363223915894 0.784126686962 1 1 2 0.65 1
209 3 6 0 0 12.753 0.5 1.63596177101 0.213905083189 1 Cristian  584.9709150590006 0.064 0.232586142674 0.922056687823 1 1 2 0.65 0
210 3 6 0 1 6.867 0.5 2.20923089981 0.0254739122353 1 Cristian  587.712247644 0.064 0.783737645606 1.68375698758 1 1 2 0.65 1
211 4 6 0 1 9.81 0.5 1.66024398804 -0.0313119507049 1 Cristian  591.0226990779993 0.064 0.591594601292 1.19155593874 1 1 2 0.65 1
212 3 4.5 0 0 8.3385 0.5 1.63847184181 0.0839096127574 1 Cristian  593.7923770460002 0.064 0.289811174753 1.05456222905 1 1 2 0.65 0
213 3 4.5 0 1 12.753 0.5 1.37896704674 0.18395230961 1 Cristian  596.5481725339996 0.064 0.340286069365 0.695014737127 1 1 2 0.65 1
214 3 4.5 0 0 12.753 0.5 1.28930902481 0.0942942876834 1 Cristian  599.0243085010006 0.064 0.189837606299 0.695014737127 1 1 2 0.65 0
215 3 4.5 0 0 6.867 0.5 1.81888103485 0.0445501600319 1 Cristian  601.4118069119995 0.064 0.337820595309 1.27433087482 1 1 2 0.65 0
216 3 6 0 1 9.81 0.5 1.78945493698 0.0978989982392 1 Cristian  604.3439813740006 0.064 0.581517002185 1.19155593874 1 1 2 0.65 1
217 4 6 0 0 12.753 0.5 1.57270598412 0.150649296293 1 Cristian  607.2319945300005 0.064 0.271516820376 0.922056687823 1 1 2 0.65 0
218 3 4.5 0 0 9.81 0.5 1.47261500359 0.073161041044 1 Cristian  609.9292781240001 0.064 0.258468346433 0.899453962542 1 1 2 0.65 0
219 3 6 0 0 6.867 0.5 2.2678630352 0.0841060476265 1 Cristian  612.5240770210003 0.064 0.426513232625 1.68375698758 1 1 2 0.65 0
220 4 6 0 1 12.753 0.5 1.44317293167 0.0211162438483 1 Cristian  615.9084830049997 0.064 0.42220771295 0.922056687823 1 1 2 0.65 1
221 4 4.5 0 0 11.2815 0.5 1.39227700233 0.108150315373 1 Cristian  618.4514467070003 0.064 0.221119969515 0.784126686962 1 1 2 0.65 0
222 4 6 0 0 6.867 0.5 2.29853200912 0.114775021549 1 Cristian  620.9486784559995 0.064 0.47280710285 1.68375698758 1 1 2 0.65 0
223 4 4.5 0 0 6.867 0.5 1.86214184761 0.0878109727913 1 Cristian  624.3584519739998 0.064 0.357706217121 1.27433087482 1 1 2 0.65 0
224 4 4.5 0 1 8.3385 0.5 1.55972194672 0.00515971766155 1 Cristian  627.3507828300008 0.064 0.504834040947 1.05456222905 1 1 2 0.65 1
225 4 6 0 0 9.81 0.5 1.69340181351 0.00184587476512 1 Cristian  630.0146465020007 0.064 0.338738140918 1.19155593874 1 1 2 0.65 0
226 4 4.5 0 0 8.3385 0.5 1.5807390213 0.0261767922465 1 Cristian  632.8110789130005 0.064 0.302380934765 1.05456222905 1 1 2 0.65 0
227 4 6 0 1 8.3385 0.5 1.99310684204 0.097591444045 1 Cristian  635.4895984409995 0.064 0.665869946784 1.395515398 1 1 2 0.65 1
228 3 6 0 0 11.2815 0.5 1.66556096077 0.125939071151 1 Cristian  638.6028132680003 0.064 0.281185259566 1.03962188962 1 1 2 0.65 0
229 3 6 0 1 12.753 0.5 1.53198099136 0.109924303541 1 Cristian  641.3819271930006 0.064 0.426371389543 0.922056687823 1 1 2 0.65 1
230 4 6 0 0 8.3385 0.5 1.95071697235 0.055201574355 1 Cristian  644.0035529960005 0.064 0.367251272142 1.395515398 1 1 2 0.65 0
231 3 6 0 0 9.81 0.5 1.76867413521 0.0771181964662 1 Cristian  647.0567336559998 0.064 0.322439563877 1.19155593874 1 1 2 0.65 0
232 4 4.5 0 1 6.867 0.5 1.62027096748 -0.154059907336 1 Cristian  649.9147822150007 0.064 0.582018820738 1.27433087482 1 1 2 0.65 1
233 4 6 0 0 11.2815 0.5 1.71974802017 0.180126130554 1 Cristian  652.6708713019998 0.064 0.304488750089 1.03962188962 1 1 2 0.65 0
234 3 4.5 0 1 9.81 0.5 1.37990093231 -0.0195530302298 1 Cristian  655.4796502780009 0.064 0.420586950679 0.899453962542 1 1 2 0.65 1
235 3 4.5 0 0 11.2815 0.5 1.36548686028 0.0813601733136 1 Cristian  657.9437589959998 0.064 0.222136459205 0.784126686962 1 1 2 0.65 0
236 4 4.5 0 0 12.753 0.5 1.31850790977 0.123493172647 1 Cristian  660.4334632829996 0.064 0.175033564624 0.695014737127 1 1 2 0.65 0
237 4 4.5 0 0 9.81 0.5 1.48840999603 0.0889560334909 1 Cristian  662.8664260810001 0.064 0.242405573491 0.899453962542 1 1 2 0.65 0
238 3 6 0 0 8.3385 0.5 1.84911489487 -0.0464005031291 1 Cristian  665.4453252820003 0.064 0.412468000085 1.395515398 1 1 2 0.65 0
239 4 6 0 1 6.867 0.5 2.17297887802 -0.0107781095543 1 Cristian  668.3944452380001 0.064 0.80243777855 1.68375698758 1 1 2 0.65 1
240 4 6 0 1 6.867 0.5 2.18812704086 0.0043700532875 1 Cristian  671.6588957219992 0.064 0.804173060747 1.68375698758 1 1 2 0.65 1
241 4 6 0 1 8.3385 0.5 2.02115511894 0.125639720946 1 Cristian  674.9523737170002 0.064 0.649009183581 1.395515398 1 1 2 0.65 1
242 4 6 0 0 8.3385 0.5 1.98179292679 0.0862775287923 1 Cristian  678.1022403839997 0.064 0.41652974271 1.395515398 1 1 2 0.65 0
243 3 6 0 0 12.753 0.5 1.57212901115 0.150072323331 1 Cristian  681.2162017690007 0.064 0.265495571178 0.922056687823 1 1 2 0.65 0
244 3 6 0 0 6.867 0.5 2.24857497215 0.0648179845772 1 Cristian  683.9067414500005 0.064 0.454100878115 1.68375698758 1 1 2 0.65 0
245 3 4.5 0 1 11.2815 0.5 1.30776381493 0.0236371279644 1 Cristian  687.2805459030005 0.064 0.378946559963 0.784126686962 1 1 2 0.65 1
246 3 4.5 0 1 8.3385 0.5 1.64705991745 0.0924976883952 1 Cristian  689.7053137879993 0.064 0.515086694015 1.05456222905 1 1 2 0.65 1
247 4 6 0 0 6.867 0.5 2.17541599274 -0.00834099483872 1 Cristian  692.4518320320003 0.064 0.457752802448 1.68375698758 1 1 2 0.65 0
248 4 4.5 0 1 8.3385 0.5 1.60075807571 0.0461958466593 1 Cristian  695.7268155309994 0.064 0.478562655516 1.05456222905 1 1 2 0.65 1
249 3 4.5 0 0 8.3385 0.5 1.59725499153 0.0426927624766 1 Cristian  698.4553792490005 0.064 0.295464701284 1.05456222905 1 1 2 0.65 0
250 4 4.5 0 1 9.81 0.5 1.57758307457 0.178129112028 1 Cristian  701.1739867739998 0.064 0.413670934775 0.899453962542 1 1 2 0.65 1
251 3 6 0 0 8.3385 0.5 1.98332118988 0.0878057918843 1 Cristian  703.8778228049996 0.064 0.386321616616 1.395515398 1 1 2 0.65 0
252 3 4.5 0 1 9.81 0.5 1.45712304115 0.0576690786112 1 Cristian  706.965707415 0.064 0.411119213143 0.899453962542 1 1 2 0.65 1
253 3 4.5 0 1 12.753 0.5 1.26488304138 0.0698683042544 1 Cristian  709.5237850970007 0.064 0.340890151455 0.695014737127 1 1 2 0.65 1
254 3 6 0 0 11.2815 0.5 1.59401702881 0.0543951391904 1 Cristian  711.8711103379992 0.064 0.305981435178 1.03962188962 1 1 2 0.65 0
255 3 6 0 1 8.3385 0.5 1.90796613693 0.0124507389363 1 Cristian  714.5754443639998 0.064 0.694327818358 1.395515398 1 1 2 0.65 1
256 3 4.5 0 0 9.81 0.5 1.50262403488 0.10317007234 1 Cristian  717.6018397549997 0.064 0.267496655748 0.899453962542 1 1 2 0.65 0
257 4 4.5 0 1 6.867 0.5 1.68732714653 -0.087003728289 1 Cristian  721.167459231001 0.064 0.60865868855 1.27433087482 1 1 2 0.65 1
258 4 4.5 0 0 8.3385 0.5 1.51779198647 -0.0367702425893 1 Cristian  722.9900940719999 0.064 0.303618563136 1.05456222905 1 1 2 0.65 0
259 4 4.5 0 0 11.2815 0.5 1.36321115494 0.079084467976 1 Cristian  725.639116065 0.064 0.207617173208 0.784126686962 1 1 2 0.65 0
260 4 6 0 0 12.753 0.5 1.47985005379 0.0577933659644 1 Cristian  728.1207047999997 0.064 0.237070373868 0.922056687823 1 1 2 0.65 0
261 4 6 0 1 9.81 0.5 1.71634697914 0.0247910403993 1 Cristian  730.7167908560004 0.064 0.554996968924 1.19155593874 1 1 2 0.65 1
262 4 6 0 0 9.81 0.5 1.74824595451 0.0566900157716 1 Cristian  733.5362233399992 0.064 0.335275430321 1.19155593874 1 1 2 0.65 0
263 4 4.5 0 0 9.81 0.5 1.40119099617 0.00173703362825 1 Cristian  736.3988330650009 0.064 0.230627121389 0.899453962542 1 1 2 0.65 0
264 3 6 0 1 11.2815 0.5 1.61149120331 0.0718693136899 1 Cristian  738.9106885839992 0.064 0.491975481941 1.03962188962 1 1 2 0.65 1
265 4 6 0 0 11.2815 0.5 1.66344404221 0.123822152588 1 Cristian  741.6436981589995 0.064 0.271463497662 1.03962188962 1 1 2 0.65 0
266 3 6 0 1 9.81 0.5 1.67824697495 -0.0133089637969 1 Cristian  744.4291474420006 0.064 0.576212361698 1.19155593874 1 1 2 0.65 1
267 4 4.5 0 1 12.753 0.5 1.29461717606 0.0996024389285 1 Cristian  747.2130067939997 0.064 0.332149179827 0.695014737127 1 1 2 0.65 1
268 4 6 0 1 11.2815 0.5 1.52677607536 -0.0128458142551 1 Cristian  749.6069810499994 0.064 0.494970108258 1.03962188962 1 1 2 0.65 1
269 3 4.5 0 0 6.867 0.5 1.86966109276 0.095330217939 1 Cristian  752.2224476400006 0.064 0.338296717137 1.27433087482 1 1 2 0.65 0
270 4 6 0 1 12.753 0.5 1.58093285561 0.158876167783 1 Cristian  755.2120115420003 0.064 0.457065884851 0.922056687823 1 1 2 0.65 1
271 4 4.5 0 0 12.753 0.5 1.30214190483 0.107127167704 1 Cristian  757.8992039669993 0.064 0.185602669717 0.695014737127 1 1 2 0.65 0
272 3 6 0 1 6.867 0.5 2.20083189011 0.0170749025307 1 Cristian  760.2861735170009 0.064 0.823295091449 1.68375698758 1 1 2 0.65 1
273 3 4.5 0 0 12.753 0.5 1.31975793839 0.124743201258 1 Cristian  763.6141930470003 0.064 0.193781232347 0.695014737127 1 1 2 0.65 0
274 3 4.5 0 1 6.867 0.5 1.79704093933 0.0227100645119 1 Cristian  766.0625344090004 0.064 0.598795661599 1.27433087482 1 1 2 0.65 1
275 4 4.5 0 0 6.867 0.5 1.74551010132 -0.0288207735008 1 Cristian  768.9459030779999 0.064 0.350667972115 1.27433087482 1 1 2 0.65 0
276 3 6 0 1 12.753 0.5 1.51915192604 0.0970952382178 1 Cristian  771.7886049930003 0.064 0.441290002346 0.922056687823 1 1 2 0.65 1
277 3 4.5 0 0 11.2815 0.5 1.34676003456 0.0626333475994 1 Cristian  774.4228544630005 0.064 0.198981553635 0.784126686962 1 1 2 0.65 0
278 3 6 0 0 9.81 0.5 1.83711194992 0.145556011179 1 Cristian  776.8598345400005 0.064 0.31893689116 1.19155593874 1 1 2 0.65 0
279 4 4.5 0 1 11.2815 0.5 1.2992579937 0.0151313067364 1 Cristian  779.8190794980001 0.064 0.378230036715 0.784126686962 1 1 2 0.65 1
280 3 4.5 0 1 12.753 0.5 1.26402997971 0.0690152425784 1 Cristian  782.2424249060005 0.064 0.33967089488 0.695014737127 1 1 2 0.65 1
281 4 4.5 0 0 12.753 0.5 1.30334091187 0.108326174738 1 Cristian  784.6063383170003 0.064 0.176360383482 0.695014737127 1 1 2 0.65 0
282 4 6 0 0 6.867 0.5 2.30310606956 0.119349081989 1 Cristian  787.0279833219993 0.064 0.427254564909 1.68375698758 1 1 2 0.65 0
283 3 4.5 0 1 8.3385 0.5 1.53961014748 -0.0149520815786 1 Cristian  790.4566477780008 0.064 0.505907915973 1.05456222905 1 1 2 0.65 1
284 4 4.5 0 1 9.81 0.5 1.47960400581 0.0801500432718 1 Cristian  793.0959187370008 0.064 0.445688107907 0.899453962542 1 1 2 0.65 1
285 4 4.5 0 0 11.2815 0.5 1.31642699242 0.0323003054547 1 Cristian  795.692782311 0.064 0.205741156243 0.784126686962 1 1 2 0.65 0
286 4 4.5 0 0 6.867 0.5 1.79000902176 0.0156781469399 1 Cristian  798.1378867580006 0.064 0.336517552054 1.27433087482 1 1 2 0.65 0
287 3 4.5 0 0 9.81 0.5 1.41639113426 0.0169371717203 1 Cristian  801.0388043750008 0.064 0.241301438329 0.899453962542 1 1 2 0.65 0
288 4 6 0 1 12.753 0.5 1.51145720482 0.0894005169959 1 Cristian  803.552329305001 0.064 0.423569206001 0.922056687823 1 1 2 0.65 1
289 4 4.5 0 1 8.3385 0.5 1.68886995316 0.134307724101 1 Cristian  806.1514676080005 0.064 0.496746585114 1.05456222905 1 1 2 0.65 1
290 4 6 0 0 8.3385 0.5 1.96962594986 0.0741105518636 1 Cristian  808.9551370629997 0.064 0.416182779072 1.395515398 1 1 2 0.65 0
291 4 6 0 1 6.867 0.5 2.12887907028 -0.0548779172936 1 Cristian  812.0280501760008 0.064 0.78200050344 1.68375698758 1 1 2 0.65 1
292 3 6 0 0 12.753 0.5 1.54608798027 0.124031292448 1 Cristian  815.2728578690003 0.064 0.23365534397 0.922056687823 1 1 2 0.65 0
293 4 4.5 0 1 11.2815 0.5 1.35451292992 0.0703862429547 1 Cristian  817.921501756 0.064 0.361570362329 0.784126686962 1 1 2 0.65 1
294 4 6 0 1 8.3385 0.5 1.99743580818 0.101920410186 1 Cristian  820.3709425640009 0.064 0.693435151146 1.395515398 1 1 2 0.65 1
295 3 6 0 0 8.3385 0.5 1.95668196678 0.0611665687856 1 Cristian  823.485064429 0.064 0.388480096549 1.395515398 1 1 2 0.65 0
296 4 6 0 0 11.2815 0.5 1.73688602448 0.197264134857 1 Cristian  826.5257135049997 0.064 0.289462688619 1.03962188962 1 1 2 0.65 0
297 3 4.5 0 0 12.753 0.5 1.32837104797 0.133356310846 1 Cristian  829.3785786860008 0.064 0.200638056888 0.695014737127 1 1 2 0.65 0
298 4 6 0 1 9.81 0.5 1.68467307091 -0.00688286783437 1 Cristian  831.811840366001 0.064 0.556982166663 1.19155593874 1 1 2 0.65 1
299 3 4.5 0 1 6.867 0.5 1.78057694435 0.00624606953203 1 Cristian  834.5981039750004 0.064 0.602164081766 1.27433087482 1 1 2 0.65 1
300 3 4.5 0 0 6.867 0.5 1.86256194115 0.0882310663277 1 Cristian  837.4940058869997 0.064 0.324048049162 1.27433087482 1 1 2 0.65 0
301 3 6 0 0 9.81 0.5 1.84616589546 0.15460995672 1 Cristian  840.4714480130006 0.064 0.321624306244 1.19155593874 1 1 2 0.65 0
302 3 6 0 1 8.3385 0.5 1.97604703903 0.0805316410359 1 Cristian  843.4208412019998 0.064 0.676185844951 1.395515398 1 1 2 0.65 1
303 3 4.5 0 1 11.2815 0.5 1.41466498375 0.130538296788 1 Cristian  846.4991744109993 0.064 0.373375038097 0.784126686962 1 1 2 0.65 1
304 4 4.5 0 1 6.867 0.5 1.8217959404 0.04746506558 1 Cristian  849.030987649001 0.064 0.614602939422 1.27433087482 1 1 2 0.65 1
305 4 4.5 0 0 8.3385 0.5 1.64251303673 0.0879508076731 1 Cristian  851.9777065010003 0.064 0.313224031661 1.05456222905 1 1 2 0.65 0
306 3 4.5 0 0 11.2815 0.5 1.38108110428 0.0969544173168 1 Cristian  854.7476115200006 0.064 0.212017608917 0.784126686962 1 1 2 0.65 0
307 3 6 0 1 12.753 0.5 1.62179899216 0.199742304334 1 Cristian  857.2227570880004 0.064 0.430304734891 0.922056687823 1 1 2 0.65 1
308 4 6 0 0 12.753 0.5 1.47044587135 0.0483891835303 1 Cristian  859.9710878599999 0.064 0.260608572714 0.922056687823 1 1 2 0.65 0
309 3 4.5 0 1 9.81 0.5 1.52715706825 0.127703105711 1 Cristian  862.5363254240001 0.064 0.446991845794 0.899453962542 1 1 2 0.65 1
310 4 4.5 0 1 12.753 0.5 1.19186592102 -0.00314881610689 1 Cristian  865.1883380620002 0.064 0.326481055375 0.695014737127 1 1 2 0.65 1
311 3 6 0 1 6.867 0.5 2.08993005753 -0.0938269300499 1 Cristian  867.4975479080003 0.064 0.764156799641 1.68375698758 1 1 2 0.65 1
312 3 6 0 1 11.2815 0.5 1.56821489334 0.0285930037228 1 Cristian  870.6989576680007 0.064 0.508037455298 1.03962188962 1 1 2 0.65 1
313 3 6 0 1 9.81 0.5 1.66362094879 -0.0279349899505 1 Cristian  873.3852085809995 0.064 0.540605925178 1.19155593874 1 1 2 0.65 1
314 4 6 0 1 11.2815 0.5 1.5816321373 0.0420102476804 1 Cristian  876.1696941860009 0.064 0.473439103968 1.03962188962 1 1 2 0.65 1
315 3 4.5 0 0 8.3385 0.5 1.67568302155 0.121120792491 1 Cristian  878.8510874250005 0.064 0.266885837998 1.05456222905 1 1 2 0.65 0
316 3 6 0 0 6.867 0.5 2.25412583351 0.0703688459358 1 Cristian  881.6406938510008 0.064 0.429427754415 1.68375698758 1 1 2 0.65 0
317 4 6 0 0 9.81 0.5 1.822286129 0.130730190256 1 Cristian  885.0076884800001 0.064 0.328698436309 1.19155593874 1 1 2 0.65 0
318 3 6 0 0 11.2815 0.5 1.80182099342 0.262199103805 1 Cristian  887.9314687639999 0.064 0.269342282967 1.03962188962 1 1 2 0.65 0
319 4 4.5 0 0 9.81 0.5 1.42963790894 0.0301839463938 1 Cristian  890.8366704750006 0.064 0.231856857875 0.899453962542 1 1 2 0.65 0
