trial vx vy vz LongOcclusion g timeStill rTime TemporalError environment id pupiltime IOD OccludedTimeOfTrajectory FlightDuration Drag DragFirst block accuracy LongOcclusion
0 4 4.5 0 1 9.81 0.5 1.51275610924 0.113302146696 1 Cristina  2.702732441999615 0.055 0.443883994778 0.899453962542 1 1 1 0.76 1
1 4 4.5 0 0 -9.81 0.5 1.5027320385 0.103278075956 1 Cristina  5.315248751999661 0.055 0.253010542113 0.899453962542 1 1 1 0.76 0
2 4 6 0 1 -9.81 0.5 1.70628595352 0.0147300147798 1 Cristina  7.942933712000013 0.055 0.544801663132 1.19155593874 1 1 1 0.76 1
3 4 6 0 1 9.81 0.5 1.66535806656 -0.0261978721831 1 Cristina  10.719114781999906 0.055 0.564429523755 1.19155593874 1 1 1 0.76 1
4 4 6 0 0 -9.81 0.5 1.78123307228 0.0896771335389 1 Cristina  13.515775074999965 0.055 0.341792846719 1.19155593874 1 1 1 0.76 0
5 3 4.5 0 0 9.81 0.5 1.47759389877 0.0781399362314 1 Cristina  16.389023153999915 0.055 0.253158322375 0.899453962542 1 1 1 0.76 0
6 3 6 0 0 -9.81 0.5 1.82205796242 0.130502023676 1 Cristina  18.974088352999843 0.055 0.31789478134 1.19155593874 1 1 1 0.76 0
7 3 6 0 0 9.81 0.5 1.86350989342 0.171953954675 1 Cristina  21.92237945299985 0.055 0.325046896599 1.19155593874 1 1 1 0.76 0
8 4 4.5 0 1 -9.81 0.5 1.5815808773 0.182126914762 1 Cristina  24.903010544999688 0.055 0.421896950757 0.899453962542 1 1 1 0.76 1
9 3 4.5 0 1 9.81 0.5 1.59012889862 0.190674936079 1 Cristina  27.600926325999808 0.055 0.423756909114 0.899453962542 1 1 1 0.76 1
10 4 4.5 0 0 9.81 0.5 1.50607299805 0.106619035505 1 Cristina  30.30816121299995 0.055 0.23904844701 0.899453962542 1 1 1 0.76 0
11 4 6 0 0 9.81 0.5 1.83940505981 0.147849121072 1 Cristina  32.89615522799977 0.055 0.307694955888 1.19155593874 1 1 1 0.76 0
12 3 6 0 1 -9.81 0.5 1.89318108559 0.201625146845 1 Cristina  35.867945377999604 0.055 0.592177155267 1.19155593874 1 1 1 0.76 1
13 3 4.5 0 0 -9.81 0.5 1.57235503197 0.172901069425 1 Cristina  38.87626286199975 0.055 0.236251004541 0.899453962542 1 1 1 0.76 0
14 3 6 0 1 9.81 0.5 1.71309614182 0.0215402030732 1 Cristina  41.56341197399979 0.055 0.547590559814 1.19155593874 1 1 1 0.76 1
15 3 4.5 0 1 -9.81 0.5 1.4959461689 0.0964922063577 1 Cristina  44.38907333199995 0.055 0.421570833416 0.899453962542 1 1 1 0.76 1
16 4 4.5 0 1 -9.81 0.5 1.48901796341 0.0895640008676 1 Cristina  47.013941316 0.055 0.442868949477 0.899453962542 1 1 1 0.76 1
17 3 4.5 0 0 9.81 0.5 1.53097701073 0.131523048185 1 Cristina  49.618583144999775 0.055 0.267981108109 0.899453962542 1 1 1 0.76 0
18 4 6 0 0 -9.81 0.5 1.86694717407 0.17539123533 1 Cristina  52.25085206599988 0.055 0.299978851448 1.19155593874 1 1 1 0.76 0
19 3 6 0 0 -9.81 0.5 1.94959902763 0.258043088892 1 Cristina  55.2321004749997 0.055 0.322320489988 1.19155593874 1 1 1 0.76 0
20 3 6 0 1 9.81 0.5 1.83078694344 0.139231004694 1 Cristina  58.301458812999954 0.055 0.586380718383 1.19155593874 1 1 1 0.76 1
21 3 6 0 0 9.81 0.5 1.88806295395 0.196507015207 1 Cristina  61.248179006999635 0.055 0.298438146857 1.19155593874 1 1 1 0.76 0
22 4 4.5 0 0 9.81 0.5 1.59381484985 0.194360887312 1 Cristina  64.25108179399967 0.055 0.233302117309 0.899453962542 1 1 1 0.76 0
23 3 4.5 0 0 -9.81 0.5 1.54041099548 0.140957032942 1 Cristina  66.9577389709998 0.055 0.242332047465 0.899453962542 1 1 1 0.76 0
24 3 4.5 0 1 -9.81 0.5 1.58041501045 0.18096104791 1 Cristina  69.61260014999971 0.055 0.4072098766 0.899453962542 1 1 1 0.76 1
25 4 6 0 1 -9.81 0.5 1.80276489258 0.111208953836 1 Cristina  72.31209898899988 0.055 0.549507696251 1.19155593874 1 1 1 0.76 1
26 4 6 0 0 9.81 0.5 1.81265711784 0.121101179102 1 Cristina  75.2296296339996 0.055 0.321591914878 1.19155593874 1 1 1 0.76 0
27 4 4.5 0 1 9.81 0.5 1.528621912 0.129167949461 1 Cristina  78.15616484299971 0.055 0.415168511897 0.899453962542 1 1 1 0.76 1
28 3 4.5 0 1 9.81 0.5 1.53525519371 0.135801231169 1 Cristina  80.79535563699983 0.055 0.429052821318 0.899453962542 1 1 1 0.76 1
29 4 4.5 0 0 -9.81 0.5 1.61249804497 0.213044082426 1 Cristina  83.4562583689999 0.055 0.2549753544 0.899453962542 1 1 1 0.76 0
30 3 6 0 1 -9.81 0.5 1.79592204094 0.104366102197 1 Cristina  86.17505737699958 0.055 0.579862809868 1.19155593874 1 1 1 0.76 1
31 4 6 0 1 9.81 0.5 1.81206393242 0.120507993677 1 Cristina  89.0967377109996 0.055 0.55820079834 1.19155593874 1 1 1 0.76 1
32 4 6 0 1 9.81 0.5 1.72723603249 0.035680093744 1 Cristina  92.02275036699984 0.055 0.579051564005 1.19155593874 1 1 1 0.76 1
33 3 4.5 0 0 -9.81 0.5 1.5848441124 0.185390149854 1 Cristina  94.87229459899982 0.055 0.248922849547 0.899453962542 1 1 1 0.76 0
34 3 6 0 1 -9.81 0.5 1.7129509449 0.0213950061585 1 Cristina  97.56366197899979 0.055 0.551380523045 1.19155593874 1 1 1 0.76 1
35 4 6 0 0 -9.81 0.5 1.92654204369 0.234986104944 1 Cristina  100.41168726899969 0.055 0.321345282827 1.19155593874 1 1 1 0.76 0
36 4 6 0 0 9.81 0.5 1.89493298531 0.203377046564 1 Cristina  103.42097005799997 0.055 0.310518152538 1.19155593874 1 1 1 0.76 0
37 3 4.5 0 1 9.81 0.5 1.62231397629 0.222860013746 1 Cristina  106.41573420399982 0.055 0.424948493008 0.899453962542 1 1 1 0.76 1
38 4 4.5 0 1 9.81 0.5 1.55424189568 0.154787933134 1 Cristina  109.15809909299969 0.055 0.409752885541 0.899453962542 1 1 1 0.76 1
39 3 6 0 0 9.81 0.5 1.91328501701 0.221729078272 1 Cristina  111.99016461099973 0.055 0.331499778295 1.19155593874 1 1 1 0.76 0
40 3 4.5 0 1 -9.81 0.5 1.53813910484 0.138685142301 1 Cristina  114.82588841699999 0.055 0.415665927474 0.899453962542 1 1 1 0.76 1
41 3 6 0 1 9.81 0.5 1.76771998405 0.0761640453126 1 Cristina  117.47499671399964 0.055 0.595369241144 1.19155593874 1 1 1 0.76 1
42 3 4.5 0 0 9.81 0.5 1.52021598816 0.120762025617 1 Cristina  120.36863248399959 0.055 0.269178337326 0.899453962542 1 1 1 0.76 0
43 4 6 0 1 -9.81 0.5 1.84459280968 0.153036870935 1 Cristina  123.00313009199999 0.055 0.575881486179 1.19155593874 1 1 1 0.76 1
44 3 6 0 0 -9.81 0.5 1.80918002129 0.117624082544 1 Cristina  125.96734620799998 0.055 0.328775762818 1.19155593874 1 1 1 0.76 0
45 4 4.5 0 0 -9.81 0.5 1.53670191765 0.137247955107 1 Cristina  128.89372128099967 0.055 0.249538212196 0.899453962542 1 1 1 0.76 0
46 4 4.5 0 0 9.81 0.5 1.53739690781 0.137942945265 1 Cristina  131.54638715700003 0.055 0.234044792654 0.899453962542 1 1 1 0.76 0
47 4 4.5 0 1 -9.81 0.5 1.51171207428 0.112258111738 1 Cristina  134.20531575799987 0.055 0.444794684298 0.899453962542 1 1 1 0.76 1
48 4 4.5 0 1 -9.81 0.5 1.55572605133 0.156272088789 1 Cristina  136.8262698059998 0.055 0.420683907364 0.899453962542 1 1 1 0.76 1
49 4 4.5 0 0 -9.81 0.5 1.56808018684 0.168626224302 1 Cristina  139.50402753799972 0.055 0.268887325395 0.899453962542 1 1 1 0.76 0
50 4 4.5 0 0 9.81 0.5 1.56188511848 0.162431155943 1 Cristina  142.16979069799982 0.055 0.240899159213 0.899453962542 1 1 1 0.76 0
51 4 6 0 1 -9.81 0.5 1.79485607147 0.10330013273 1 Cristina  144.8365867499997 0.055 0.576133573949 1.19155593874 1 1 1 0.76 1
52 3 6 0 1 -9.81 0.5 1.81581902504 0.124263086298 1 Cristina  147.75037273499993 0.055 0.539906093639 1.19155593874 1 1 1 0.76 1
53 3 4.5 0 0 9.81 0.5 1.60783886909 0.208384906553 1 Cristina  150.6844180539997 0.055 0.26186324327 0.899453962542 1 1 1 0.76 0
54 4 6 0 1 9.81 0.5 1.75794005394 0.0663841151979 1 Cristina  153.39544569499958 0.055 0.590638590672 1.19155593874 1 1 1 0.76 1
55 3 4.5 0 0 -9.81 0.5 1.63122391701 0.231769954466 1 Cristina  156.25949314699983 0.055 0.25381836055 0.899453962542 1 1 1 0.76 0
56 3 6 0 1 9.81 0.5 1.73570799828 0.0441520595338 1 Cristina  159.01263436499994 0.055 0.57563994062 1.19155593874 1 1 1 0.76 1
57 3 6 0 0 -9.81 0.5 1.94938492775 0.257828989008 1 Cristina  161.87060919199985 0.055 0.345302655327 1.19155593874 1 1 1 0.76 0
58 4 4.5 0 1 9.81 0.5 1.51056599617 0.111112033628 1 Cristina  164.92659626199975 0.055 0.409915667119 0.899453962542 1 1 1 0.76 1
59 3 4.5 0 1 -9.81 0.5 1.60012197495 0.200668012403 1 Cristina  167.5436409279996 0.055 0.414239286493 0.899453962542 1 1 1 0.76 1
60 3 4.5 0 1 9.81 0.5 1.53070902824 0.131255065702 1 Cristina  170.26587810299998 0.055 0.414515521663 0.899453962542 1 1 1 0.76 1
61 4 6 0 0 9.81 0.5 1.81782913208 0.126273193338 1 Cristina  172.90970343499976 0.055 0.340798556394 1.19155593874 1 1 1 0.76 0
62 3 6 0 0 9.81 0.5 1.81572294235 0.12416700361 1 Cristina  175.840202976 0.055 0.336192862634 1.19155593874 1 1 1 0.76 0
63 4 6 0 0 -9.81 0.5 1.92653298378 0.234977045038 1 Cristina  178.7648971259996 0.055 0.350401708502 1.19155593874 1 1 1 0.76 0
64 3 4.5 0 1 9.81 0.5 1.63570690155 0.236252939008 1 Cristina  181.81707436399984 0.055 0.42328677317 0.899453962542 1 1 1 0.76 1
65 3 4.5 0 1 -9.81 0.5 1.62288689613 0.223432933592 1 Cristina  184.56452744399985 0.055 0.406368673727 0.899453962542 1 1 1 0.76 1
66 3 6 0 0 -9.81 0.5 1.98663496971 0.295079030969 1 Cristina  187.31127495099963 0.055 0.311158707491 1.19155593874 1 1 1 0.76 0
67 3 6 0 0 9.81 0.5 1.78652095795 0.0949650192048 1 Cristina  190.42215428600002 0.055 0.352351844948 1.19155593874 1 1 1 0.76 0
68 4 6 0 1 9.81 0.5 1.82793593407 0.136379995325 1 Cristina  193.32345341599967 0.055 0.587458948343 1.19155593874 1 1 1 0.76 1
69 4 6 0 0 9.81 0.5 1.85178208351 0.160226144769 1 Cristina  196.26657080099994 0.055 0.335405742838 1.19155593874 1 1 1 0.76 0
70 4 4.5 0 0 9.81 0.5 1.5693359375 0.169881974958 1 Cristina  199.22371733799991 0.055 0.24359643616 0.899453962542 1 1 1 0.76 0
71 4 4.5 0 0 -9.81 0.5 1.64223194122 0.242777978681 1 Cristina  201.91789124299976 0.055 0.258141180064 0.899453962542 1 1 1 0.76 0
72 3 6 0 1 9.81 0.5 1.7981159687 0.106560029962 1 Cristina  204.66729821699982 0.055 0.543706603154 1.19155593874 1 1 1 0.76 1
73 3 4.5 0 0 -9.81 0.5 1.66895794868 0.269503986143 1 Cristina  207.59022134299994 0.055 0.253638784658 0.899453962542 1 1 1 0.76 0
74 3 4.5 0 0 9.81 0.5 1.51458382607 0.115129863523 1 Cristina  210.39603904399974 0.055 0.232796447842 0.899453962542 1 1 1 0.76 0
75 4 4.5 0 1 -9.81 0.5 1.60627508163 0.206821119093 1 Cristina  213.01241202699975 0.055 0.431201288828 0.899453962542 1 1 1 0.76 1
76 4 6 0 1 -9.81 0.5 1.72559285164 0.0340369128968 1 Cristina  215.73146122599974 0.055 0.572707150513 1.19155593874 1 1 1 0.76 1
77 3 6 0 1 -9.81 0.5 1.80388593674 0.112329997995 1 Cristina  218.5730816309997 0.055 0.560737512093 1.19155593874 1 1 1 0.76 1
78 4 6 0 0 -9.81 0.5 1.85504603386 0.163490095117 1 Cristina  221.49152687499964 0.055 0.342677013411 1.19155593874 1 1 1 0.76 0
79 4 4.5 0 1 9.81 0.5 1.53245782852 0.13300386598 1 Cristina  224.45506316799992 0.055 0.437254373283 0.899453962542 1 1 1 0.76 1
80 4 6 0 1 9.81 0.5 1.81143307686 0.119877138117 1 Cristina  227.09998370199992 0.055 0.58851540542 1.19155593874 1 1 1 0.76 1
81 4 4.5 0 1 -9.81 0.5 1.61178803444 0.212334071897 1 Cristina  230.02268753999988 0.055 0.407951332689 0.899453962542 1 1 1 0.76 1
82 4 6 0 0 -9.81 0.5 1.95475101471 0.263195075968 1 Cristina  232.74846630899992 0.055 0.301361081035 1.19155593874 1 1 1 0.76 0
83 3 4.5 0 1 -9.81 0.5 1.59463214874 0.195178186201 1 Cristina  235.82364687499967 0.055 0.421866387612 0.899453962542 1 1 1 0.76 1
84 3 4.5 0 1 9.81 0.5 1.49862289429 0.0991689317453 1 Cristina  238.51128768199987 0.055 0.423634608462 0.899453962542 1 1 1 0.76 1
85 4 4.5 0 1 9.81 0.5 1.53831100464 0.138857042097 1 Cristina  241.1206675809999 0.055 0.44467482113 0.899453962542 1 1 1 0.76 1
86 4 4.5 0 0 9.81 0.5 1.54082393646 0.141369973921 1 Cristina  243.79072909999968 0.055 0.246087220143 0.899453962542 1 1 1 0.76 0
87 3 4.5 0 0 9.81 0.5 1.53807806969 0.138624107145 1 Cristina  246.44726587199966 0.055 0.241796762561 0.899453962542 1 1 1 0.76 0
88 4 4.5 0 0 -9.81 0.5 5.20322108269 3.80376712015 1 Cristina  250.13350356399997 0.055 0.235036917075 0.899453962542 1 1 1 0.76 0
89 3 6 0 1 -9.81 0.5 1.69933605194 0.00778011319895 1 Cristina  255.4165675879999 0.055 0.593901361789 1.19155593874 1 1 1 0.76 1
90 4 6 0 0 9.81 0.5 1.80519199371 0.113636054971 1 Cristina  258.23753265999994 0.055 0.338496315907 1.19155593874 1 1 1 0.76 0
91 3 4.5 0 0 -9.81 0.5 1.60712003708 0.207666074537 1 Cristina  261.1528455519997 0.055 0.2681223644 0.899453962542 1 1 1 0.76 0
92 3 6 0 1 9.81 0.5 1.76374816895 0.0721922302033 1 Cristina  263.8743240399999 0.055 0.547731326906 1.19155593874 1 1 1 0.76 1
93 3 6 0 0 9.81 0.5 1.79390907288 0.102353134134 1 Cristina  266.744444034 0.055 0.334064588771 1.19155593874 1 1 1 0.76 0
94 4 6 0 1 -9.81 0.5 1.78323912621 0.0916831874635 1 Cristina  269.65102463999983 0.055 0.545432648524 1.19155593874 1 1 1 0.76 1
95 3 6 0 0 -9.81 0.5 1.89145302773 0.199897088983 1 Cristina  272.54403658599995 0.055 0.315663554597 1.19155593874 1 1 1 0.76 0
96 3 4.5 0 1 9.81 0.5 1.52448892593 0.125034963392 1 Cristina  275.52705166099986 0.055 0.436362265104 0.899453962542 1 1 1 0.76 1
97 4 6 0 0 -9.81 0.5 1.9712870121 0.279731073358 1 Cristina  278.15481561499973 0.055 0.31497048597 1.19155593874 1 1 1 0.76 0
98 4 6 0 0 9.81 0.5 1.85099387169 0.159437932947 1 Cristina  281.23454311199976 0.055 0.353243840617 1.19155593874 1 1 1 0.76 0
99 4 6 0 1 -9.81 0.5 1.8241379261 0.13258198736 1 Cristina  284.20125089899966 0.055 0.5482416218 1.19155593874 1 1 1 0.76 1
100 3 4.5 0 1 -9.81 0.5 1.62046909332 0.221015130781 1 Cristina  287.14589180899975 0.055 0.436818396758 0.899453962542 1 1 1 0.76 1
101 4 4.5 0 0 -9.81 0.5 1.59841704369 0.198963081144 1 Cristina  289.88790267299964 0.055 0.243356275698 0.899453962542 1 1 1 0.76 0
102 3 4.5 0 0 9.81 0.5 1.50853490829 0.109080945753 1 Cristina  292.59387500799994 0.055 0.245156704079 0.899453962542 1 1 1 0.76 0
103 4 4.5 0 1 -9.81 0.5 1.46329808235 0.0638441198099 1 Cristina  295.22587412899975 0.055 0.434094299108 0.899453962542 1 1 1 0.76 1
104 3 4.5 0 0 -9.81 0.5 1.63509488106 0.235640918516 1 Cristina  297.805992825 0.055 0.251476010798 0.899453962542 1 1 1 0.76 0
105 3 6 0 1 9.81 0.5 1.80312108994 0.111565151193 1 Cristina  300.5573909519999 0.055 0.559141469433 1.19155593874 1 1 1 0.76 1
106 4 4.5 0 0 9.81 0.5 1.64666795731 0.247213994764 1 Cristina  303.4652224299998 0.055 0.250758053095 0.899453962542 1 1 1 0.76 0
107 4 6 0 1 9.81 0.5 1.82699012756 0.135434188822 1 Cristina  306.230036636 0.055 0.559147190573 1.19155593874 1 1 1 0.76 1
108 3 6 0 0 9.81 0.5 1.94086003304 0.249304094293 1 Cristina  309.1637568179999 0.055 0.353303411256 1.19155593874 1 1 1 0.76 0
109 4 4.5 0 1 9.81 0.5 1.61957097054 0.220117007993 1 Cristina  312.22807462499986 0.055 0.419241799607 0.899453962542 1 1 1 0.76 1
110 3 6 0 0 -9.81 0.5 1.99173307419 0.300177135446 1 Cristina  314.93772030399987 0.055 0.339465114815 1.19155593874 1 1 1 0.76 0
111 3 6 0 1 -9.81 0.5 1.77733492851 0.0857789897706 1 Cristina  318.05303556399986 0.055 0.565063026201 1.19155593874 1 1 1 0.76 1
112 3 4.5 0 0 -9.81 0.5 1.66872286797 0.269268905424 1 Cristina  320.94581965299994 0.055 0.233138359607 0.899453962542 1 1 1 0.76 0
113 4 6 0 0 -9.81 0.5 1.98945808411 0.297902145364 1 Cristina  323.7354539189996 0.055 0.31426338811 1.19155593874 1 1 1 0.76 0
114 3 6 0 1 9.81 0.5 1.83923411369 0.147678174951 1 Cristina  326.839963246 0.055 0.557189008034 1.19155593874 1 1 1 0.76 1
115 3 4.5 0 0 9.81 0.5 1.59097790718 0.191523944639 1 Cristina  329.79975277899985 0.055 0.229378972254 0.899453962542 1 1 1 0.76 0
116 4 6 0 1 9.81 0.5 1.76955890656 0.0780029678132 1 Cristina  332.52135420199966 0.055 0.548362129035 1.19155593874 1 1 1 0.76 1
117 3 6 0 0 9.81 0.5 1.91206407547 0.220508136728 1 Cristina  335.38741105400004 0.055 0.300743945626 1.19155593874 1 1 1 0.76 0
118 4 4.5 0 1 9.81 0.5 1.57969999313 0.180246030592 1 Cristina  338.42522593800004 0.055 0.433739809806 0.899453962542 1 1 1 0.76 1
119 3 6 0 0 -9.81 0.5 1.94001603127 0.248460092523 1 Cristina  341.12975342599975 0.055 0.345368108704 1.19155593874 1 1 1 0.76 0
120 4 6 0 1 -9.81 0.5 1.71792602539 0.0263700866487 1 Cristina  344.19325334799987 0.055 0.565012597259 1.19155593874 1 1 1 0.76 1
121 4 4.5 0 0 9.81 0.5 1.52998614311 0.13053218057 1 Cristina  347.01892898200003 0.055 0.228725421729 0.899453962542 1 1 1 0.76 0
122 4 4.5 0 1 -9.81 0.5 1.52027320862 0.120819246076 1 Cristina  349.67691387099967 0.055 0.447793918111 0.899453962542 1 1 1 0.76 1
123 4 4.5 0 0 -9.81 0.5 1.73961305618 0.340159093641 1 Cristina  352.317048203 0.055 0.225004189653 0.899453962542 1 1 1 0.76 0
124 4 6 0 0 9.81 0.5 1.8099091053 0.118353166559 1 Cristina  355.18418038599975 0.055 0.353039479004 1.19155593874 1 1 1 0.76 0
125 3 4.5 0 1 -9.81 0.5 1.58783698082 0.188383018278 1 Cristina  358.1028522009997 0.055 0.437384305403 0.899453962542 1 1 1 0.76 1
126 3 4.5 0 1 9.81 0.5 1.64458799362 0.24513403108 1 Cristina  360.8205345619999 0.055 0.440417610167 0.899453962542 1 1 1 0.76 1
127 3 6 0 1 -9.81 0.5 1.93500590324 0.243449964502 1 Cristina  363.5749129699998 0.055 0.540315094047 1.19155593874 1 1 1 0.76 1
128 4 6 0 1 9.81 0.5 1.77139401436 0.0798380756166 1 Cristina  366.63261065300003 0.055 0.564317391028 1.19155593874 1 1 1 0.76 1
129 4 6 0 1 -9.81 0.5 1.87696695328 0.185411014536 1 Cristina  369.5065503879996 0.055 0.57945260002 1.19155593874 1 1 1 0.76 1
130 4 4.5 0 1 9.81 0.5 1.63749694824 0.2380429857 1 Cristina  372.5184471589996 0.055 0.433727736722 0.899453962542 1 1 1 0.76 1
131 4 6 0 0 9.81 0.5 1.86293697357 0.17138103483 1 Cristina  375.2707092579999 0.055 0.331745715113 1.19155593874 1 1 1 0.76 0
132 3 4.5 0 0 9.81 0.5 1.66578412056 0.266330158018 1 Cristina  378.2537869429998 0.055 0.266747951334 0.899453962542 1 1 1 0.76 0
133 3 6 0 0 -9.81 0.5 1.90760302544 0.216047086694 1 Cristina  381.03559368399965 0.055 0.338488589169 1.19155593874 1 1 1 0.76 0
134 3 4.5 0 1 -9.81 0.5 1.57790184021 0.178447877668 1 Cristina  384.05083152099996 0.055 0.436281834585 0.899453962542 1 1 1 0.76 1
135 4 6 0 0 -9.81 0.5 1.98296499252 0.291409053781 1 Cristina  386.74948128899996 0.055 0.299854623816 1.19155593874 1 1 1 0.76 0
136 4 4.5 0 1 -9.81 0.5 1.60593986511 0.206485902571 1 Cristina  389.85198328399974 0.055 0.443493443634 0.899453962542 1 1 1 0.76 1
137 4 4.5 0 0 -9.81 0.5 1.66647005081 0.26701608827 1 Cristina  392.59620111000004 0.055 0.231531575907 0.899453962542 1 1 1 0.76 0
138 3 6 0 1 -9.81 0.5 1.8149869442 0.123431005457 1 Cristina  395.3616326319998 0.055 0.555174603249 1.19155593874 1 1 1 0.76 1
139 3 4.5 0 1 9.81 0.5 1.57409000397 0.174636041425 1 Cristina  398.3008617209998 0.055 0.438139718693 0.899453962542 1 1 1 0.76 1
140 3 6 0 1 9.81 0.5 1.78444099426 0.0928850555207 1 Cristina  400.9962599759997 0.055 0.56209866376 1.19155593874 1 1 1 0.76 1
141 3 6 0 0 9.81 0.5 1.84542107582 0.153865137079 1 Cristina  403.89426820499966 0.055 0.322573804844 1.19155593874 1 1 1 0.76 0
142 4 4.5 0 0 9.81 0.5 1.67762899399 0.278175031446 1 Cristina  406.8413257139996 0.055 0.233654051364 0.899453962542 1 1 1 0.76 0
143 3 4.5 0 0 -9.81 0.5 1.74153590202 0.342081939482 1 Cristina  409.647590046 0.055 0.233507417498 0.899453962542 1 1 1 0.76 0
144 3 6 0 1 -9.81 0.5 1.86188197136 0.170326032617 1 Cristina  412.51150039699996 0.055 0.581798068078 1.19155593874 1 1 1 0.76 1
145 4 4.5 0 0 -9.81 0.5 1.69853496552 0.299081002973 1 Cristina  415.4665038339999 0.055 0.231623072328 0.899453962542 1 1 1 0.76 0
146 4 4.5 0 1 -9.81 0.5 1.6271469593 0.227692996763 1 Cristina  418.2859429299997 0.055 0.407097404502 0.899453962542 1 1 1 0.76 1
147 4 4.5 0 1 9.81 0.5 1.5893599987 0.189906036161 1 Cristina  421.0150005729997 0.055 0.435539079837 0.899453962542 1 1 1 0.76 1
148 3 4.5 0 0 9.81 0.5 1.61770582199 0.218251859449 1 Cristina  424.0413827749999 0.055 0.267627076946 0.899453962542 1 1 1 0.76 0
149 4 6 0 0 -9.81 0.5 2.01678609848 0.325230159738 1 Cristina  426.420879237 0.055 0.301165585341 1.19155593874 1 1 1 0.76 0
150 3 4.5 0 0 -9.81 0.5 1.64703702927 0.247583066725 1 Cristina  429.570667038 0.055 0.236768625445 0.899453962542 1 1 1 0.76 0
151 3 6 0 0 9.81 0.5 1.86141705513 0.169861116388 1 Cristina  432.3416923579998 0.055 0.342985445574 1.19155593874 1 1 1 0.76 0
152 3 4.5 0 1 9.81 0.5 1.55539107323 0.155937110685 1 Cristina  435.30127274100005 0.055 0.407230807343 0.899453962542 1 1 1 0.76 1
153 3 6 0 0 -9.81 0.5 1.8774459362 0.185889997461 1 Cristina  437.9844998479998 0.055 0.345241225658 1.19155593874 1 1 1 0.76 0
154 3 6 0 1 9.81 0.5 1.76372098923 0.0721650504853 1 Cristina  440.9550363819999 0.055 0.539246977499 1.19155593874 1 1 1 0.76 1
155 4 6 0 0 9.81 0.5 1.79203510284 0.100479164102 1 Cristina  443.8266725999997 0.055 0.31084998916 1.19155593874 1 1 1 0.76 0
156 3 4.5 0 1 -9.81 0.5 1.61643099785 0.216977035307 1 Cristina  446.7354295619998 0.055 0.439492304175 0.899453962542 1 1 1 0.76 1
157 4 6 0 1 -9.81 0.5 1.81261992455 0.121063985803 1 Cristina  449.45701126899985 0.055 0.537709555474 1.19155593874 1 1 1 0.76 1
158 4 6 0 1 9.81 0.5 1.7201321125 0.0285761737611 1 Cristina  452.3973792099996 0.055 0.541518752498 1.19155593874 1 1 1 0.76 1
159 4 4.5 0 0 9.81 0.5 1.59996914864 0.200515186094 1 Cristina  455.2449123729998 0.055 0.228102845038 0.899453962542 1 1 1 0.76 0
160 3 6 0 0 9.81 0.5 1.85820579529 0.166649856546 1 Cristina  457.9693498939996 0.055 0.354614259028 1.19155593874 1 1 1 0.76 0
161 4 4.5 0 0 9.81 0.5 1.53816509247 0.138711129926 1 Cristina  460.942375135 0.055 0.253691325304 0.899453962542 1 1 1 0.76 0
162 3 4.5 0 0 9.81 0.5 1.62572312355 0.226269161009 1 Cristina  463.5903477949996 0.055 0.259291540314 0.899453962542 1 1 1 0.76 0
163 4 6 0 0 9.81 0.5 1.8477768898 0.156220951059 1 Cristina  466.3275213029997 0.055 0.331552136331 1.19155593874 1 1 1 0.76 0
164 3 6 0 1 -9.81 0.5 1.76999688148 0.078440942743 1 Cristina  469.2891993799999 0.055 0.569778176573 1.19155593874 1 1 1 0.76 1
165 3 6 0 0 -9.81 0.5 1.85515499115 0.163599052408 1 Cristina  472.18322239500003 0.055 0.354532094301 1.19155593874 1 1 1 0.76 0
166 3 4.5 0 1 -9.81 0.5 1.6376991272 0.238245164655 1 Cristina  475.154542065 0.055 0.416100095158 0.899453962542 1 1 1 0.76 1
167 4 6 0 0 -9.81 0.5 1.92226290703 0.230706968286 1 Cristina  477.90235381799994 0.055 0.318344727932 1.19155593874 1 1 1 0.76 0
168 3 4.5 0 1 9.81 0.5 1.58491396904 0.185460006498 1 Cristina  480.9433411259997 0.055 0.444809960759 0.899453962542 1 1 1 0.76 1
169 4 6 0 1 -9.81 0.5 1.81876206398 0.127206125238 1 Cristina  483.64651194199996 0.055 0.560203430664 1.19155593874 1 1 1 0.76 1
170 3 6 0 1 9.81 0.5 1.93944692612 0.247890987375 1 Cristina  486.59855205099984 0.055 0.562319494489 1.19155593874 1 1 1 0.76 1
171 4 4.5 0 0 -9.81 0.5 1.72587704659 0.326423084043 1 Cristina  489.6528606759998 0.055 0.249345880279 0.899453962542 1 1 1 0.76 0
172 4 4.5 0 1 9.81 0.5 1.54330801964 0.143854057096 1 Cristina  492.47936674699986 0.055 0.434130441155 0.899453962542 1 1 1 0.76 1
173 4 4.5 0 1 -9.81 0.5 1.59210395813 0.192649995588 1 Cristina  495.13462811 0.055 0.435096416564 0.899453962542 1 1 1 0.76 1
174 3 4.5 0 0 -9.81 0.5 1.73344707489 0.333993112348 1 Cristina  497.8224874939997 0.055 0.259530866512 0.899453962542 1 1 1 0.76 0
175 4 6 0 1 9.81 0.5 1.80527901649 0.113723077753 1 Cristina  500.6595337179997 0.055 0.549465381717 1.19155593874 1 1 1 0.76 1
176 4 6 0 0 9.81 0.5 1.85861206055 0.167056121805 1 Cristina  503.56662663199995 0.055 0.300381300863 1.19155593874 1 1 1 0.76 0
177 3 4.5 0 0 -9.81 0.5 1.61415815353 0.214704190992 1 Cristina  506.553861935 0.055 0.262806982695 0.899453962542 1 1 1 0.76 0
178 3 6 0 0 9.81 0.5 1.88011193275 0.188555994013 1 Cristina  509.28328311199994 0.055 0.323761795021 1.19155593874 1 1 1 0.76 0
179 3 4.5 0 0 9.81 0.5 1.56491112709 0.165457164549 1 Cristina  512.2847927519997 0.055 0.265094018773 0.899453962542 1 1 1 0.76 0
180 3 4.5 0 1 9.81 0.5 1.58288311958 0.183429157041 1 Cristina  514.9715361429999 0.055 0.413169421283 0.899453962542 1 1 1 0.76 1
181 3 6 0 1 9.81 0.5 1.81322813034 0.121672191599 1 Cristina  517.6545814309998 0.055 0.546176898738 1.19155593874 1 1 1 0.76 1
182 3 6 0 1 -9.81 0.5 1.89811301231 0.206557073572 1 Cristina  520.5768362979998 0.055 0.574667400241 1.19155593874 1 1 1 0.76 1
183 4 4.5 0 0 9.81 0.5 1.63155388832 0.232099925779 1 Cristina  523.579215063 0.055 0.230946068917 0.899453962542 1 1 1 0.76 0
184 3 6 0 0 -9.81 0.5 1.9122941494 0.220738210657 1 Cristina  526.3064076619999 0.055 0.307736396404 1.19155593874 1 1 1 0.76 0
185 4 6 0 1 9.81 0.5 1.74580693245 0.0542509937074 1 Cristina  529.3349800249998 0.055 0.568413139019 1.19155593874 1 1 1 0.76 1
186 4 4.5 0 0 -9.81 0.5 1.68586206436 0.28640810182 1 Cristina  532.2046456799999 0.055 0.236901774096 0.899453962542 1 1 1 0.76 0
187 3 4.5 0 1 -9.81 0.5 1.5287129879 0.129259025358 1 Cristina  535.0197292009998 0.055 0.418883615728 0.899453962542 1 1 1 0.76 1
188 4 6 0 1 -9.81 0.5 1.78526210785 0.0937061691072 1 Cristina  537.6625136899997 0.055 0.55360038477 1.19155593874 1 1 1 0.76 1
189 4 4.5 0 1 9.81 0.5 1.61874198914 0.219288026594 1 Cristina  540.5807016919998 0.055 0.44211584223 0.899453962542 1 1 1 0.76 1
190 4 6 0 0 -9.81 0.5 1.93090581894 0.239349880197 1 Cristina  543.3126509459998 0.055 0.333109946914 1.19155593874 1 1 1 0.76 0
191 4 4.5 0 1 -9.81 0.5 1.66947102547 0.270017062925 1 Cristina  546.3440283659997 0.055 0.423524790129 0.899453962542 1 1 1 0.76 1
192 3 6 0 1 9.81 0.5 1.75638604164 0.0648301028993 1 Cristina  549.1197746729999 0.055 0.575026694843 1.19155593874 1 1 1 0.76 1
193 4 4.5 0 0 9.81 0.5 1.62874293327 0.229288970732 1 Cristina  551.969028598 0.055 0.229378726633 0.899453962542 1 1 1 0.76 0
194 3 6 0 1 -9.81 0.5 1.81939792633 0.127841987589 1 Cristina  554.7012081059997 0.055 0.555798101258 1.19155593874 1 1 1 0.76 1
195 4 6 0 1 -9.81 0.5 1.79262208939 0.101066150644 1 Cristina  557.6478434709998 0.055 0.586733449138 1.19155593874 1 1 1 0.76 1
196 4 4.5 0 1 9.81 0.5 1.53390812874 0.134454166197 1 Cristina  560.5621423999996 0.055 0.441094850024 0.899453962542 1 1 1 0.76 1
197 3 4.5 0 0 9.81 0.5 1.68615913391 0.286705171369 1 Cristina  563.1880811369997 0.055 0.252669820881 0.899453962542 1 1 1 0.76 0
198 3 6 0 0 9.81 0.5 1.97063803673 0.279082097986 1 Cristina  565.9719693849997 0.055 0.339036685019 1.19155593874 1 1 1 0.76 0
199 3 4.5 0 1 9.81 0.5 1.65640187263 0.256947910093 1 Cristina  569.0376034739998 0.055 0.432153415053 0.899453962542 1 1 1 0.76 1
200 4 6 0 1 9.81 0.5 1.82261896133 0.131063022592 1 Cristina  571.8246918719997 0.055 0.542335836465 1.19155593874 1 1 1 0.76 1
201 3 6 0 0 -9.81 0.5 1.98210501671 0.290549077966 1 Cristina  574.7659992139997 0.055 0.347643833205 1.19155593874 1 1 1 0.76 0
202 3 4.5 0 1 -9.81 0.5 1.74266409874 0.343210136198 1 Cristina  577.8419712089999 0.055 0.415820249533 0.899453962542 1 1 1 0.76 1
203 4 6 0 0 9.81 0.5 1.8732779026 0.181721963861 1 Cristina  580.6948751229997 0.055 0.299690162621 1.19155593874 1 1 1 0.76 0
204 3 4.5 0 0 -9.81 0.5 1.6899330616 0.290479099058 1 Cristina  583.7033399519996 0.055 0.267456300841 0.899453962542 1 1 1 0.76 0
205 4 4.5 0 1 -9.81 0.5 1.62263798714 0.223184024595 1 Cristina  586.5103431160001 0.055 0.422182585681 0.899453962542 1 1 1 0.76 1
206 4 6 0 0 -9.81 0.5 2.07175803185 0.380202093103 1 Cristina  589.2554639349996 0.055 0.320351910293 1.19155593874 1 1 1 0.76 0
207 4 4.5 0 0 -9.81 0.5 1.61992287636 0.220468913816 1 Cristina  592.4292831779999 0.055 0.265191908744 0.899453962542 1 1 1 0.76 0
208 4 6 0 1 -9.81 0.5 1.72635316849 0.0347972297456 1 Cristina  595.1736671649996 0.055 0.564670903272 1.19155593874 1 1 1 0.76 1
209 4 4.5 0 1 -9.81 0.5 1.55880093575 0.159346973203 1 Cristina  598.020733627 0.055 0.408286622008 0.899453962542 1 1 1 0.76 1
210 3 4.5 0 1 9.81 0.5 1.54833197594 0.148878013395 1 Cristina  600.672607638 0.055 0.419143385398 0.899453962542 1 1 1 0.76 1
211 3 6 0 1 -9.81 0.5 1.75533914566 0.0637832069184 1 Cristina  603.3382743379998 0.055 0.538759217501 1.19155593874 1 1 1 0.76 1
212 3 6 0 0 9.81 0.5 1.78371715546 0.0921612167146 1 Cristina  606.2156107569999 0.055 0.340746357 1.19155593874 1 1 1 0.76 0
213 4 4.5 0 0 9.81 0.5 1.54173612595 0.142282163404 1 Cristina  609.1112291729996 0.055 0.243574845951 0.899453962542 1 1 1 0.76 0
214 4 4.5 0 0 -9.81 0.5 1.59606409073 0.196610128187 1 Cristina  611.7543333829999 0.055 0.233675646938 0.899453962542 1 1 1 0.76 0
215 3 6 0 0 -9.81 0.5 1.91349506378 0.22193912504 1 Cristina  614.4614897609999 0.055 0.299811043861 1.19155593874 1 1 1 0.76 0
216 4 6 0 0 9.81 0.5 1.84927606583 0.157720127084 1 Cristina  617.478359142 0.055 0.309842377902 1.19155593874 1 1 1 0.76 0
217 3 4.5 0 0 -9.81 0.5 1.61079406738 0.211340104841 1 Cristina  620.435578785 0.055 0.237855529265 0.899453962542 1 1 1 0.76 0
218 3 6 0 1 9.81 0.5 1.7503759861 0.0588200473573 1 Cristina  623.157882387 0.055 0.549856224931 1.19155593874 1 1 1 0.76 1
219 4 6 0 0 -9.81 0.5 1.92358994484 0.232034006098 1 Cristina  626.029290038 0.055 0.32170805057 1.19155593874 1 1 1 0.76 0
220 4 4.5 0 1 9.81 0.5 1.6188659668 0.219412004255 1 Cristina  629.0541920139999 0.055 0.445246693159 0.899453962542 1 1 1 0.76 1
221 3 4.5 0 0 9.81 0.5 1.61150693893 0.212052976393 1 Cristina  631.7760992179997 0.055 0.265776023286 0.899453962542 1 1 1 0.76 0
222 3 4.5 0 1 -9.81 0.5 1.56892204285 0.169468080305 1 Cristina  634.494757548 0.055 0.4313378412 0.899453962542 1 1 1 0.76 1
223 4 6 0 1 9.81 0.5 11.7975530624 10.1059971237 1 Cristina  641.6962962329999 0.055 0.575208944963 1.19155593874 1 1 1 0.76 1
224 3 4.5 0 0 9.81 0.5 1.60076403618 0.201310073637 1 Cristina  650.0726443819999 0.055 0.24868703499 0.899453962542 1 1 1 0.76 0
225 4 4.5 0 0 9.81 0.5 1.55605316162 0.156599199079 1 Cristina  652.792856689 0.055 0.261192401081 0.899453962542 1 1 1 0.76 0
226 4 4.5 0 1 9.81 0.5 1.5245950222 0.12514105966 1 Cristina  655.4607926509998 0.055 0.426117729893 0.899453962542 1 1 1 0.76 1
227 4 4.5 0 1 -9.81 0.5 1.62210917473 0.222655212187 1 Cristina  658.102810249 0.055 0.430057372396 0.899453962542 1 1 1 0.76 1
228 4 6 0 0 -9.81 0.5 1.85575604439 0.164200105646 1 Cristina  660.814578389 0.055 0.306169368434 1.19155593874 1 1 1 0.76 0
229 3 6 0 1 9.81 0.5 1.81412291527 0.122566976526 1 Cristina  663.7795170079999 0.055 0.545455185714 1.19155593874 1 1 1 0.76 1
230 4 4.5 0 0 -9.81 0.5 1.65987491608 0.260420953535 1 Cristina  666.7176685209997 0.055 0.233821960639 0.899453962542 1 1 1 0.76 0
231 3 6 0 1 -9.81 0.5 1.83745408058 0.14589814184 1 Cristina  669.5084333209998 0.055 0.57930350149 1.19155593874 1 1 1 0.76 1
232 3 4.5 0 0 -9.81 0.5 1.59123015404 0.191776191496 1 Cristina  672.4756222460001 0.055 0.263823674417 0.899453962542 1 1 1 0.76 0
233 4 6 0 0 9.81 0.5 1.83638310432 0.144827165582 1 Cristina  675.1574281609996 0.055 0.329021282178 1.19155593874 1 1 1 0.76 0
234 3 4.5 0 1 9.81 0.5 1.67302393913 0.273569976591 1 Cristina  678.1137316310001 0.055 0.427741420868 0.899453962542 1 1 1 0.76 1
235 4 6 0 1 9.81 0.5 1.75221705437 0.0606611156251 1 Cristina  680.8842939659999 0.055 0.581835517433 1.19155593874 1 1 1 0.76 1
236 3 4.5 0 1 -9.81 0.5 1.5797970295 0.180343066953 1 Cristina  683.7363818819999 0.055 0.414993805816 0.899453962542 1 1 1 0.76 1
237 3 6 0 0 9.81 0.5 1.85095596313 0.159400024393 1 Cristina  686.4475875640001 0.055 0.357288599911 1.19155593874 1 1 1 0.76 0
238 4 6 0 1 -9.81 0.5 1.81670308113 0.125147142389 1 Cristina  689.4138110849999 0.055 0.576468536586 1.19155593874 1 1 1 0.76 1
239 3 6 0 0 -9.81 0.5 1.84747195244 0.155916013696 1 Cristina  692.3510648919996 0.055 0.347005146952 1.19155593874 1 1 1 0.76 0
240 3 6 0 0 -9.81 0.5 1.8468079567 0.155252017954 1 Cristina  695.294928845 0.055 0.316350559666 1.19155593874 1 1 1 0.76 0
241 4 4.5 0 0 -9.81 0.5 1.52259778976 0.123143827223 1 Cristina  698.261214315 0.055 0.267116641943 0.899453962542 1 1 1 0.76 0
242 3 4.5 0 0 9.81 0.5 1.5749630928 0.175509130262 1 Cristina  700.900686125 0.055 0.235365422035 0.899453962542 1 1 1 0.76 0
243 3 4.5 0 0 -9.81 0.5 1.61313700676 0.213683044218 1 Cristina  703.592401158 0.055 0.243414554654 0.899453962542 1 1 1 0.76 0
244 3 6 0 1 -9.81 0.5 1.82294297218 0.131387033441 1 Cristina  706.3037688289996 0.055 0.538912058076 1.19155593874 1 1 1 0.76 1
245 3 4.5 0 1 9.81 0.5 1.51858592033 0.119131957792 1 Cristina  709.2507658519999 0.055 0.445194530253 0.899453962542 1 1 1 0.76 1
246 4 4.5 0 1 9.81 0.5 1.48042201996 0.0809680574167 1 Cristina  711.841250772 0.055 0.444160552556 0.899453962542 1 1 1 0.76 1
247 4 6 0 0 -9.81 0.5 1.88961601257 0.198060073831 1 Cristina  714.4394993189999 0.055 0.328086652734 1.19155593874 1 1 1 0.76 0
248 4 4.5 0 0 9.81 0.5 1.50233411789 0.102880155348 1 Cristina  717.451162413 0.055 0.230539553924 0.899453962542 1 1 1 0.76 0
249 4 4.5 0 1 -9.81 0.5 1.56017398834 0.1607200258 1 Cristina  720.0517129599998 0.055 0.44348415659 0.899453962542 1 1 1 0.76 1
250 3 6 0 1 9.81 0.5 1.80953216553 0.117976226785 1 Cristina  722.7217479829997 0.055 0.564893449284 1.19155593874 1 1 1 0.76 1
251 3 4.5 0 1 -9.81 0.5 1.58558511734 0.186131154798 1 Cristina  725.6410111949999 0.055 0.430954309963 0.899453962542 1 1 1 0.76 1
252 4 6 0 0 9.81 0.5 1.90364193916 0.212086000421 1 Cristina  728.2943007599997 0.055 0.313293477036 1.19155593874 1 1 1 0.76 0
253 4 6 0 1 9.81 0.5 1.79766011238 0.106104173639 1 Cristina  731.3217784839999 0.055 0.556266513211 1.19155593874 1 1 1 0.76 1
254 4 6 0 1 -9.81 0.5 1.78036093712 0.0888049983766 1 Cristina  734.2217723209997 0.055 0.570255084134 1.19155593874 1 1 1 0.76 1
255 3 6 0 0 9.81 0.5 1.84424901009 0.152693071344 1 Cristina  737.1314085629997 0.055 0.329490037782 1.19155593874 1 1 1 0.76 0
256 3 6 0 1 9.81 0.5 1.7625439167 0.0709879779603 1 Cristina  740.0836699399997 0.055 0.57916688443 1.19155593874 1 1 1 0.76 1
257 4 6 0 1 9.81 0.5 1.75430297852 0.0627470397737 1 Cristina  742.9505942389997 0.055 0.569113954872 1.19155593874 1 1 1 0.76 1
258 3 4.5 0 1 -9.81 0.5 1.61099791527 0.211543952726 1 Cristina  745.8213191899999 0.055 0.444555122599 0.899453962542 1 1 1 0.76 1
259 3 4.5 0 1 9.81 0.5 1.55507588387 0.155621921324 1 Cristina  748.5332646509996 0.055 0.448156493987 0.899453962542 1 1 1 0.76 1
260 4 4.5 0 1 -9.81 0.5 1.55855178833 0.159097825788 1 Cristina  751.1954928969999 0.055 0.429861519297 0.899453962542 1 1 1 0.76 1
261 4 6 0 1 -9.81 0.5 1.73986196518 0.0483060264375 1 Cristina  753.8787211249996 0.055 0.582887092715 1.19155593874 1 1 1 0.76 1
262 4 6 0 0 -9.81 0.5 1.9604511261 0.268895187357 1 Cristina  756.741952248 0.055 0.321496167755 1.19155593874 1 1 1 0.76 0
263 3 4.5 0 0 -9.81 0.5 1.65801286697 0.258558904432 1 Cristina  759.8297315899999 0.055 0.232957556976 0.899453962542 1 1 1 0.76 0
264 4 4.5 0 0 9.81 0.5 1.61567306519 0.216219102644 1 Cristina  762.6133402709997 0.055 0.266315024277 0.899453962542 1 1 1 0.76 0
265 3 6 0 0 -9.81 0.5 1.93738818169 0.245832242944 1 Cristina  765.3402271199998 0.055 0.3216412485 1.19155593874 1 1 1 0.76 0
266 4 4.5 0 1 9.81 0.5 1.58900094032 0.189546977781 1 Cristina  768.4056802159998 0.055 0.446034838881 0.899453962542 1 1 1 0.76 1
267 4 6 0 0 9.81 0.5 1.87135601044 0.179800071695 1 Cristina  771.1076061509998 0.055 0.320676967592 1.19155593874 1 1 1 0.76 0
268 4 4.5 0 0 -9.81 0.5 1.69964885712 0.300194894575 1 Cristina  774.0925534159996 0.055 0.24243308279 0.899453962542 1 1 1 0.76 0
269 3 6 0 1 -9.81 0.5 1.73059296608 0.0390370273377 1 Cristina  776.8966280679997 0.055 0.556706226106 1.19155593874 1 1 1 0.76 1
270 3 6 0 0 9.81 0.5 1.88080215454 0.189246215799 1 Cristina  779.7593148859996 0.055 0.310868946337 1.19155593874 1 1 1 0.76 0
271 3 4.5 0 0 9.81 0.5 1.56593394279 0.166479980253 1 Cristina  782.7416826159997 0.055 0.265714900261 0.899453962542 1 1 1 0.76 0
272 4 4.5 0 0 9.81 0.5 1.65010690689 0.250652944349 1 Cristina  785.4116533469996 0.055 0.261323753036 0.899453962542 1 1 1 0.76 0
273 3 6 0 0 9.81 0.5 1.99533605576 0.303780117014 1 Cristina  788.1902803829998 0.055 0.355917101156 1.19155593874 1 1 1 0.76 0
274 3 6 0 1 -9.81 0.5 1.77408289909 0.0825269603517 1 Cristina  791.3073071059998 0.055 0.579724066747 1.19155593874 1 1 1 0.76 1
275 3 6 0 0 -9.81 0.5 1.97933006287 0.287774124124 1 Cristina  794.1992634389999 0.055 0.31260273696 1.19155593874 1 1 1 0.76 0
276 4 6 0 0 -9.81 0.5 1.8901309967 0.198575057962 1 Cristina  797.283462505 0.055 0.309160852743 1.19155593874 1 1 1 0.76 0
277 3 6 0 1 9.81 0.5 1.758010149 0.0664542102601 1 Cristina  800.2806222189997 0.055 0.543429974406 1.19155593874 1 1 1 0.76 1
278 4 4.5 0 0 -9.81 0.5 1.62667798996 0.227224027418 1 Cristina  803.1339070119998 0.055 0.258990467751 0.899453962542 1 1 1 0.76 0
279 4 4.5 0 1 -9.81 0.5 1.57185101509 0.172397052549 1 Cristina  805.8709426189998 0.055 0.414735432811 0.899453962542 1 1 1 0.76 1
280 3 4.5 0 1 -9.81 0.5 1.56942486763 0.169970905088 1 Cristina  808.5128355399997 0.055 0.411214051323 0.899453962542 1 1 1 0.76 1
281 3 4.5 0 0 9.81 0.5 1.50376105309 0.104307090544 1 Cristina  811.179333601 0.055 0.239188737661 0.899453962542 1 1 1 0.76 0
282 3 4.5 0 1 9.81 0.5 1.53606820107 0.136614238523 1 Cristina  813.803890396 0.055 0.432462797729 0.899453962542 1 1 1 0.76 1
283 4 6 0 0 9.81 0.5 1.78447389603 0.0929179572846 1 Cristina  816.4085904119997 0.055 0.334229650325 1.19155593874 1 1 1 0.76 0
284 4 6 0 1 9.81 0.5 1.83650898933 0.144953050592 1 Cristina  819.2839709350001 0.055 0.569067689571 1.19155593874 1 1 1 0.76 1
285 3 4.5 0 0 -9.81 0.5 1.60726094246 0.207806979917 1 Cristina  822.222067058 0.055 0.247036873439 0.899453962542 1 1 1 0.76 0
286 4 6 0 1 -9.81 0.5 1.81690692902 0.125350990274 1 Cristina  824.963014855 0.055 0.58636986937 1.19155593874 1 1 1 0.76 1
287 4 4.5 0 1 9.81 0.5 1.54712605476 0.147672092222 1 Cristina  827.8695716519996 0.055 0.422647970189 0.899453962542 1 1 1 0.76 1
288 3 6 0 0 9.81 0.5 1.76482200623 0.0732660674836 1 Cristina  830.5123307129998 0.055 0.306480837044 1.19155593874 1 1 1 0.76 0
289 4 4.5 0 1 -9.81 0.5 1.57644200325 0.176988040708 1 Cristina  833.380041338 0.055 0.431128093655 0.899453962542 1 1 1 0.76 1
290 4 6 0 1 9.81 0.5 1.77244901657 0.0808930778291 1 Cristina  836.0594852129998 0.055 0.572954944687 1.19155593874 1 1 1 0.76 1
291 3 4.5 0 0 -9.81 0.5 1.64433097839 0.244877015852 1 Cristina  838.9562356209999 0.055 0.246480082463 0.899453962542 1 1 1 0.76 0
292 3 4.5 0 1 -9.81 0.5 1.62376189232 0.224307929777 1 Cristina  841.7203431169996 0.055 0.442024681868 0.899453962542 1 1 1 0.76 1
293 4 4.5 0 1 9.81 0.5 1.59081697464 0.191363012098 1 Cristina  844.4626924679997 0.055 0.419824637306 0.899453962542 1 1 1 0.76 1
294 3 4.5 0 0 9.81 0.5 1.55787110329 0.158417140745 1 Cristina  847.1756858849999 0.055 0.239979198277 0.899453962542 1 1 1 0.76 0
295 3 6 0 0 -9.81 0.5 1.90666794777 0.215112009027 1 Cristina  849.8347634759998 0.055 0.305782390782 1.19155593874 1 1 1 0.76 0
296 4 4.5 0 0 9.81 0.5 1.56965112686 0.17019716432 1 Cristina  852.8534026899997 0.055 0.237732538682 0.899453962542 1 1 1 0.76 0
297 3 6 0 1 9.81 0.5 1.80873084068 0.117174901941 1 Cristina  855.5414999159998 0.055 0.57505310507 1.19155593874 1 1 1 0.76 1
298 4 4.5 0 0 -9.81 0.5 1.67350292206 0.274048959516 1 Cristina  858.4707125079999 0.055 0.230113302381 0.899453962542 1 1 1 0.76 0
299 4 6 0 0 -9.81 0.5 1.82891798019 0.137362041452 1 Cristina  861.2636746819999 0.055 0.323182936647 1.19155593874 1 1 1 0.76 0
300 4 6 0 1 -9.81 0.5 1.71316218376 0.0216062450196 1 Cristina  864.2214726299999 0.055 0.570631712284 1.19155593874 1 1 1 0.76 1
301 3 4.5 0 1 9.81 0.5 1.50829219818 0.108838235639 1 Cristina  867.0458528209997 0.055 0.424370288627 0.899453962542 1 1 1 0.76 1
302 4 6 0 0 9.81 0.5 1.81720399857 0.125648059824 1 Cristina  869.6787057659999 0.055 0.305592622935 1.19155593874 1 1 1 0.76 0
303 3 6 0 1 -9.81 0.5 1.80868887901 0.117132940271 1 Cristina  872.6156674659996 0.055 0.579337006922 1.19155593874 1 1 1 0.76 1
304 3 6 0 1 9.81 0.5 1.79774093628 0.106184997537 1 Cristina  875.546820304 0.055 0.584791232626 1.19155593874 1 1 1 0.76 1
305 4 6 0 1 -9.81 0.5 1.75672101974 0.0651650810029 1 Cristina  878.4494205779997 0.055 0.584097712082 1.19155593874 1 1 1 0.76 1
306 3 6 0 1 -9.81 0.5 1.84043598175 0.148880043009 1 Cristina  881.313439257 0.055 0.540521392257 1.19155593874 1 1 1 0.76 1
307 4 6 0 0 -9.81 0.5 1.97336316109 0.281807222345 1 Cristina  884.2536974159998 0.055 0.3256690663 1.19155593874 1 1 1 0.76 0
308 3 4.5 0 0 9.81 0.5 1.62442398071 0.224970018171 1 Cristina  887.3488642869997 0.055 0.261761127779 0.899453962542 1 1 1 0.76 0
309 4 6 0 0 9.81 0.5 1.8920109272 0.200454988458 1 Cristina  890.100532941 0.055 0.30381598428 1.19155593874 1 1 1 0.76 0
310 4 6 0 1 9.81 0.5 1.82028388977 0.128727951029 1 Cristina  893.1178729809999 0.055 0.545419328317 1.19155593874 1 1 1 0.76 1
311 3 4.5 0 0 -9.81 0.5 1.65112400055 0.251670038008 1 Cristina  896.062125901 0.055 0.226542541244 0.899453962542 1 1 1 0.76 0
312 4 4.5 0 1 -9.81 0.5 1.58907723427 0.189623271726 1 Cristina  898.8074706519997 0.055 0.443378667962 0.899453962542 1 1 1 0.76 1
313 3 4.5 0 1 -9.81 0.5 1.60970211029 0.210248147749 1 Cristina  901.5164645119999 0.055 0.433362736729 0.899453962542 1 1 1 0.76 1
314 3 6 0 0 9.81 0.5 1.85934495926 0.167789020517 1 Cristina  904.240316591 0.055 0.353897883014 1.19155593874 1 1 1 0.76 0
315 3 4.5 0 1 9.81 0.5 12.1798760891 10.7804221266 1 Cristina  919.096453057 0.055 0.43463808546 0.899453962542 1 1 1 0.76 1
316 4 4.5 0 0 9.81 0.5 12.1798760891 10.7804221266 1 Cristina  920.328050389 0.055 0.228990957174 0.899453962542 1 1 1 0.76 0
317 4 4.5 0 0 -9.81 0.5 1.6125562191 0.213102256559 1 Cristina  920.4948431789999 0.055 0.259765730177 0.899453962542 1 1 1 0.76 0
318 4 4.5 0 1 9.81 0.5 1.59081482887 0.191360866331 1 Cristina  923.2422103260001 0.055 0.41508519313 0.899453962542 1 1 1 0.76 1
319 3 6 0 0 -9.81 0.5 1.9765188694 0.284962930658 1 Cristina  925.9264337299996 0.055 0.350176790899 1.19155593874 1 1 1 0.76 0
320 3 6 0 0 -9.81 0.5 1.88803601265 0.196480073908 1 Cristina  928.9935969839999 0.055 0.357283115142 1.19155593874 1 1 1 0.76 0
321 3 6 0 1 -9.81 0.5 1.77717804909 0.0856221103456 1 Cristina  931.9587453529998 0.055 0.586646269892 1.19155593874 1 1 1 0.76 1
322 4 4.5 0 0 -9.81 0.5 1.5771150589 0.177661096357 1 Cristina  934.8507152859997 0.055 0.240877913601 0.899453962542 1 1 1 0.76 0
323 4 6 0 1 9.81 0.5 1.84965705872 0.158101119974 1 Cristina  937.531804186 0.055 0.544262729256 1.19155593874 1 1 1 0.76 1
324 4 6 0 1 -9.81 0.5 1.76293992996 0.0713839912202 1 Cristina  940.4839263529998 0.055 0.576883927001 1.19155593874 1 1 1 0.76 1
325 3 4.5 0 1 9.81 0.5 1.55415201187 0.15469804933 1 Cristina  943.3778921579997 0.055 0.413110207804 0.899453962542 1 1 1 0.76 1
326 4 6 0 0 9.81 0.5 1.95546293259 0.263906993845 1 Cristina  946.0234991329999 0.055 0.320191978309 1.19155593874 1 1 1 0.76 0
327 3 6 0 1 9.81 0.5 1.83436107635 0.142805137613 1 Cristina  949.092975305 0.055 0.541327995669 1.19155593874 1 1 1 0.76 1
328 4 6 0 0 -9.81 0.5 1.9068069458 0.215251007059 1 Cristina  952.0487166529997 0.055 0.305871630296 1.19155593874 1 1 1 0.76 0
329 3 4.5 0 1 -9.81 0.5 1.55875492096 0.159300958418 1 Cristina  955.0837204969998 0.055 0.410255592463 0.899453962542 1 1 1 0.76 1
330 4 4.5 0 0 9.81 0.5 1.52091002464 0.121456062101 1 Cristina  957.7396439529998 0.055 0.26327868878 0.899453962542 1 1 1 0.76 0
331 4 4.5 0 1 9.81 0.5 1.57538294792 0.17592898538 1 Cristina  960.355667455 0.055 0.431969232723 0.899453962542 1 1 1 0.76 1
332 3 6 0 0 9.81 0.5 1.80689692497 0.115340986231 1 Cristina  963.0614870310001 0.055 0.339285511133 1.19155593874 1 1 1 0.76 0
333 4 4.5 0 1 -9.81 0.5 1.59766888618 0.198214923643 1 Cristina  965.9902886169998 0.055 0.417859051207 0.899453962542 1 1 1 0.76 1
334 3 4.5 0 0 -9.81 0.5 1.62939500809 0.229941045545 1 Cristina  968.6985540759997 0.055 0.244997262027 0.899453962542 1 1 1 0.76 0
335 3 4.5 0 0 9.81 0.5 1.59615397453 0.196700011991 1 Cristina  971.4280233959998 0.055 0.263586429005 0.899453962542 1 1 1 0.76 0
336 3 4.5 0 1 9.81 0.5 1.53767776489 0.138223802351 1 Cristina  974.1077899679999 0.055 0.432862307937 0.899453962542 1 1 1 0.76 1
337 4 4.5 0 1 -9.81 0.5 1.48780298233 0.0883490197885 1 Cristina  976.7675357899998 0.055 0.447817444399 0.899453962542 1 1 1 0.76 1
338 3 6 0 0 9.81 0.5 1.89603209496 0.204476156213 1 Cristina  979.3640983239998 0.055 0.356383994752 1.19155593874 1 1 1 0.76 0
339 4 6 0 0 -9.81 0.5 2.05875706673 0.367201127985 1 Cristina  982.3798893630001 0.055 0.313708645782 1.19155593874 1 1 1 0.76 0
340 4 6 0 0 9.81 0.5 1.88313889503 0.191582956293 1 Cristina  985.5679168849997 0.055 0.300868371939 1.19155593874 1 1 1 0.76 0
341 3 6 0 1 -9.81 0.5 1.76561379433 0.0740578555848 1 Cristina  988.5824521499999 0.055 0.567258131036 1.19155593874 1 1 1 0.76 1
342 4 6 0 1 -9.81 0.5 1.74058890343 0.0490329646852 1 Cristina  991.460563951 0.055 0.56025729324 1.19155593874 1 1 1 0.76 1
343 4 4.5 0 1 9.81 0.5 1.54622912407 0.146775161527 1 Cristina  994.317918277 0.055 0.413143863348 0.899453962542 1 1 1 0.76 1
344 4 4.5 0 0 9.81 0.5 1.63611602783 0.23666206529 1 Cristina  996.9905421879998 0.055 0.241301133203 0.899453962542 1 1 1 0.76 0
345 3 4.5 0 0 9.81 0.5 1.57114601135 0.171692048811 1 Cristina  999.7547892849998 0.055 0.235931963327 0.899453962542 1 1 1 0.76 0
346 4 6 0 1 9.81 0.5 1.82730317116 0.135747232416 1 Cristina  1002.4360679289998 0.055 0.553855994434 1.19155593874 1 1 1 0.76 1
347 3 4.5 0 0 -9.81 0.5 1.56770992279 0.168255960249 1 Cristina  1005.362137654 0.055 0.242297270281 0.899453962542 1 1 1 0.76 0
348 3 6 0 1 9.81 0.5 1.72377490997 0.0322189712312 1 Cristina  1008.0379295739999 0.055 0.590542363472 1.19155593874 1 1 1 0.76 1
349 3 6 0 0 -9.81 0.5 1.83220481873 0.140648879984 1 Cristina  1010.893146848 0.055 0.302805844612 1.19155593874 1 1 1 0.76 0
350 3 4.5 0 1 -9.81 0.5 1.57362890244 0.174174939894 1 Cristina  1013.8455256699999 0.055 0.41030704112 0.899453962542 1 1 1 0.76 1
351 4 4.5 0 0 -9.81 0.5 1.62169504166 0.222241079115 1 Cristina  1016.4979324419996 0.055 0.229493063112 0.899453962542 1 1 1 0.76 0
352 4 4.5 0 0 9.81 0.5 1.55670189857 0.157247936033 1 Cristina  1019.2277133779999 0.055 0.258976427427 0.899453962542 1 1 1 0.76 0
353 3 6 0 1 9.81 0.5 1.80536293983 0.113807001093 1 Cristina  1021.9129990050001 0.055 0.576195350773 1.19155593874 1 1 1 0.76 1
354 4 4.5 0 1 -9.81 0.5 1.56175088882 0.162296926283 1 Cristina  1024.8373695289997 0.055 0.415841811697 0.899453962542 1 1 1 0.76 1
355 3 6 0 0 9.81 0.5 1.83448886871 0.142932929971 1 Cristina  1027.503217036 0.055 0.304934813961 1.19155593874 1 1 1 0.76 0
356 4 6 0 1 -9.81 0.5 1.74404907227 0.0524931335237 1 Cristina  1030.4696738009998 0.055 0.54684612262 1.19155593874 1 1 1 0.76 1
357 3 6 0 1 -9.81 0.5 1.76758599281 0.0760300540711 1 Cristina  1033.3291799909998 0.055 0.57195245068 1.19155593874 1 1 1 0.76 1
358 4 6 0 1 9.81 0.5 1.78514504433 0.0935891055848 1 Cristina  1036.211191589 0.055 0.542075903504 1.19155593874 1 1 1 0.76 1
359 3 4.5 0 1 9.81 0.5 1.59257292747 0.193118964933 1 Cristina  1039.122231925 0.055 0.439604103353 0.899453962542 1 1 1 0.76 1
360 4 6 0 0 9.81 0.5 1.86232018471 0.170764245966 1 Cristina  1041.8320808099998 0.055 0.314205833788 1.19155593874 1 1 1 0.76 0
361 3 4.5 0 0 9.81 0.5 1.61054611206 0.211092149519 1 Cristina  1044.824100975 0.055 0.23553209527 0.899453962542 1 1 1 0.76 0
362 3 4.5 0 1 -9.81 0.5 1.6564180851 0.256964122556 1 Cristina  1047.549831332 0.055 0.4327169173 0.899453962542 1 1 1 0.76 1
363 4 4.5 0 0 -9.81 0.5 1.56554794312 0.166093980573 1 Cristina  1050.3278275889998 0.055 0.237627103106 0.899453962542 1 1 1 0.76 0
364 3 6 0 0 -9.81 0.5 1.93139696121 0.23984102247 1 Cristina  1053.0055555169997 0.055 0.351283420406 1.19155593874 1 1 1 0.76 0
365 3 4.5 0 0 -9.81 0.5 1.58132505417 0.181871091627 1 Cristina  1056.059849583 0.055 0.269144367862 0.899453962542 1 1 1 0.76 0
366 4 4.5 0 1 9.81 0.5 1.47041583061 0.0709618680704 1 Cristina  1058.7542336399997 0.055 0.447231121094 0.899453962542 1 1 1 0.76 1
367 4 6 0 0 -9.81 0.5 1.83859300613 0.147037067392 1 Cristina  1061.3556016979996 0.055 0.329039784257 1.19155593874 1 1 1 0.76 0
368 3 4.5 0 0 -9.81 0.5 1.64845108986 0.248997127317 1 Cristina  1064.3062060099996 0.055 0.232181211653 0.899453962542 1 1 1 0.76 0
369 3 6 0 0 -9.81 0.5 1.85044693947 0.158891000726 1 Cristina  1067.0764050079997 0.055 0.346519508956 1.19155593874 1 1 1 0.76 0
370 4 4.5 0 1 -9.81 0.5 1.5323331356 0.132879173063 1 Cristina  1070.029287669 0.055 0.427653433406 0.899453962542 1 1 1 0.76 1
371 4 6 0 0 9.81 0.5 1.83734798431 0.145792045572 1 Cristina  1072.6874988639997 0.055 0.338967780473 1.19155593874 1 1 1 0.76 0
372 3 4.5 0 1 9.81 0.5 1.53781700134 0.138363038801 1 Cristina  1075.618564592 0.055 0.437806277474 0.899453962542 1 1 1 0.76 1
373 4 4.5 0 0 9.81 0.5 1.65122914314 0.251775180601 1 Cristina  1078.2664999529998 0.055 0.24528158696 0.899453962542 1 1 1 0.76 0
374 3 6 0 0 9.81 0.5 1.77759981155 0.086043872812 1 Cristina  1081.0075755969997 0.055 0.34613588126 1.19155593874 1 1 1 0.76 0
375 3 6 0 1 9.81 0.5 1.70261216164 0.0110562228944 1 Cristina  1083.901040105 0.055 0.573738201269 1.19155593874 1 1 1 0.76 1
376 3 4.5 0 0 9.81 0.5 1.58183503151 0.182381068968 1 Cristina  1086.7275101759997 0.055 0.247362665319 0.899453962542 1 1 1 0.76 0
377 4 6 0 0 -9.81 0.5 1.96900892258 0.277452983835 1 Cristina  1089.441507216 0.055 0.339701499734 1.19155593874 1 1 1 0.76 0
378 3 6 0 1 -9.81 0.5 1.71146702766 0.0199110889222 1 Cristina  1092.505884104 0.055 0.551647702746 1.19155593874 1 1 1 0.76 1
379 4 6 0 1 9.81 0.5 1.68850207329 -0.003053865454 1 Cristina  1095.325067325 0.055 0.578772528655 1.19155593874 1 1 1 0.76 1
380 4 4.5 0 0 -9.81 0.5 1.60568284988 0.206228887342 1 Cristina  1098.1325324599998 0.055 0.226612317324 0.899453962542 1 1 1 0.76 0
381 3 4.5 0 1 -9.81 0.5 1.51873016357 0.119276201032 1 Cristina  1100.8571911129998 0.055 0.419806930536 0.899453962542 1 1 1 0.76 1
382 4 4.5 0 1 9.81 0.5 1.53808093071 0.138626968168 1 Cristina  1103.503423347 0.055 0.432457067557 0.899453962542 1 1 1 0.76 1
383 4 6 0 1 -9.81 0.5 1.77016782761 0.0786118888642 1 Cristina  1106.159475863 0.055 0.539595264435 1.19155593874 1 1 1 0.76 1
