trial vx vy vz LongOcclusion g timeStill rTime TemporalError environment id pupiltime IOD OccludedTimeOfTrajectory FlightDuration Drag DragFirst block accuracy LongOcclusion
0 3 4.5 0 1 12.753 0.5 1.94021201134 0.74519727421 1 Albert  2.220796657000392 0.065 0.321104755879 0.695014737127 1 1 3 0.38 1
1 3 4.5 0 1 6.867 0.5 1.94021201134 0.74519727421 1 Albert  2.220796657000392 0.065 0.321104755879 0.695014737127 1 1 3 0.38 1
2 4 6 0 1 12.753 0.5 1.94021201134 0.74519727421 1 Albert  4.750438067000232 0.065 0.436541879972 0.922056687823 1 1 3 0.38 1
3 4 6 0 1 6.867 0.5 2.15984892845 -0.023908059124 1 Albert  5.260908092000136 0.065 0.785403168949 1.68375698758 1 1 3 0.38 1
4 4 6 0 1 11.2815 0.5 1.58910083771 0.0494789480893 1 Albert  8.516494894000061 0.065 0.468081291893 1.03962188962 1 1 3 0.38 1
5 4 6 0 0 6.867 0.5 2.2089471817 0.0251901941261 1 Albert  11.220052027000293 0.065 0.493523511212 1.68375698758 1 1 3 0.38 0
6 4 6 0 1 8.3385 0.5 1.84613585472 -0.049379543275 1 Albert  14.53037525100035 0.065 0.653377867882 1.395515398 1 1 3 0.38 1
7 3 4.5 0 1 11.2815 0.5 1.29394698143 0.00982029446834 1 Albert  17.487146113000108 0.065 0.354360259024 0.784126686962 1 1 3 0.38 1
8 3 6 0 0 11.2815 0.5 1.61029291153 0.0706710219113 1 Albert  19.87089792100005 0.065 0.283697498222 1.03962188962 1 1 3 0.38 0
9 3 6 0 1 11.2815 0.5 1.58231902122 0.0426971316067 1 Albert  22.60181833500019 0.065 0.502036523543 1.03962188962 1 1 3 0.38 1
10 4 4.5 0 0 6.867 0.5 1.79964399338 0.0253131185585 1 Albert  25.29307857699996 0.065 0.369622720883 1.27433087482 1 1 3 0.38 0
11 3 4.5 0 0 6.867 0.5 1.79423809052 0.019907215696 1 Albert  28.20601335800029 0.065 0.367012412978 1.27433087482 1 1 3 0.38 0
12 4 4.5 0 0 8.3385 0.5 1.57065391541 0.0160916863505 1 Albert  31.10942138700011 0.065 0.311772692196 1.05456222905 1 1 3 0.38 0
13 3 4.5 0 0 9.81 0.5 1.40596294403 0.00650898148897 1 Albert  33.77243736100036 0.065 0.225156630891 0.899453962542 1 1 3 0.38 0
14 3 6 0 0 6.867 0.5 2.18804001808 0.00428303050613 1 Albert  36.27204471599998 0.065 0.489157881433 1.68375698758 1 1 3 0.38 0
15 4 6 0 0 11.2815 0.5 1.54124307632 0.00162118670623 1 Albert  39.56652048500018 0.065 0.310855934186 1.03962188962 1 1 3 0.38 0
16 3 6 0 1 12.753 0.5 1.47427105904 0.0522143712134 1 Albert  42.225637009000366 0.065 0.452194871888 0.922056687823 1 1 3 0.38 1
17 3 6 0 0 12.753 0.5 1.44798898697 0.0259322991462 1 Albert  44.79638878100013 0.065 0.264139659771 0.922056687823 1 1 3 0.38 0
18 3 4.5 0 0 8.3385 0.5 1.67618083954 0.121618610484 1 Albert  47.347068003000004 0.065 0.292960281369 1.05456222905 1 1 3 0.38 0
19 4 4.5 0 0 9.81 0.5 1.38324403763 -0.0162099249136 1 Albert  50.12589028299999 0.065 0.250331094454 0.899453962542 1 1 3 0.38 0
20 4 6 0 0 8.3385 0.5 2.01210308075 0.116587682753 1 Albert  52.62616923500036 0.065 0.370014596283 1.395515398 1 1 3 0.38 0
21 3 6 0 1 6.867 0.5 2.08342695236 -0.100330035213 1 Albert  55.73036679400002 0.065 0.81582445133 1.68375698758 1 1 3 0.38 1
22 4 6 0 1 9.81 0.5 1.66193199158 -0.0296239471648 1 Albert  58.92057539799998 0.065 0.543680582449 1.19155593874 1 1 3 0.38 1
23 4 4.5 0 1 8.3385 0.5 1.62141394615 0.066851717097 1 Albert  61.68245114000001 0.065 0.500270423823 1.05456222905 1 1 3 0.38 1
24 3 6 0 1 8.3385 0.5 1.92065811157 0.0251427135762 1 Albert  64.41218985700016 0.065 0.66566278086 1.395515398 1 1 3 0.38 1
25 4 4.5 0 1 6.867 0.5 1.81708288193 0.0427520071083 1 Albert  67.44853882899997 0.065 0.6261205537 1.27433087482 1 1 3 0.38 1
26 3 4.5 0 0 11.2815 0.5 1.33531904221 0.0511923552441 1 Albert  70.36734001400009 0.065 0.196096417397 0.784126686962 1 1 3 0.38 0
27 4 6 0 0 12.753 0.5 1.44194889069 0.0198922028632 1 Albert  72.81555144699996 0.065 0.270651850839 0.922056687823 1 1 3 0.38 0
28 3 4.5 0 1 9.81 0.5 1.53850197792 0.139048015379 1 Albert  75.36036708700021 0.065 0.423039715937 0.899453962542 1 1 3 0.38 1
29 3 6 0 0 8.3385 0.5 1.88962888718 -0.00588651081955 1 Albert  77.99256695700024 0.065 0.384672984856 1.395515398 1 1 3 0.38 0
30 3 6 0 1 9.81 0.5 1.70690488815 0.0153489494111 1 Albert  80.97946719200036 0.065 0.55910204974 1.19155593874 1 1 3 0.38 1
31 4 4.5 0 1 11.2815 0.5 1.39834189415 0.114215207188 1 Albert  83.79234520299997 0.065 0.37882376609 0.784126686962 1 1 3 0.38 1
32 3 4.5 0 0 12.753 0.5 1.27775382996 0.0827390928287 1 Albert  86.28701760500007 0.065 0.181971854223 0.695014737127 1 1 3 0.38 0
33 4 4.5 0 0 12.753 0.5 1.27450203896 0.0794873018283 1 Albert  88.66644831500025 0.065 0.198666423889 0.695014737127 1 1 3 0.38 0
34 4 4.5 0 1 9.81 0.5 1.44886803627 0.0494140737283 1 Albert  91.06145623800012 0.065 0.427939691865 0.899453962542 1 1 3 0.38 1
35 3 6 0 0 9.81 0.5 1.70044207573 0.00888613698741 1 Albert  93.60960785400039 0.065 0.300290152095 1.19155593874 1 1 3 0.38 0
36 3 4.5 0 1 8.3385 0.5 1.45641994476 -0.0981422842916 1 Albert  96.41953266500013 0.065 0.493123355437 1.05456222905 1 1 3 0.38 1
37 4 6 0 0 9.81 0.5 1.77200293541 0.0804469966676 1 Albert  98.98157060100039 0.065 0.310464727265 1.19155593874 1 1 3 0.38 0
38 4 4.5 0 0 11.2815 0.5 1.27982497215 -0.004301714809 1 Albert  101.84519992200012 0.065 0.202602240189 0.784126686962 1 1 3 0.38 0
39 4 4.5 0 1 12.753 0.5 1.24505400658 0.0500392694491 1 Albert  104.23918305500001 0.065 0.324449082703 0.695014737127 1 1 3 0.38 1
40 4 6 0 1 9.81 0.5 1.65404200554 -0.037513933203 1 Albert  106.59291298100015 0.065 0.587266346572 1.19155593874 1 1 3 0.38 1
41 4 6 0 1 12.753 0.5 1.43217992783 0.0101232400031 1 Albert  109.34205139100004 0.065 0.440776261512 0.922056687823 1 1 3 0.38 1
42 4 4.5 0 1 6.867 0.5 1.96460413933 0.190273264509 1 Albert  111.89954686700003 0.065 0.632468929618 1.27433087482 1 1 3 0.38 1
43 3 4.5 0 0 9.81 0.5 1.36144185066 -0.0380121118796 1 Albert  114.98000357700039 0.065 0.233039730131 0.899453962542 1 1 3 0.38 0
44 4 6 0 1 11.2815 0.5 1.55070018768 0.0110782980649 1 Albert  117.4545858270003 0.065 0.480489001938 1.03962188962 1 1 3 0.38 1
45 4 6 0 1 8.3385 0.5 2.10096597672 0.205450578719 1 Albert  120.10562701200024 0.065 0.632180484038 1.395515398 1 1 3 0.38 1
46 4 4.5 0 0 8.3385 0.5 1.55794286728 0.00338063822429 1 Albert  123.31758045700008 0.065 0.307937531509 1.05456222905 1 1 3 0.38 0
47 3 6 0 0 8.3385 0.5 2.02400684357 0.128491445571 1 Albert  125.96787423000023 0.065 0.368537501379 1.395515398 1 1 3 0.38 0
48 3 4.5 0 1 6.867 0.5 1.68025398254 -0.0940768922752 1 Albert  129.1013473590001 0.065 0.614199012021 1.27433087482 1 1 3 0.38 1
49 3 6 0 0 12.753 0.5 1.50069093704 0.0786342492194 1 Albert  131.8870559320003 0.065 0.232926319561 0.922056687823 1 1 3 0.38 0
50 3 6 0 0 6.867 0.5 2.27705907822 0.093302090641 1 Albert  134.48235381300037 0.065 0.454959405119 1.68375698758 1 1 3 0.38 0
51 4 4.5 0 0 11.2815 0.5 1.277739048 -0.00638763895756 1 Albert  137.8920890440004 0.065 0.200157295201 0.784126686962 1 1 3 0.38 0
52 4 6 0 1 6.867 0.5 2.22303915024 0.0392821626625 1 Albert  140.27342157500016 0.065 0.778782306453 1.68375698758 1 1 3 0.38 1
53 3 6 0 1 6.867 0.5 2.18396997452 0.000212986942284 1 Albert  143.61166692000006 0.065 0.829587552368 1.68375698758 1 1 3 0.38 1
54 3 4.5 0 0 12.753 0.5 1.27899098396 0.0839762468356 1 Albert  146.91133293200028 0.065 0.196919020333 0.695014737127 1 1 3 0.38 0
55 4 6 0 0 12.753 0.5 1.43438506126 0.0123283734412 1 Albert  149.29904392700018 0.065 0.263945322993 0.922056687823 1 1 3 0.38 0
56 4 6 0 0 11.2815 0.5 1.5152618885 -0.0243600011142 1 Albert  151.83686559900025 0.065 0.279103095079 1.03962188962 1 1 3 0.38 0
57 3 4.5 0 1 11.2815 0.5 1.25600504875 -0.0281216382099 1 Albert  154.46971291199998 0.065 0.373191770716 0.784126686962 1 1 3 0.38 1
58 3 6 0 1 9.81 0.5 1.70442986488 0.0128739261415 1 Albert  156.841868472 0.065 0.549565242781 1.19155593874 1 1 3 0.38 1
59 3 6 0 1 12.753 0.5 1.46910405159 0.0470473637672 1 Albert  159.6329628980002 0.065 0.460370028307 0.922056687823 1 1 3 0.38 1
60 4 4.5 0 0 6.867 0.5 1.86702299118 0.0926921163613 1 Albert  162.22457347800037 0.065 0.333761756377 1.27433087482 1 1 3 0.38 0
61 4 4.5 0 1 12.753 0.5 1.29066085815 0.0956461210269 1 Albert  165.19777979900027 0.065 0.330244348533 0.695014737127 1 1 3 0.38 1
62 4 4.5 0 1 8.3385 0.5 1.60612607002 0.0515638409678 1 Albert  167.59503334300007 0.065 0.516189796104 1.05456222905 1 1 3 0.38 1
63 4 4.5 0 0 9.81 0.5 1.5428519249 0.143397962354 1 Albert  170.3107192250004 0.065 0.24818005649 0.899453962542 1 1 3 0.38 0
64 4 4.5 0 1 9.81 0.5 1.50265693665 0.103202974104 1 Albert  172.97405494400027 0.065 0.430184951412 0.899453962542 1 1 3 0.38 1
65 3 6 0 0 11.2815 0.5 1.70996212959 0.170340239975 1 Albert  175.5971356230002 0.065 0.275315173018 1.03962188962 1 1 3 0.38 0
66 3 4.5 0 1 12.753 0.5 1.33008813858 0.135073401453 1 Albert  178.400136276 0.065 0.321067944829 0.695014737127 1 1 3 0.38 1
67 4 4.5 0 0 12.753 0.5 1.45377588272 0.258761145594 1 Albert  180.83946829100023 0.065 0.177132612616 0.695014737127 1 1 3 0.38 0
68 3 4.5 0 1 8.3385 0.5 1.5611641407 0.00660191164653 1 Albert  183.4090953040004 0.065 0.475786722359 1.05456222905 1 1 3 0.38 1
69 3 4.5 0 1 9.81 0.5 1.37309098244 -0.0263629801047 1 Albert  186.07007535399998 0.065 0.4152570091 0.899453962542 1 1 3 0.38 1
70 4 6 0 0 6.867 0.5 2.23828911781 0.0545321302376 1 Albert  188.57008641100037 0.065 0.437652586102 1.68375698758 1 1 3 0.38 0
71 3 4.5 0 0 6.867 0.5 1.78281092644 0.00848005161821 1 Albert  191.9302425410001 0.065 0.357764844855 1.27433087482 1 1 3 0.38 0
72 3 4.5 0 0 11.2815 0.5 1.31746220589 0.0333355189251 1 Albert  194.8140059780003 0.065 0.200250761967 0.784126686962 1 1 3 0.38 0
73 3 4.5 0 0 8.3385 0.5 1.64071416855 0.0861519394938 1 Albert  197.2300107340002 0.065 0.293562911525 1.05456222905 1 1 3 0.38 0
74 4 6 0 0 9.81 0.5 1.76142191887 0.0698659801271 1 Albert  199.97598830000015 0.065 0.325673688294 1.19155593874 1 1 3 0.38 0
75 4 6 0 0 8.3385 0.5 1.86990809441 -0.0256073035899 1 Albert  202.84083892800027 0.065 0.416709796378 1.395515398 1 1 3 0.38 0
76 3 6 0 1 11.2815 0.5 1.61132597923 0.0717040896146 1 Albert  205.8274612060004 0.065 0.492891319687 1.03962188962 1 1 3 0.38 1
77 3 6 0 1 8.3385 0.5 1.80108094215 -0.0944344558421 1 Albert  208.5670190740002 0.065 0.689767284206 1.395515398 1 1 3 0.38 1
78 3 6 0 0 9.81 0.5 1.82098698616 0.129431047418 1 Albert  211.47604285200032 0.065 0.307556351871 1.19155593874 1 1 3 0.38 0
79 4 4.5 0 1 11.2815 0.5 1.31906485558 0.0349381686138 1 Albert  214.40687319900007 0.065 0.367811550006 0.784126686962 1 1 3 0.38 1
80 3 6 0 0 8.3385 0.5 1.95070195198 0.0551865539845 1 Albert  216.84920569400037 0.065 0.358641160872 1.395515398 1 1 3 0.38 0
81 3 6 0 0 6.867 0.5 2.38880109787 0.205044110294 1 Albert  219.911927783 0.065 0.427620334676 1.68375698758 1 1 3 0.38 0
82 4 4.5 0 0 11.2815 0.5 1.28576087952 0.00163419255489 1 Albert  223.38868292000006 0.065 0.224453323369 0.784126686962 1 1 3 0.38 0
83 3 4.5 0 0 11.2815 0.5 1.30825519562 0.024128508656 1 Albert  225.78797628500024 0.065 0.214872283442 0.784126686962 1 1 3 0.38 0
84 3 4.5 0 0 9.81 0.5 1.37120509148 -0.0282488710654 1 Albert  228.2244704030004 0.065 0.232165126502 0.899453962542 1 1 3 0.38 0
85 3 6 0 1 12.753 0.5 1.63073706627 0.208680378446 1 Albert  230.7032093390003 0.065 0.45436400002 0.922056687823 1 1 3 0.38 1
86 4 6 0 1 12.753 0.5 1.50713801384 0.0850813260169 1 Albert  233.44611837499997 0.065 0.449453295665 0.922056687823 1 1 3 0.38 1
87 3 6 0 1 11.2815 0.5 1.65522193909 0.115600049469 1 Albert  236.07238910600017 0.065 0.503514676577 1.03962188962 1 1 3 0.38 1
88 3 4.5 0 1 8.3385 0.5 1.48812103271 -0.0664411963399 1 Albert  238.85430280000037 0.065 0.517062646944 1.05456222905 1 1 3 0.38 1
89 3 6 0 1 9.81 0.5 1.62209796906 -0.0694579696868 1 Albert  241.45063685800005 0.065 0.549722608155 1.19155593874 1 1 3 0.38 1
90 4 6 0 0 11.2815 0.5 1.55167794228 0.0120560526578 1 Albert  244.18659392200016 0.065 0.296317792303 1.03962188962 1 1 3 0.38 0
91 4 6 0 1 6.867 0.5 2.13689684868 -0.0468601388969 1 Albert  246.85856611300005 0.065 0.777696562139 1.68375698758 1 1 3 0.38 1
92 4 4.5 0 1 9.81 0.5 1.41734981537 0.0178958528269 1 Albert  250.10292202000028 0.065 0.433894527332 0.899453962542 1 1 3 0.38 1
93 3 6 0 0 12.753 0.5 1.44565606117 0.0235993733497 1 Albert  252.63498541300032 0.065 0.274704556533 0.922056687823 1 1 3 0.38 0
94 3 4.5 0 0 6.867 0.5 1.7440841198 -0.0302467550224 1 Albert  255.20709025400038 0.065 0.37811845776 1.27433087482 1 1 3 0.38 0
95 3 4.5 0 1 12.753 0.5 1.20058202744 0.0055672903079 1 Albert  258.03784611400033 0.065 0.346777164239 0.695014737127 1 1 3 0.38 1
96 4 6 0 1 8.3385 0.5 1.92686200142 0.031346603423 1 Albert  260.3581209840004 0.065 0.652281883631 1.395515398 1 1 3 0.38 1
97 3 6 0 0 9.81 0.5 1.76158094406 0.0700250053193 1 Albert  263.3992400080001 0.065 0.351355914122 1.19155593874 1 1 3 0.38 0
98 4 4.5 0 0 6.867 0.5 1.83834910393 0.0640182291084 1 Albert  266.2665995360003 0.065 0.349680648378 1.27433087482 1 1 3 0.38 0
99 4 6 0 0 6.867 0.5 2.29442691803 0.110669930454 1 Albert  269.21593909500007 0.065 0.494592715549 1.68375698758 1 1 3 0.38 0
100 3 4.5 0 0 8.3385 0.5 1.72126579285 0.166703563792 1 Albert  272.6294668710002 0.065 0.299164135866 1.05456222905 1 1 3 0.38 0
101 4 6 0 1 11.2815 0.5 1.71304798126 0.173426091644 1 Albert  275.4474852080002 0.065 0.469165047439 1.03962188962 1 1 3 0.38 1
102 3 4.5 0 1 6.867 0.5 1.94750404358 0.17317316876 1 Albert  278.259442216 0.065 0.60904806692 1.27433087482 1 1 3 0.38 1
103 4 6 0 0 8.3385 0.5 2.01790213585 0.122386737853 1 Albert  281.3118868450001 0.065 0.405073436629 1.395515398 1 1 3 0.38 0
104 3 6 0 0 11.2815 0.5 1.67001986504 0.130397975418 1 Albert  284.43425410200007 0.065 0.29772687473 1.03962188962 1 1 3 0.38 0
105 4 4.5 0 1 6.867 0.5 1.76054883003 -0.0137820447868 1 Albert  287.20756561200005 0.065 0.57751396719 1.27433087482 1 1 3 0.38 1
106 4 4.5 0 1 8.3385 0.5 1.73635697365 0.181794744593 1 Albert  290.055824647 0.065 0.501579721686 1.05456222905 1 1 3 0.38 1
107 4 4.5 0 0 8.3385 0.5 1.61652612686 0.0619638978068 1 Albert  292.88858702900006 0.065 0.273743923718 1.05456222905 1 1 3 0.38 0
108 3 4.5 0 1 11.2815 0.5 1.38848400116 0.104357314198 1 Albert  295.61318109700005 0.065 0.355870937786 0.784126686962 1 1 3 0.38 1
109 4 4.5 0 0 12.753 0.5 1.27617192268 0.0811571855563 1 Albert  298.1003184350002 0.065 0.190675397385 0.695014737127 1 1 3 0.38 0
110 4 4.5 0 1 11.2815 0.5 1.32432508469 0.0401983977246 1 Albert  300.46161610900026 0.065 0.385527288612 0.784126686962 1 1 3 0.38 1
111 3 4.5 0 1 9.81 0.5 1.54502916336 0.145575200819 1 Albert  302.9094951230004 0.065 0.439019078619 0.899453962542 1 1 3 0.38 1
112 4 6 0 0 12.753 0.5 1.49164390564 0.0695872178168 1 Albert  305.5719041880002 0.065 0.273386559334 0.922056687823 1 1 3 0.38 0
113 3 6 0 1 6.867 0.5 2.21402692795 0.0302699403725 1 Albert  308.15800740600025 0.065 0.789627348616 1.68375698758 1 1 3 0.38 1
114 4 6 0 1 9.81 0.5 1.92470812798 0.233152189233 1 Albert  311.504391938 0.065 0.548256532011 1.19155593874 1 1 3 0.38 1
115 4 4.5 0 1 12.753 0.5 1.24416399002 0.0491492528934 1 Albert  314.5470712360002 0.065 0.339560788377 0.695014737127 1 1 3 0.38 1
116 4 6 0 0 9.81 0.5 1.628002882 -0.0635530567382 1 Albert  316.88960087600026 0.065 0.340132163066 1.19155593874 1 1 3 0.38 0
117 3 4.5 0 0 12.753 0.5 1.23078680038 0.0357720632571 1 Albert  319.6126157560002 0.065 0.178963889339 0.695014737127 1 1 3 0.38 0
118 3 6 0 1 8.3385 0.5 1.7993350029 -0.0961803950969 1 Albert  321.971158199 0.065 0.629018358481 1.395515398 1 1 3 0.38 1
119 4 4.5 0 0 9.81 0.5 1.38031601906 -0.0191379434836 1 Albert  324.87801010500016 0.065 0.23351593176 0.899453962542 1 1 3 0.38 0
120 4 6 0 1 12.753 0.5 1.44184207916 0.0197853913398 1 Albert  327.3913723730002 0.065 0.446922672296 0.922056687823 1 1 3 0.38 1
121 3 6 0 0 12.753 0.5 1.42093706131 -0.00111962651299 1 Albert  329.96179331600024 0.065 0.248831104681 0.922056687823 1 1 3 0.38 0
122 4 4.5 0 0 8.3385 0.5 1.62857699394 0.0740147648875 1 Albert  332.4982491310002 0.065 0.303695981366 1.05456222905 1 1 3 0.38 0
123 3 6 0 0 8.3385 0.5 1.9193110466 0.0237956486043 1 Albert  335.23162203100037 0.065 0.38764401044 1.395515398 1 1 3 0.38 0
124 4 6 0 1 9.81 0.5 1.80208492279 0.110528984049 1 Albert  338.25824810400036 0.065 0.552140467168 1.19155593874 1 1 3 0.38 1
125 3 4.5 0 1 6.867 0.5 1.70558810234 -0.0687427724785 1 Albert  341.1569044130001 0.065 0.614527739558 1.27433087482 1 1 3 0.38 1
126 3 6 0 1 11.2815 0.5 1.50998806953 -0.0296338200839 1 Albert  343.98470961400017 0.065 0.510452283972 1.03962188962 1 1 3 0.38 1
127 3 4.5 0 1 11.2815 0.5 1.26024389267 -0.023882794292 1 Albert  346.5948981490001 0.065 0.379877613989 0.784126686962 1 1 3 0.38 1
128 3 6 0 0 9.81 0.5 1.65864706039 -0.0329088783477 1 Albert  348.97058103100017 0.065 0.314023275394 1.19155593874 1 1 3 0.38 0
129 3 6 0 0 6.867 0.5 2.2977077961 0.113950808521 1 Albert  351.72742645900007 0.065 0.496683122927 1.68375698758 1 1 3 0.38 0
130 4 4.5 0 1 12.753 0.5 1.26008296013 0.0650682230014 1 Albert  355.12495912400027 0.065 0.319831004289 0.695014737127 1 1 3 0.38 1
131 3 4.5 0 0 6.867 0.5 1.76839089394 -0.00593998088301 1 Albert  357.50500638500034 0.065 0.375570185686 1.27433087482 1 1 3 0.38 0
132 4 4.5 0 1 8.3385 0.5 1.57469701767 0.0201347886149 1 Albert  360.3906958810003 0.065 0.521467677554 1.05456222905 1 1 3 0.38 1
133 3 4.5 0 1 9.81 0.5 1.57859396935 0.179140006803 1 Albert  363.0669613900004 0.065 0.417807654748 0.899453962542 1 1 3 0.38 1
134 3 4.5 0 0 9.81 0.5 1.44892311096 0.0494691484201 1 Albert  365.7581811030004 0.065 0.240147409106 0.899453962542 1 1 3 0.38 0
135 4 6 0 1 11.2815 0.5 1.50481510162 -0.0348067879947 1 Albert  368.3075941490001 0.065 0.475832161009 1.03962188962 1 1 3 0.38 1
136 4 6 0 0 11.2815 0.5 1.51337504387 -0.0262468457492 1 Albert  370.9256731270002 0.065 0.272066258613 1.03962188962 1 1 3 0.38 0
137 4 4.5 0 0 12.753 0.5 1.20117807388 0.00616333675566 1 Albert  373.53568007700005 0.065 0.193697576102 0.695014737127 1 1 3 0.38 0
138 4 6 0 0 6.867 0.5 2.286673069 0.102916081425 1 Albert  375.837952031 0.065 0.468828842054 1.68375698758 1 1 3 0.38 0
139 3 6 0 0 11.2815 0.5 1.53409695625 -0.00552493336518 1 Albert  379.2636100010004 0.065 0.269764548337 1.03962188962 1 1 3 0.38 0
140 4 6 0 1 6.867 0.5 2.14784097672 -0.0359160108605 1 Albert  381.91877957500037 0.065 0.828508301133 1.68375698758 1 1 3 0.38 1
141 3 6 0 1 6.867 0.5 2.20292210579 0.0191651182136 1 Albert  385.1550039820004 0.065 0.764727368096 1.68375698758 1 1 3 0.38 1
142 4 4.5 0 0 9.81 0.5 1.41338682175 0.013932859205 1 Albert  388.5249172230001 0.065 0.230838968264 0.899453962542 1 1 3 0.38 0
143 4 6 0 1 8.3385 0.5 1.96393418312 0.0684187851247 1 Albert  390.99299323000014 0.065 0.640599973311 1.395515398 1 1 3 0.38 1
144 3 6 0 1 8.3385 0.5 1.82765889168 -0.0678565063182 1 Albert  394.0680249670004 0.065 0.697580653486 1.395515398 1 1 3 0.38 1
145 3 4.5 0 0 11.2815 0.5 1.32068681717 0.0365601302075 1 Albert  396.9882099380002 0.065 0.213071348384 0.784126686962 1 1 3 0.38 0
146 3 4.5 0 1 8.3385 0.5 1.58377981186 0.0292175828044 1 Albert  399.40276882900025 0.065 0.506377501911 1.05456222905 1 1 3 0.38 1
147 3 6 0 1 12.753 0.5 1.53202009201 0.109963404188 1 Albert  402.1015758200001 0.065 0.447711635396 0.922056687823 1 1 3 0.38 1
148 4 4.5 0 1 11.2815 0.5 1.39122605324 0.107099366276 1 Albert  404.7646797980001 0.065 0.371434880465 0.784126686962 1 1 3 0.38 1
149 3 4.5 0 0 12.753 0.5 1.17282104492 -0.0221936922055 1 Albert  407.2720592090004 0.065 0.197334868264 0.695014737127 1 1 3 0.38 0
150 4 6 0 0 8.3385 0.5 1.95520210266 0.0596867046651 1 Albert  409.5584027640002 0.065 0.41669229698 1.395515398 1 1 3 0.38 0
151 4 6 0 0 9.81 0.5 1.94035601616 0.248800077417 1 Albert  412.63613301700025 0.065 0.30039275992 1.19155593874 1 1 3 0.38 0
152 3 4.5 0 1 12.753 0.5 1.25804185867 0.0630271215457 1 Albert  415.675616344 0.065 0.324719751471 0.695014737127 1 1 3 0.38 1
153 4 4.5 0 1 9.81 0.5 1.37926411629 -0.0201898462546 1 Albert  418.06661482000027 0.065 0.436003015649 0.899453962542 1 1 3 0.38 1
154 4 6 0 0 12.753 0.5 1.60271191597 0.180655228147 1 Albert  420.56275938100043 0.065 0.245504384365 0.922056687823 1 1 3 0.38 0
155 4 4.5 0 1 6.867 0.5 1.72687506676 -0.047455808062 1 Albert  423.2866551500001 0.065 0.577145629014 1.27433087482 1 1 3 0.38 1
156 4 4.5 0 0 11.2815 0.5 1.35043692589 0.0663102389263 1 Albert  426.098326756 0.065 0.211878281222 0.784126686962 1 1 3 0.38 0
157 3 4.5 0 0 8.3385 0.5 1.41993904114 -0.134623187917 1 Albert  428.550300459 0.065 0.297874425361 1.05456222905 1 1 3 0.38 0
158 3 6 0 1 9.81 0.5 1.71602988243 0.0244739436891 1 Albert  431.0919269660003 0.065 0.591717423176 1.19155593874 1 1 3 0.38 1
159 4 4.5 0 0 6.867 0.5 1.82552099228 0.0511901174599 1 Albert  433.92466003000027 0.065 0.358358712239 1.27433087482 1 1 3 0.38 0
160 4 4.5 0 1 11.2815 0.5 1.36050391197 0.0763772250103 1 Albert  436.85652629000015 0.065 0.379920308896 0.784126686962 1 1 3 0.38 1
161 3 4.5 0 0 6.867 0.5 1.70921802521 -0.0651128496116 1 Albert  439.3129781980001 0.065 0.337120453291 1.27433087482 1 1 3 0.38 0
162 3 4.5 0 0 12.753 0.5 1.222012043 0.0269973058719 1 Albert  442.1217378170004 0.065 0.185414158979 0.695014737127 1 1 3 0.38 0
163 4 6 0 0 9.81 0.5 1.76075005531 0.0691941165711 1 Albert  444.4628633110001 0.065 0.320642986635 1.19155593874 1 1 3 0.38 0
164 4 6 0 0 12.753 0.5 1.48752713203 0.0654704442115 1 Albert  447.3414328160002 0.065 0.269238675205 0.922056687823 1 1 3 0.38 0
165 3 6 0 1 11.2815 0.5 1.565502882 0.0258809923856 1 Albert  449.9515388020004 0.065 0.517948678375 1.03962188962 1 1 3 0.38 1
166 3 4.5 0 0 11.2815 0.5 1.4339659214 0.14983923444 1 Albert  452.6146235580004 0.065 0.218702499271 0.784126686962 1 1 3 0.38 0
167 3 6 0 1 9.81 0.5 1.64056110382 -0.0509948349212 1 Albert  455.1630503860001 0.065 0.557258669868 1.19155593874 1 1 3 0.38 1
168 4 4.5 0 1 12.753 0.5 1.22422003746 0.0292053003329 1 Albert  457.8917238480003 0.065 0.322112793625 0.695014737127 1 1 3 0.38 1
169 4 6 0 1 11.2815 0.5 1.50782608986 -0.0317957997592 1 Albert  460.2108029830001 0.065 0.468931089064 1.03962188962 1 1 3 0.38 1
170 4 6 0 0 6.867 0.5 2.2665348053 0.0827778177223 1 Albert  462.82330282500016 0.065 0.458448616142 1.68375698758 1 1 3 0.38 0
171 3 6 0 1 8.3385 0.5 1.92070198059 0.0251865825948 1 Albert  466.18554542300035 0.065 0.640443271152 1.395515398 1 1 3 0.38 1
172 4 6 0 1 8.3385 0.5 1.84672999382 -0.0487854041759 1 Albert  469.2350281080003 0.065 0.690969367059 1.395515398 1 1 3 0.38 1
173 4 6 0 1 12.753 0.5 1.49156284332 0.0695061554999 1 Albert  472.17050428500033 0.065 0.454390002584 0.922056687823 1 1 3 0.38 1
174 4 6 0 1 9.81 0.5 1.98352003098 0.291964092233 1 Albert  474.7590942750003 0.065 0.549870324473 1.19155593874 1 1 3 0.38 1
175 4 6 0 1 6.867 0.5 2.18062591553 -0.00313107204819 1 Albert  477.8506331210001 0.065 0.808868882078 1.68375698758 1 1 3 0.38 1
176 3 4.5 0 1 9.81 0.5 1.54292011261 0.143466150068 1 Albert  481.1222075310002 0.065 0.41726598665 0.899453962542 1 1 3 0.38 1
177 4 6 0 0 8.3385 0.5 1.97960782051 0.0840924225148 1 Albert  483.76063480300036 0.065 0.397474439367 1.395515398 1 1 3 0.38 0
178 4 4.5 0 0 11.2815 0.5 1.32788491249 0.0437582255291 1 Albert  486.8437945540004 0.065 0.206775762158 0.784126686962 1 1 3 0.38 0
179 3 4.5 0 1 6.867 0.5 1.85149002075 0.0771591459328 1 Albert  489.2867497450002 0.065 0.624080944086 1.27433087482 1 1 3 0.38 1
180 4 4.5 0 0 12.753 0.5 1.26360988617 0.068595149042 1 Albert  492.24505439500035 0.065 0.201438893481 0.695014737127 1 1 3 0.38 0
181 3 4.5 0 1 11.2815 0.5 1.38738203049 0.103255343525 1 Albert  494.6045210010002 0.065 0.367443404703 0.784126686962 1 1 3 0.38 1
182 4 4.5 0 0 6.867 0.5 1.89308714867 0.118756273847 1 Albert  497.1105592680001 0.065 0.380422470799 1.27433087482 1 1 3 0.38 0
183 3 6 0 0 12.753 0.5 1.47950005531 0.0574433674903 1 Albert  500.1067149800001 0.065 0.265694976459 0.922056687823 1 1 3 0.38 0
184 3 6 0 0 9.81 0.5 1.63351607323 -0.058039865515 1 Albert  502.7217269370003 0.065 0.307008762416 1.19155593874 1 1 3 0.38 0
185 3 4.5 0 0 8.3385 0.5 1.58484387398 0.0302816449229 1 Albert  505.45522868100034 0.065 0.30236615594 1.05456222905 1 1 3 0.38 0
186 4 4.5 0 0 9.81 0.5 1.4102268219 0.0107728593576 1 Albert  508.1425456520001 0.065 0.268657142165 0.899453962542 1 1 3 0.38 0
187 3 6 0 0 11.2815 0.5 1.5827960968 0.0431742071835 1 Albert  510.6784655200004 0.065 0.281540133766 1.03962188962 1 1 3 0.38 0
188 4 4.5 0 0 8.3385 0.5 1.59431004524 0.0397478161875 1 Albert  513.3894119760002 0.065 0.313279540313 1.05456222905 1 1 3 0.38 0
189 3 6 0 0 6.867 0.5 2.20842313766 0.0246661500893 1 Albert  516.0691921590001 0.065 0.453324013181 1.68375698758 1 1 3 0.38 0
190 3 4.5 0 1 12.753 0.5 1.18425512314 -0.010759613989 1 Albert  519.3835531650002 0.065 0.33450542355 0.695014737127 1 1 3 0.38 1
191 4 4.5 0 1 6.867 0.5 1.72828102112 -0.046049853701 1 Albert  521.651165791 0.065 0.62005913603 1.27433087482 1 1 3 0.38 1
192 3 6 0 1 6.867 0.5 2.4137711525 0.230014164921 1 Albert  524.4882888060001 0.065 0.795121424933 1.68375698758 1 1 3 0.38 1
193 4 6 0 0 11.2815 0.5 1.71646308899 0.176841199371 1 Albert  528.0244647830004 0.065 0.273138060626 1.03962188962 1 1 3 0.38 0
194 3 4.5 0 1 8.3385 0.5 1.61511516571 0.0605529366557 1 Albert  530.8541791850002 0.065 0.487101185406 1.05456222905 1 1 3 0.38 1
195 3 4.5 0 0 9.81 0.5 1.44735407829 0.0479001157511 1 Albert  533.5661009320002 0.065 0.262827412177 0.899453962542 1 1 3 0.38 0
196 4 4.5 0 1 8.3385 0.5 1.56577396393 0.0112117348735 1 Albert  536.1358890810002 0.065 0.482011680875 1.05456222905 1 1 3 0.38 1
197 4 4.5 0 1 9.81 0.5 1.32637500763 -0.0730789549124 1 Albert  538.8156613310002 0.065 0.448761413458 0.899453962542 1 1 3 0.38 1
198 3 6 0 1 12.753 0.5 1.46209406853 0.0400373807044 1 Albert  541.2435254350003 0.065 0.415849273589 0.922056687823 1 1 3 0.38 1
199 3 6 0 0 8.3385 0.5 1.89456892014 -0.000946477860567 1 Albert  543.806734582 0.065 0.393820800079 1.395515398 1 1 3 0.38 0
200 4 4.5 0 1 11.2815 0.5 1.25852394104 -0.0256027459217 1 Albert  546.8158217780001 0.065 0.368636838828 0.784126686962 1 1 3 0.38 1
201 4 6 0 0 6.867 0.5 2.18480205536 0.00104506778335 1 Albert  549.1818027270001 0.065 0.462902851762 1.68375698758 1 1 3 0.38 0
202 4 4.5 0 1 8.3385 0.5 1.63914489746 0.0845826684062 1 Albert  552.4740821990003 0.065 0.520270323567 1.05456222905 1 1 3 0.38 1
203 4 6 0 1 12.753 0.5 1.41591596603 -0.00614072178887 1 Albert  555.2073881400001 0.065 0.424321483268 0.922056687823 1 1 3 0.38 1
204 4 6 0 0 9.81 0.5 1.61877703667 -0.0727789020751 1 Albert  557.7422908590001 0.065 0.300705752189 1.19155593874 1 1 3 0.38 0
205 3 6 0 1 11.2815 0.5 1.54510307312 0.00548118350189 1 Albert  560.4738749360004 0.065 0.475037372708 1.03962188962 1 1 3 0.38 1
206 4 4.5 0 1 12.753 0.5 1.26159286499 0.0665781278628 1 Albert  563.1119964180002 0.065 0.321694378102 0.695014737127 1 1 3 0.38 1
207 4 4.5 0 0 6.867 0.5 1.82034993172 0.0460190568978 1 Albert  565.4848424910001 0.065 0.345233742017 1.27433087482 1 1 3 0.38 0
208 3 6 0 0 8.3385 0.5 2.05830693245 0.162791534453 1 Albert  568.4065458130003 0.065 0.410414837243 1.395515398 1 1 3 0.38 0
209 3 4.5 0 0 9.81 0.5 1.4924621582 0.0930081956613 1 Albert  571.5690815550001 0.065 0.230447590087 0.899453962542 1 1 3 0.38 0
210 3 6 0 1 6.867 0.5 2.29663896561 0.112881978031 1 Albert  574.1548249120001 0.065 0.769340575138 1.68375698758 1 1 3 0.38 1
211 3 4.5 0 0 11.2815 0.5 1.33587193489 0.051745247929 1 Albert  577.5410364610002 0.065 0.208906366505 0.784126686962 1 1 3 0.38 0
212 4 6 0 0 8.3385 0.5 2.38152194023 0.486006542235 1 Albert  579.9994546020002 0.065 0.417871467196 1.395515398 1 1 3 0.38 0
213 3 6 0 1 9.81 0.5 1.59143018723 -0.100125751517 1 Albert  583.4968127790003 0.065 0.543647396921 1.19155593874 1 1 3 0.38 1
214 4 6 0 1 6.867 0.5 2.13574004173 -0.0480169458428 1 Albert  586.1931180640004 0.065 0.765477414408 1.68375698758 1 1 3 0.38 1
215 3 4.5 0 1 6.867 0.5 1.8013548851 0.0270240102822 1 Albert  589.4436932910003 0.065 0.627102515651 1.27433087482 1 1 3 0.38 1
216 4 6 0 1 11.2815 0.5 1.60475277901 0.0651308893887 1 Albert  592.3505073780002 0.065 0.492271240128 1.03962188962 1 1 3 0.38 1
217 4 4.5 0 0 12.753 0.5 1.22017502785 0.0251602907199 1 Albert  595.0736140000004 0.065 0.183809568742 0.695014737127 1 1 3 0.38 0
218 4 6 0 1 9.81 0.5 1.91416692734 0.222610988596 1 Albert  597.3752113640003 0.065 0.536718186161 1.19155593874 1 1 3 0.38 1
219 3 6 0 1 12.753 0.5 1.36812806129 -0.0539286265283 1 Albert  600.4077437100004 0.065 0.421421212163 0.922056687823 1 1 3 0.38 1
220 4 4.5 0 0 9.81 0.5 1.43251991272 0.0330659501779 1 Albert  602.8634206660004 0.065 0.247126094172 0.899453962542 1 1 3 0.38 0
221 4 6 0 1 8.3385 0.5 1.75054192543 -0.144973472566 1 Albert  605.3945391870002 0.065 0.634429802548 1.395515398 1 1 3 0.38 1
222 4 4.5 0 0 11.2815 0.5 1.26155209541 -0.0225745915485 1 Albert  608.24902191 0.065 0.211531251018 0.784126686962 1 1 3 0.38 0
223 3 6 0 0 11.2815 0.5 1.57737898827 0.0377570986478 1 Albert  610.6109594510003 0.065 0.270474718857 1.03962188962 1 1 3 0.38 0
224 3 4.5 0 1 12.753 0.5 1.20467686653 0.00966212940397 1 Albert  613.2915645270004 0.065 0.336025700464 0.695014737127 1 1 3 0.38 1
225 4 6 0 0 11.2815 0.5 1.62260103226 0.0829791426389 1 Albert  615.6026262980004 0.065 0.307018392915 1.03962188962 1 1 3 0.38 0
226 3 4.5 0 0 8.3385 0.5 1.51297593117 -0.0415862978872 1 Albert  618.3091106210004 0.065 0.31575628878 1.05456222905 1 1 3 0.38 0
227 4 4.5 0 0 8.3385 0.5 1.60894083977 0.0543786107127 1 Albert  620.9296736830001 0.065 0.267730868865 1.05456222905 1 1 3 0.38 0
228 4 4.5 0 1 6.867 0.5 1.67507314682 -0.0992577279991 1 Albert  623.6308015020004 0.065 0.606008142315 1.27433087482 1 1 3 0.38 1
229 3 6 0 0 12.753 0.5 1.43344902992 0.0113923420997 1 Albert  626.425747103 0.065 0.26527762197 0.922056687823 1 1 3 0.38 0
230 3 4.5 0 0 6.867 0.5 1.68056893349 -0.0937619413322 1 Albert  628.9599166370003 0.065 0.338384433969 1.27433087482 1 1 3 0.38 0
231 3 4.5 0 1 9.81 0.5 1.31225204468 -0.0872019178641 1 Albert  631.744080897 0.065 0.434660187601 0.899453962542 1 1 3 0.38 1
232 3 6 0 0 6.867 0.5 2.1535820961 -0.0301748914757 1 Albert  634.1617985720004 0.065 0.467314731424 1.68375698758 1 1 3 0.38 0
233 3 6 0 1 8.3385 0.5 1.91757702827 0.0220616302785 1 Albert  637.9818731260002 0.065 0.651831821957 1.395515398 1 1 3 0.38 1
234 4 4.5 0 1 9.81 0.5 1.38773298264 -0.0117209799063 1 Albert  640.4491906880003 0.065 0.427400941191 0.899453962542 1 1 3 0.38 1
235 3 4.5 0 1 8.3385 0.5 1.43761897087 -0.116943258184 1 Albert  642.9701647780003 0.065 0.526545168481 1.05456222905 1 1 3 0.38 1
236 4 6 0 0 12.753 0.5 1.41758298874 -0.0044736990838 1 Albert  645.5316235330001 0.065 0.259920601419 0.922056687823 1 1 3 0.38 0
237 3 4.5 0 1 11.2815 0.5 1.29713392258 0.0130072356152 1 Albert  648.0682327060003 0.065 0.367969667372 0.784126686962 1 1 3 0.38 1
238 3 4.5 0 0 12.753 0.5 1.25940489769 0.0643901605624 1 Albert  650.4665106140001 0.065 0.198716107927 0.695014737127 1 1 3 0.38 0
239 3 6 0 0 9.81 0.5 1.86777591705 0.176219978311 1 Albert  652.8363711970001 0.065 0.321425946885 1.19155593874 1 1 3 0.38 0
240 4 6 0 1 12.753 0.5 1.58578705788 0.163730370054 1 Albert  655.8244654700002 0.065 0.438763654105 0.922056687823 1 1 3 0.38 1
241 3 6 0 0 6.867 0.5 2.27905702591 0.0953000383339 1 Albert  658.5028645920002 0.065 0.44459317995 1.68375698758 1 1 3 0.38 0
242 4 6 0 0 6.867 0.5 2.17918992043 -0.00456706715012 1 Albert  661.893173423 0.065 0.480802133127 1.68375698758 1 1 3 0.38 0
243 4 4.5 0 0 9.81 0.5 1.32618713379 -0.0732668287527 1 Albert  665.1925998300003 0.065 0.237402824332 0.899453962542 1 1 3 0.38 0
244 3 4.5 0 1 6.867 0.5 1.73097991943 -0.0433509553856 1 Albert  667.6089728840002 0.065 0.620232407036 1.27433087482 1 1 3 0.38 1
245 3 4.5 0 0 8.3385 0.5 1.54708814621 -0.00747408284505 1 Albert  670.4608284320002 0.065 0.3162147302 1.05456222905 1 1 3 0.38 0
246 4 4.5 0 1 6.867 0.5 1.65198588371 -0.122344991106 1 Albert  673.1008328330004 0.065 0.580722784709 1.27433087482 1 1 3 0.38 1
247 3 4.5 0 0 11.2815 0.5 1.30438804626 0.0202613593029 1 Albert  675.8483138600004 0.065 0.234579746423 0.784126686962 1 1 3 0.38 0
248 4 4.5 0 0 6.867 0.5 1.75648212433 -0.0178487504906 1 Albert  678.2750244140002 0.065 0.363408663416 1.27433087482 1 1 3 0.38 0
249 3 6 0 1 11.2815 0.5 1.49005103111 -0.0495708585056 1 Albert  681.1315054390002 0.065 0.484664276185 1.03962188962 1 1 3 0.38 1
250 3 6 0 0 9.81 0.5 1.75445008278 0.062894144037 1 Albert  683.7199663380002 0.065 0.333821456238 1.19155593874 1 1 3 0.38 0
251 3 4.5 0 1 8.3385 0.5 1.55587410927 0.00131188021343 1 Albert  686.5930989480003 0.065 0.516809849409 1.05456222905 1 1 3 0.38 1
252 3 6 0 0 8.3385 0.5 2.04052996635 0.145014568358 1 Albert  689.24979579 0.065 0.374122815291 1.395515398 1 1 3 0.38 0
253 3 6 0 0 11.2815 0.5 1.56146192551 0.0218400358884 1 Albert  692.393015741 0.065 0.300390068163 1.03962188962 1 1 3 0.38 0
254 3 4.5 0 0 9.81 0.5 1.39958190918 0.000127946637891 1 Albert  695.0550835580002 0.065 0.231217452623 0.899453962542 1 1 3 0.38 0
255 4 4.5 0 1 8.3385 0.5 1.54013895988 -0.0144232691701 1 Albert  697.5420547510003 0.065 0.493893322499 1.05456222905 1 1 3 0.38 1
256 4 4.5 0 1 12.753 0.5 1.14086484909 -0.0541498880368 1 Albert  700.2055222970002 0.065 0.319510025577 0.695014737127 1 1 3 0.38 1
257 4 6 0 0 8.3385 0.5 1.93585300446 0.0403376064595 1 Albert  702.4667479910004 0.065 0.358133560224 1.395515398 1 1 3 0.38 0
258 4 4.5 0 0 8.3385 0.5 1.52663493156 -0.0279272974904 1 Albert  705.5088039720004 0.065 0.287871185769 1.05456222905 1 1 3 0.38 0
259 3 4.5 0 0 6.867 0.5 1.77188611031 -0.00244476451338 1 Albert  708.1446169330002 0.065 0.37756801809 1.27433087482 1 1 3 0.38 0
260 4 4.5 0 1 9.81 0.5 1.39751696587 -0.00193699667571 1 Albert  711.018669821 0.065 0.420094164152 0.899453962542 1 1 3 0.38 1
261 3 4.5 0 1 9.81 0.5 1.39120006561 -0.008253896929 1 Albert  713.5469074010002 0.065 0.405353157907 0.899453962542 1 1 3 0.38 1
262 4 4.5 0 0 12.753 0.5 1.2647190094 0.069704272272 1 Albert  716.0283635560004 0.065 0.205343978239 0.695014737127 1 1 3 0.38 0
263 3 6 0 0 12.753 0.5 1.42444801331 0.00239132548286 1 Albert  718.4097889460004 0.065 0.256542079508 0.922056687823 1 1 3 0.38 0
264 3 6 0 1 9.81 0.5 1.85350084305 0.161944904306 1 Albert  720.927825273 0.065 0.556852833217 1.19155593874 1 1 3 0.38 1
265 4 6 0 0 9.81 0.5 1.63843894005 -0.0531169986937 1 Albert  723.9054366630003 0.065 0.352543587886 1.19155593874 1 1 3 0.38 0
266 3 6 0 1 12.753 0.5 1.38686394691 -0.0351927409081 1 Albert  726.6431105720003 0.065 0.416940731251 0.922056687823 1 1 3 0.38 1
267 4 6 0 1 11.2815 0.5 1.56370711327 0.0240852236478 1 Albert  729.1427138000004 0.065 0.490345681475 1.03962188962 1 1 3 0.38 1
268 4 4.5 0 1 11.2815 0.5 1.28954601288 0.0054193259167 1 Albert  731.8026950170001 0.065 0.366255662661 0.784126686962 1 1 3 0.38 1
269 3 4.5 0 0 12.753 0.5 1.21328496933 0.0182702322024 1 Albert  734.2187777810004 0.065 0.176003193614 0.695014737127 1 1 3 0.38 0
270 3 6 0 1 6.867 0.5 2.1305270195 -0.0532299680748 1 Albert  736.5250875040001 0.065 0.797913102372 1.68375698758 1 1 3 0.38 1
271 4 6 0 0 11.2815 0.5 1.52063298225 -0.0189889073642 1 Albert  739.759495707 0.065 0.264619370218 1.03962188962 1 1 3 0.38 0
272 4 6 0 1 6.867 0.5 2.33147501945 0.147718031879 1 Albert  742.3732807030001 0.065 0.805654814988 1.68375698758 1 1 3 0.38 1
273 3 4.5 0 1 11.2815 0.5 1.32825303078 0.0441263438153 1 Albert  745.8240400440004 0.065 0.390060041441 0.784126686962 1 1 3 0.38 1
274 3 6 0 1 8.3385 0.5 1.75675988197 -0.138755516023 1 Albert  748.2787117570001 0.065 0.691334426389 1.395515398 1 1 3 0.38 1
275 4 4.5 0 0 11.2815 0.5 1.28175497055 -0.00237171641118 1 Albert  751.1387849430002 0.065 0.207971346297 0.784126686962 1 1 3 0.38 0
276 4 6 0 1 9.81 0.5 1.57823300362 -0.113322935126 1 Albert  753.5212396100001 0.065 0.573731358025 1.19155593874 1 1 3 0.38 1
277 3 4.5 0 1 12.753 0.5 1.20181894302 0.00680420589628 1 Albert  756.2182337850004 0.065 0.324087050132 0.695014737127 1 1 3 0.38 1
278 4 6 0 1 8.3385 0.5 1.61588597298 -0.279629425019 1 Albert  758.521424217 0.065 0.680526675146 1.395515398 1 1 3 0.38 1
279 4 6 0 0 12.753 0.5 1.51110196114 0.0890452733131 1 Albert  761.2263534470003 0.065 0.249871345265 0.922056687823 1 1 3 0.38 0
280 3 6 0 1 8.3385 0.5 1.73468804359 -0.160827354402 1 Albert  763.8393768290002 0.065 0.680911354123 1.395515398 1 1 3 0.38 1
281 3 4.5 0 1 11.2815 0.5 1.2410030365 -0.0431236504627 1 Albert  766.6744513620001 0.065 0.354808531629 0.784126686962 1 1 3 0.38 1
282 3 4.5 0 1 8.3385 0.5 1.43028402328 -0.12427820577 1 Albert  769.025136703 0.065 0.496963859474 1.05456222905 1 1 3 0.38 1
283 4 6 0 1 8.3385 0.5 1.76708078384 -0.128434614152 1 Albert  771.5617757530003 0.065 0.650373841956 1.395515398 1 1 3 0.38 1
284 4 6 0 0 8.3385 0.5 2.03816509247 0.142649694472 1 Albert  774.434652034 0.065 0.395850320567 1.395515398 1 1 3 0.38 0
285 3 6 0 0 11.2815 0.5 1.61112999916 0.0715081095425 1 Albert  777.5700574510001 0.065 0.265682829408 1.03962188962 1 1 3 0.38 0
286 3 4.5 0 0 6.867 0.5 1.73928594589 -0.0350449289268 1 Albert  780.2943372070004 0.065 0.38050910597 1.27433087482 1 1 3 0.38 0
287 3 6 0 0 12.753 0.5 1.5715110302 0.149454342374 1 Albert  783.1365118030003 0.065 0.2467893001 0.922056687823 1 1 3 0.38 0
288 4 6 0 1 11.2815 0.5 1.65731287003 0.117690980407 1 Albert  785.8288288210001 0.065 0.482375765777 1.03962188962 1 1 3 0.38 1
289 4 6 0 1 12.753 0.5 1.36479306221 -0.0572636256127 1 Albert  788.6137382660004 0.065 0.452302310831 0.922056687823 1 1 3 0.38 1
290 4 4.5 0 0 11.2815 0.5 1.30250906944 0.018382382481 1 Albert  791.078001199 0.065 0.210003620938 0.784126686962 1 1 3 0.38 0
291 4 4.5 0 0 9.81 0.5 1.4182870388 0.0188330762613 1 Albert  793.5041351460004 0.065 0.260929602213 0.899453962542 1 1 3 0.38 0
292 4 6 0 1 6.867 0.5 2.08296394348 -0.100793044094 1 Albert  796.0114546060004 0.065 0.813677740571 1.68375698758 1 1 3 0.38 1
293 4 4.5 0 0 6.867 0.5 1.73577594757 -0.0385549272484 1 Albert  799.2211614570001 0.065 0.36326377707 1.27433087482 1 1 3 0.38 0
294 3 4.5 0 0 9.81 0.5 1.38699913025 -0.0124548322928 1 Albert  802.0434899410002 0.065 0.232976767733 0.899453962542 1 1 3 0.38 0
295 3 6 0 1 6.867 0.5 2.11491394043 -0.0688430471459 1 Albert  804.5628173880004 0.065 0.758626892938 1.68375698758 1 1 3 0.38 1
296 4 4.5 0 1 12.753 0.5 1.24496293068 0.0499481935519 1 Albert  807.7972055150003 0.065 0.315105101126 0.695014737127 1 1 3 0.38 1
297 4 4.5 0 1 9.81 0.5 1.39854311943 -0.000910843111254 1 Albert  810.1283027450004 0.065 0.426082592741 0.899453962542 1 1 3 0.38 1
298 3 4.5 0 0 12.753 0.5 1.20474481583 0.00973007869902 1 Albert  812.6268218320001 0.065 0.20425076436 0.695014737127 1 1 3 0.38 0
299 3 4.5 0 1 12.753 0.5 1.22433710098 0.0293223638553 1 Albert  814.9279204930003 0.065 0.346773310167 0.695014737127 1 1 3 0.38 1
300 4 6 0 0 12.753 0.5 1.45284700394 0.030790316114 1 Albert  817.2759421430001 0.065 0.253381835439 0.922056687823 1 1 3 0.38 0
301 4 4.5 0 1 11.2815 0.5 1.27335095406 -0.0107757329059 1 Albert  819.8228378850004 0.065 0.360464366571 0.784126686962 1 1 3 0.38 1
302 4 6 0 1 9.81 0.5 1.61096286774 -0.0805930710051 1 Albert  822.2114604990002 0.065 0.587050178268 1.19155593874 1 1 3 0.38 1
303 3 4.5 0 1 6.867 0.5 1.64275693893 -0.131573935885 1 Albert  824.9184594220001 0.065 0.634338202957 1.27433087482 1 1 3 0.38 1
304 3 6 0 1 12.753 0.5 1.51262187958 0.0905651917548 1 Albert  827.6835282330003 0.065 0.46075525849 0.922056687823 1 1 3 0.38 1
305 3 4.5 0 1 9.81 0.5 1.35964798927 -0.0398059732687 1 Albert  830.3140403690004 0.065 0.432785843929 0.899453962542 1 1 3 0.38 1
306 4 6 0 0 11.2815 0.5 1.51498913765 -0.0246327519687 1 Albert  832.7718210810003 0.065 0.309630807033 1.03962188962 1 1 3 0.38 0
307 4 6 0 0 9.81 0.5 1.68970608711 -0.00184985162954 1 Albert  835.3836139500004 0.065 0.337824902646 1.19155593874 1 1 3 0.38 0
308 3 6 0 1 11.2815 0.5 1.59055900574 0.0509371161191 1 Albert  838.4368299800003 0.065 0.481275326482 1.03962188962 1 1 3 0.38 1
309 4 4.5 0 0 12.753 0.5 1.24297499657 0.0479602594394 1 Albert  840.8814354640003 0.065 0.182066400731 0.695014737127 1 1 3 0.38 0
310 3 6 0 1 9.81 0.5 1.83510899544 0.143553056696 1 Albert  843.2271848990003 0.065 0.560303681207 1.19155593874 1 1 3 0.38 1
311 4 4.5 0 1 6.867 0.5 1.5864751339 -0.187855740923 1 Albert  846.1667174080003 0.065 0.626107030785 1.27433087482 1 1 3 0.38 1
312 3 6 0 0 6.867 0.5 2.19139504433 0.00763805675124 1 Albert  848.8440427500004 0.065 0.495116659101 1.68375698758 1 1 3 0.38 0
313 3 4.5 0 0 11.2815 0.5 1.25776314735 -0.0263635396076 1 Albert  852.1318785290005 0.065 0.217104683362 0.784126686962 1 1 3 0.38 0
314 3 6 0 0 9.81 0.5 1.49141216278 -0.200143775961 1 Albert  854.4866115030004 0.065 0.323655422922 1.19155593874 1 1 3 0.38 0
315 3 6 0 0 8.3385 0.5 1.71130800247 -0.184207395524 1 Albert  857.0810069610002 0.065 0.366344884685 1.395515398 1 1 3 0.38 0
316 3 4.5 0 0 8.3385 0.5 1.39968895912 -0.154873269933 1 Albert  859.891943219 0.065 0.281729295347 1.05456222905 1 1 3 0.38 0
317 4 4.5 0 0 8.3385 0.5 1.45770406723 -0.0968581618245 1 Albert  862.3873938060001 0.065 0.304670921232 1.05456222905 1 1 3 0.38 0
318 4 4.5 0 1 8.3385 0.5 1.50059390068 -0.0539683283742 1 Albert  864.9639716440001 0.065 0.499132241288 1.05456222905 1 1 3 0.38 1
319 4 6 0 0 6.867 0.5 2.29121899605 0.107462008472 1 Albert  867.5608962640003 0.065 0.475294982283 1.68375698758 1 1 3 0.38 0
