trial vx vy vz LongOcclusion g timeStill rTime TemporalError environment id pupiltime IOD OccludedTimeOfTrajectory FlightDuration Drag DragFirst block accuracy LongOcclusion
0 4 4.5 0 0 12.753 0.5 1.26185894012 0.0668442029971 1 Aniol  3.3794343029999254 0.064 0.193573766417 0.695014737127 1 1 3 0.38 0
1 4 6 0 1 8.3385 0.5 1.89551615715 7.591542035e-07 1 Aniol  5.7442977699997755 0.064 0.639721490893 1.395515398 1 1 3 0.38 1
2 4 4.5 0 1 8.3385 0.5 5.70684909821 4.15228686915 1 Aniol  11.677923330999874 0.064 0.495104993916 1.05456222905 1 1 3 0.38 1
3 4 6 0 1 6.867 0.5 2.20016884804 0.0164118604622 1 Aniol  15.522933161999845 0.064 0.800965430728 1.68375698758 1 1 3 0.38 1
4 3 4.5 0 1 6.867 0.5 1.79990291595 0.0255720411354 1 Aniol  18.82292798399976 0.064 0.612130346347 1.27433087482 1 1 3 0.38 1
5 4 4.5 0 0 8.3385 0.5 1.62053585052 0.0659736214701 1 Aniol  21.737255733999973 0.064 0.295526094694 1.05456222905 1 1 3 0.38 0
6 3 6 0 1 9.81 0.5 1.76416397095 0.0726080322053 1 Aniol  24.491042567000022 0.064 0.57190429005 1.19155593874 1 1 3 0.38 1
7 3 6 0 0 9.81 0.5 1.79650402069 0.104948081949 1 Aniol  27.36449661200004 0.064 0.325161066481 1.19155593874 1 1 3 0.38 0
8 4 6 0 1 9.81 0.5 1.69993495941 0.00837902066966 1 Aniol  30.29025957099975 0.064 0.574728818324 1.19155593874 1 1 3 0.38 1
9 4 6 0 0 8.3385 0.5 2.0411798954 0.145664497405 1 Aniol  33.121363068999926 0.064 0.414071228257 1.395515398 1 1 3 0.38 0
10 4 6 0 1 11.2815 0.5 1.62357091904 0.0839490294186 1 Aniol  36.29378343999997 0.064 0.511171866083 1.03962188962 1 1 3 0.38 1
11 4 4.5 0 0 6.867 0.5 1.76700806618 -0.0073228086418 1 Aniol  39.023686563999945 0.064 0.349197477204 1.27433087482 1 1 3 0.38 0
12 3 6 0 0 12.753 0.5 1.54170393944 0.119647251615 1 Aniol  41.91025853300016 0.064 0.27595482462 0.922056687823 1 1 3 0.38 0
13 3 4.5 0 1 8.3385 0.5 1.64643597603 0.0918737469737 1 Aniol  44.577486517000125 0.064 0.504271317581 1.05456222905 1 1 3 0.38 1
14 3 6 0 0 11.2815 0.5 1.6293489933 0.0897271036832 1 Aniol  47.32511881699975 0.064 0.299086967595 1.03962188962 1 1 3 0.38 0
15 4 6 0 0 6.867 0.5 2.23833584785 0.0545788602791 1 Aniol  50.05355815299981 0.064 0.490072174305 1.68375698758 1 1 3 0.38 0
16 4 4.5 0 0 11.2815 0.5 1.4291601181 0.145033431141 1 Aniol  53.415611692999846 0.064 0.217741467206 0.784126686962 1 1 3 0.38 0
17 4 4.5 0 1 12.753 0.5 1.45449280739 0.259478070261 1 Aniol  55.95941480500005 0.064 0.325644970601 0.695014737127 1 1 3 0.38 1
18 3 4.5 0 0 6.867 0.5 1.77079200745 -0.00353886737288 1 Aniol  58.543986744999984 0.064 0.367630517244 1.27433087482 1 1 3 0.38 0
19 3 4.5 0 1 11.2815 0.5 1.31751608849 0.033389401524 1 Aniol  61.43018176099986 0.064 0.364994583291 0.784126686962 1 1 3 0.38 1
20 4 4.5 0 1 6.867 0.5 1.64615297318 -0.128177901644 1 Aniol  63.879288436000024 0.064 0.630523835874 1.27433087482 1 1 3 0.38 1
21 4 6 0 0 12.753 0.5 1.45656609535 0.0345094075294 1 Aniol  66.62808558899997 0.064 0.252272515437 0.922056687823 1 1 3 0.38 0
22 4 6 0 0 9.81 0.5 1.71952199936 0.0279660606172 1 Aniol  69.21193554999991 0.064 0.319700769686 1.19155593874 1 1 3 0.38 0
23 3 4.5 0 1 9.81 0.5 1.44436097145 0.044907008909 1 Aniol  72.0433556349999 0.064 0.422942471253 0.899453962542 1 1 3 0.38 1
24 3 4.5 0 1 12.753 0.5 1.29015302658 0.0951382894534 1 Aniol  74.60171041100011 0.064 0.330900894304 0.695014737127 1 1 3 0.38 1
25 4 6 0 1 12.753 0.5 1.41725897789 -0.00479770993279 1 Aniol  77.01464490299986 0.064 0.430534936648 0.922056687823 1 1 3 0.38 1
26 4 6 0 0 11.2815 0.5 1.48360705376 -0.0560148358615 1 Aniol  79.54727139899978 0.064 0.308812445822 1.03962188962 1 1 3 0.38 0
27 3 6 0 0 8.3385 0.5 1.95954298973 0.0640275917348 1 Aniol  82.14482648100011 0.064 0.396011519918 1.395515398 1 1 3 0.38 0
28 3 4.5 0 0 12.753 0.5 1.25074791908 0.0557331819552 1 Aniol  85.22080134399994 0.064 0.208178849276 0.695014737127 1 1 3 0.38 0
29 4 4.5 0 1 9.81 0.5 1.42848300934 0.0290290467966 1 Aniol  87.60491468400005 0.064 0.440076926319 0.899453962542 1 1 3 0.38 1
30 3 6 0 0 6.867 0.5 2.27151608467 0.0877590970955 1 Aniol  90.14516109499982 0.064 0.446085778318 1.68375698758 1 1 3 0.38 0
31 3 6 0 1 12.753 0.5 1.47936606407 0.0573093762488 1 Aniol  93.54171699500012 0.064 0.425386894119 0.922056687823 1 1 3 0.38 1
32 4 4.5 0 1 11.2815 0.5 1.3537709713 0.0696442843365 1 Aniol  96.13242932999992 0.064 0.389695463463 0.784126686962 1 1 3 0.38 1
33 4 4.5 0 0 9.81 0.5 1.51189494133 0.112440978788 1 Aniol  98.61587789399982 0.064 0.233684672756 0.899453962542 1 1 3 0.38 0
34 3 4.5 0 0 11.2815 0.5 1.34582090378 0.0616942168164 1 Aniol  101.24399477399993 0.064 0.198454188277 0.784126686962 1 1 3 0.38 0
35 3 6 0 1 8.3385 0.5 1.92692899704 0.0314135990437 1 Aniol  103.68333738399997 0.064 0.647397281937 1.395515398 1 1 3 0.38 1
36 3 6 0 1 6.867 0.5 2.11896705627 -0.0647899313011 1 Aniol  106.70300613500012 0.064 0.803644847176 1.68375698758 1 1 3 0.38 1
37 3 4.5 0 0 9.81 0.5 1.39012694359 -0.00932701895354 1 Aniol  109.94240703300011 0.064 0.235917231245 0.899453962542 1 1 3 0.38 0
38 3 4.5 0 0 8.3385 0.5 1.57427000999 0.0197077809397 1 Aniol  112.43932399899995 0.064 0.273043389159 1.05456222905 1 1 3 0.38 0
39 3 6 0 1 11.2815 0.5 1.57268595695 0.0330640673367 1 Aniol  115.13351555600002 0.064 0.514793758628 1.03962188962 1 1 3 0.38 1
40 4 6 0 0 12.753 0.5 1.46982288361 0.0477661957831 1 Aniol  117.82104879600001 0.064 0.255691592289 0.922056687823 1 1 3 0.38 0
41 3 6 0 1 8.3385 0.5 1.84083890915 -0.0546764888469 1 Aniol  120.39817383599984 0.064 0.646887111697 1.395515398 1 1 3 0.38 1
42 3 6 0 1 9.81 0.5 1.76191091537 0.0703549766328 1 Aniol  123.34507756699986 0.064 0.575923997587 1.19155593874 1 1 3 0.38 1
43 4 4.5 0 1 12.753 0.5 1.31227397919 0.11725924206 1 Aniol  126.21516370000018 0.064 0.329253832034 0.695014737127 1 1 3 0.38 1
44 4 4.5 0 1 9.81 0.5 1.50479698181 0.10534301927 1 Aniol  128.62013256499995 0.064 0.435721687813 0.899453962542 1 1 3 0.38 1
45 4 6 0 1 6.867 0.5 2.21158194542 0.0278249578438 1 Aniol  131.24140861299975 0.064 0.779255778877 1.68375698758 1 1 3 0.38 1
46 3 4.5 0 1 6.867 0.5 1.77045416832 -0.00387670649946 1 Aniol  134.57669114300006 0.064 0.591992483535 1.27433087482 1 1 3 0.38 1
47 4 6 0 0 9.81 0.5 1.71347403526 0.0219180965211 1 Aniol  137.44568805100016 0.064 0.334550237145 1.19155593874 1 1 3 0.38 0
48 4 6 0 0 6.867 0.5 2.35354614258 0.169789155003 1 Aniol  140.27844395700004 0.064 0.463055581224 1.68375698758 1 1 3 0.38 0
49 3 6 0 0 11.2815 0.5 1.61292791367 0.0733060240475 1 Aniol  143.74575461599989 0.064 0.283982045078 1.03962188962 1 1 3 0.38 0
50 3 6 0 0 12.753 0.5 1.48135495186 0.0592982640357 1 Aniol  146.47112510099987 0.064 0.233428090755 0.922056687823 1 1 3 0.38 0
51 3 4.5 0 1 12.753 0.5 1.30774903297 0.112734295847 1 Aniol  149.06421818299987 0.064 0.318738979116 0.695014737127 1 1 3 0.38 1
52 3 4.5 0 0 8.3385 0.5 1.65746283531 0.102900606257 1 Aniol  151.48141226999996 0.064 0.293836331337 1.05456222905 1 1 3 0.38 0
53 4 6 0 1 11.2815 0.5 1.63180398941 0.0921820997922 1 Aniol  154.25050239699976 0.064 0.510151243448 1.03962188962 1 1 3 0.38 1
54 3 4.5 0 0 12.753 0.5 1.3702018261 0.175187088968 1 Aniol  156.98662847900005 0.064 0.203408147409 0.695014737127 1 1 3 0.38 0
55 3 6 0 0 9.81 0.5 2.00923800468 0.317682065942 1 Aniol  159.45764260099986 0.064 0.336258374299 1.19155593874 1 1 3 0.38 0
56 3 4.5 0 0 9.81 0.5 1.44426202774 0.0448080651987 1 Aniol  162.575372582 0.064 0.236770840765 0.899453962542 1 1 3 0.38 0
57 3 4.5 0 1 11.2815 0.5 1.37685894966 0.0927322626995 1 Aniol  165.14534102400012 0.064 0.35853227892 0.784126686962 1 1 3 0.38 1
58 4 6 0 0 8.3385 0.5 1.95604610443 0.0605307064351 1 Aniol  167.63698758600003 0.064 0.385501891721 1.395515398 1 1 3 0.38 0
59 3 4.5 0 0 6.867 0.5 1.79616212845 0.0218312536293 1 Aniol  170.70935717800012 0.064 0.361717705745 1.27433087482 1 1 3 0.38 0
60 3 4.5 0 1 9.81 0.5 1.47557210922 0.0761181466806 1 Aniol  173.59602083699974 0.064 0.425996348401 0.899453962542 1 1 3 0.38 1
61 4 6 0 1 9.81 0.5 1.6824131012 -0.00914283754568 1 Aniol  176.19075629999998 0.064 0.548891226836 1.19155593874 1 1 3 0.38 1
62 3 4.5 0 0 11.2815 0.5 1.3722641468 0.0881374598431 1 Aniol  178.98907766999992 0.064 0.231349969084 0.784126686962 1 1 3 0.38 0
63 4 6 0 1 8.3385 0.5 1.79701399803 -0.0985013999644 1 Aniol  181.4689472189998 0.064 0.687035960756 1.395515398 1 1 3 0.38 1
64 4 4.5 0 1 8.3385 0.5 1.49740290642 -0.0571593226369 1 Aniol  184.37648816499996 0.064 0.504981097512 1.05456222905 1 1 3 0.38 1
65 4 6 0 0 11.2815 0.5 1.60054898262 0.060927093002 1 Aniol  186.99434599799997 0.064 0.303609768171 1.03962188962 1 1 3 0.38 0
66 3 6 0 0 8.3385 0.5 1.92250704765 0.0269916496571 1 Aniol  189.71769420100009 0.064 0.388653899454 1.395515398 1 1 3 0.38 0
67 3 6 0 1 12.753 0.5 1.4462749958 0.024218307981 1 Aniol  192.73783516499998 0.064 0.431262474369 0.922056687823 1 1 3 0.38 1
68 4 4.5 0 1 11.2815 0.5 1.37329697609 0.0891702891278 1 Aniol  195.29251868099982 0.064 0.354277181024 0.784126686962 1 1 3 0.38 1
69 3 6 0 0 6.867 0.5 2.22927308083 0.0455160932503 1 Aniol  197.7716378350001 0.064 0.457174443434 1.68375698758 1 1 3 0.38 0
70 3 6 0 1 11.2815 0.5 1.59111618996 0.0514943003384 1 Aniol  201.10544188099993 0.064 0.508569873657 1.03962188962 1 1 3 0.38 1
71 4 4.5 0 1 6.867 0.5 1.78656983376 0.0122389589363 1 Aniol  203.79256666399988 0.064 0.585210973806 1.27433087482 1 1 3 0.38 1
72 3 6 0 1 6.867 0.5 2.1902449131 0.00648792552566 1 Aniol  206.67918131299984 0.064 0.813237913475 1.68375698758 1 1 3 0.38 1
73 3 4.5 0 1 8.3385 0.5 1.6111741066 0.0566118775431 1 Aniol  210.00021854199986 0.064 0.500697803948 1.05456222905 1 1 3 0.38 1
74 4 4.5 0 0 9.81 0.5 1.49437713623 0.0949231736887 1 Aniol  212.71019894799974 0.064 0.235225963652 0.899453962542 1 1 3 0.38 0
75 4 4.5 0 0 11.2815 0.5 1.3610830307 0.076956343739 1 Aniol  215.3145674020002 0.064 0.196063372293 0.784126686962 1 1 3 0.38 0
76 4 4.5 0 0 6.867 0.5 1.79521608353 0.0208852087074 1 Aniol  217.78319627100018 0.064 0.319300850167 1.27433087482 1 1 3 0.38 0
77 4 4.5 0 0 12.753 0.5 1.25111913681 0.0561043996829 1 Aniol  220.69808984200017 0.064 0.194886665982 0.695014737127 1 1 3 0.38 0
78 4 4.5 0 0 8.3385 0.5 1.60103702545 0.0464747963969 1 Aniol  223.05903899199984 0.064 0.285651333227 1.05456222905 1 1 3 0.38 0
79 4 6 0 1 12.753 0.5 1.516092062 0.0940353741737 1 Aniol  225.76531598200017 0.064 0.456169928718 0.922056687823 1 1 3 0.38 1
80 3 6 0 1 6.867 0.5 2.23408007622 0.0503230886421 1 Aniol  228.40657006899983 0.064 0.777213146646 1.68375698758 1 1 3 0.38 1
81 3 4.5 0 0 12.753 0.5 1.28673219681 0.0917174596805 1 Aniol  231.7432479109998 0.064 0.181197779371 0.695014737127 1 1 3 0.38 0
82 3 4.5 0 1 8.3385 0.5 1.5581638813 0.00360165224712 1 Aniol  234.13903057100015 0.064 0.491027690698 1.05456222905 1 1 3 0.38 1
83 3 6 0 1 12.753 0.5 1.48749899864 0.0654423108192 1 Aniol  236.82010162000006 0.064 0.441655385062 0.922056687823 1 1 3 0.38 1
84 3 4.5 0 1 11.2815 0.5 1.3823390007 0.0982123137402 1 Aniol  239.40634555199995 0.064 0.355822801918 0.784126686962 1 1 3 0.38 1
85 3 6 0 1 11.2815 0.5 1.56975102425 0.030129134628 1 Aniol  241.8902016779998 0.064 0.477457533099 1.03962188962 1 1 3 0.38 1
86 4 6 0 1 12.753 0.5 1.47796797752 0.055911289701 1 Aniol  244.58578439899975 0.064 0.418101213065 0.922056687823 1 1 3 0.38 1
87 3 4.5 0 1 12.753 0.5 1.35937404633 0.164359309198 1 Aniol  247.77068911300012 0.064 0.331940062694 0.695014737127 1 1 3 0.38 1
88 4 4.5 0 0 12.753 0.5 1.31552815437 0.120513417246 1 Aniol  249.5988610270001 0.064 0.203893542808 0.695014737127 1 1 3 0.38 0
89 4 4.5 0 1 8.3385 0.5 1.59380507469 0.039242845637 1 Aniol  252.03992915299978 0.064 0.488410369597 1.05456222905 1 1 3 0.38 1
90 3 6 0 0 12.753 0.5 1.55108618736 0.12902949954 1 Aniol  254.7509512460001 0.064 0.249528785059 0.922056687823 1 1 3 0.38 0
91 3 4.5 0 0 11.2815 0.5 1.3833770752 0.0992503882336 1 Aniol  257.414179935 0.064 0.196532009421 0.784126686962 1 1 3 0.38 0
92 4 4.5 0 0 9.81 0.5 1.50058197975 0.10112801721 1 Aniol  259.89727782599994 0.064 0.228902372429 0.899453962542 1 1 3 0.38 0
93 3 6 0 0 9.81 0.5 1.77448511124 0.0829291724946 1 Aniol  262.522065654 0.064 0.309201291087 1.19155593874 1 1 3 0.38 0
94 4 6 0 0 11.2815 0.5 1.54789209366 0.00827020404022 1 Aniol  265.37046710299956 0.064 0.272236743762 1.03962188962 1 1 3 0.38 0
95 3 6 0 1 8.3385 0.5 1.90774679184 0.0122313938435 1 Aniol  268.021463992 0.064 0.677679385699 1.395515398 1 1 3 0.38 1
96 4 6 0 1 11.2815 0.5 1.59528112411 0.0556592344968 1 Aniol  271.0316883569999 0.064 0.468422978082 1.03962188962 1 1 3 0.38 1
97 3 6 0 1 9.81 0.5 16.9400238991 15.2484679603 1 Aniol  290.3932477840003 0.064 0.556518431568 1.19155593874 1 1 3 0.38 1
98 3 4.5 0 0 8.3385 0.5 16.9400238991 15.2484679603 1 Aniol  291.59872204999965 0.064 0.312371289899 1.05456222905 1 1 3 0.38 0
99 3 4.5 0 1 6.867 0.5 1.787348032 0.0130171571785 1 Aniol  291.74189775900004 0.064 0.57624896327 1.27433087482 1 1 3 0.38 1
100 4 6 0 1 9.81 0.5 1.66280412674 -0.0287518120025 1 Aniol  294.63927761900004 0.064 0.579043564057 1.19155593874 1 1 3 0.38 1
101 4 6 0 0 8.3385 0.5 1.90835189819 0.0128365001973 1 Aniol  297.4098239500004 0.064 0.381004217786 1.395515398 1 1 3 0.38 0
102 4 4.5 0 1 6.867 0.5 1.67887091637 -0.0954599584526 1 Aniol  300.4166120169998 0.064 0.589228499841 1.27433087482 1 1 3 0.38 1
103 3 4.5 0 0 9.81 0.5 1.40958404541 0.0101300828684 1 Aniol  303.21830033800006 0.064 0.257972682878 0.899453962542 1 1 3 0.38 0
104 4 6 0 1 6.867 0.5 2.17417192459 -0.00958506298447 1 Aniol  305.71284773599973 0.064 0.809304133382 1.68375698758 1 1 3 0.38 1
105 3 4.5 0 1 9.81 0.5 1.45359897614 0.0541450135935 1 Aniol  308.99489725299964 0.064 0.436522463352 0.899453962542 1 1 3 0.38 1
106 4 4.5 0 0 8.3385 0.5 1.58453297615 0.0299707470957 1 Aniol  311.5497897700002 0.064 0.26563582947 1.05456222905 1 1 3 0.38 0
107 3 6 0 0 6.867 0.5 2.3050839901 0.121327002522 1 Aniol  314.2338902079996 0.064 0.465153581451 1.68375698758 1 1 3 0.38 0
108 4 6 0 0 6.867 0.5 2.25122499466 0.0674680070839 1 Aniol  317.6447684489999 0.064 0.452650742321 1.68375698758 1 1 3 0.38 0
109 4 4.5 0 0 6.867 0.5 1.76809883118 -0.00623204364241 1 Aniol  321.01042706 0.064 0.353061738106 1.27433087482 1 1 3 0.38 0
110 4 6 0 0 9.81 0.5 1.71143484116 0.019878902414 1 Aniol  323.8841618190004 0.064 0.298648941236 1.19155593874 1 1 3 0.38 0
111 4 4.5 0 0 11.2815 0.5 1.34115815163 0.0570314646649 1 Aniol  326.71073760900026 0.064 0.20582614457 0.784126686962 1 1 3 0.38 0
112 4 4.5 0 1 11.2815 0.5 1.34915781021 0.0650311232495 1 Aniol  329.1530322550002 0.064 0.35767252556 0.784126686962 1 1 3 0.38 1
113 3 6 0 0 11.2815 0.5 1.65284800529 0.113226115677 1 Aniol  331.59666652900023 0.064 0.279429148761 1.03962188962 1 1 3 0.38 0
114 4 6 0 1 8.3385 0.5 1.76238489151 -0.133130506486 1 Aniol  334.36885848300017 0.064 0.653408124508 1.395515398 1 1 3 0.38 1
115 4 6 0 0 12.753 0.5 1.47481203079 0.0527553429694 1 Aniol  337.22792032499956 0.064 0.274892903006 0.922056687823 1 1 3 0.38 0
116 4 4.5 0 1 12.753 0.5 1.28013014793 0.0851154108066 1 Aniol  339.82033151600035 0.064 0.317240074671 0.695014737127 1 1 3 0.38 1
117 4 4.5 0 1 9.81 0.5 1.52096891403 0.12151495149 1 Aniol  342.18981140000005 0.064 0.417692578393 0.899453962542 1 1 3 0.38 1
118 3 6 0 0 8.3385 0.5 1.95797491074 0.06245951274 1 Aniol  344.8403972990004 0.064 0.391421841227 1.395515398 1 1 3 0.38 0
119 3 4.5 0 0 6.867 0.5 1.74582695961 -0.0285039152092 1 Aniol  347.8955798210004 0.064 0.347714150722 1.27433087482 1 1 3 0.38 0
120 4 6 0 1 6.867 0.5 2.02125906944 -0.162497918133 1 Aniol  350.74559299099974 0.064 0.765625044782 1.68375698758 1 1 3 0.38 1
121 3 6 0 1 12.753 0.5 1.69888091087 0.276824223051 1 Aniol  353.89219765499956 0.064 0.454082150788 0.922056687823 1 1 3 0.38 1
122 3 6 0 1 11.2815 0.5 1.59077095985 0.0511490702359 1 Aniol  356.7154929120002 0.064 0.497735264741 1.03962188962 1 1 3 0.38 1
123 3 4.5 0 1 9.81 0.5 1.38825511932 -0.0111988432181 1 Aniol  359.38805841099975 0.064 0.449679565095 0.899453962542 1 1 3 0.38 1
124 4 6 0 1 11.2815 0.5 1.48206591606 -0.0575559735568 1 Aniol  361.8690117580004 0.064 0.501098081787 1.03962188962 1 1 3 0.38 1
125 4 4.5 0 1 8.3385 0.5 1.50117111206 -0.0533911169942 1 Aniol  364.4486437569999 0.064 0.480664066895 1.05456222905 1 1 3 0.38 1
126 4 4.5 0 1 6.867 0.5 1.6313791275 -0.142951747317 1 Aniol  367.06318118900026 0.064 0.611553569276 1.27433087482 1 1 3 0.38 1
127 4 4.5 0 0 6.867 0.5 1.78621006012 0.0118791853005 1 Aniol  369.80396249199976 0.064 0.328473410609 1.27433087482 1 1 3 0.38 0
128 4 6 0 0 9.81 0.5 1.77733802795 0.0857820892121 1 Aniol  372.67996689599977 0.064 0.328577476525 1.19155593874 1 1 3 0.38 0
129 3 6 0 1 8.3385 0.5 1.92578601837 0.0302706203755 1 Aniol  375.5467631209999 0.064 0.693754819008 1.395515398 1 1 3 0.38 1
130 4 4.5 0 0 11.2815 0.5 1.36381483078 0.0796881438183 1 Aniol  378.58454790899987 0.064 0.224857183918 0.784126686962 1 1 3 0.38 0
131 3 6 0 1 6.867 0.5 2.16945886612 -0.0142981214562 1 Aniol  381.05496535500015 0.064 0.805442614474 1.68375698758 1 1 3 0.38 1
132 4 6 0 1 12.753 0.5 1.46544885635 0.043392168531 1 Aniol  384.3533453750001 0.064 0.430737286874 0.922056687823 1 1 3 0.38 1
133 4 6 0 1 9.81 0.5 1.72903203964 0.0374761009004 1 Aniol  386.9099978070003 0.064 0.544739111539 1.19155593874 1 1 3 0.38 1
134 3 4.5 0 1 11.2815 0.5 1.35718011856 0.0730534315991 1 Aniol  389.7349313620002 0.064 0.377741934989 0.784126686962 1 1 3 0.38 1
135 3 4.5 0 1 8.3385 0.5 1.57972407341 0.0251618443553 1 Aniol  392.20001977200036 0.064 0.518982697621 1.05456222905 1 1 3 0.38 1
136 4 6 0 0 6.867 0.5 2.27577900887 0.0920220212898 1 Aniol  394.8880956480002 0.064 0.445380040873 1.68375698758 1 1 3 0.38 0
137 4 6 0 0 8.3385 0.5 1.82309913635 -0.0724162616435 1 Aniol  398.2674319590001 0.064 0.360210064204 1.395515398 1 1 3 0.38 0
138 3 4.5 0 0 6.867 0.5 1.82494091988 0.0506100450569 1 Aniol  401.2166920730001 0.064 0.351182119161 1.27433087482 1 1 3 0.38 0
139 3 6 0 0 8.3385 0.5 1.95419406891 0.0586786709126 1 Aniol  404.18251347199975 0.064 0.363414069599 1.395515398 1 1 3 0.38 0
140 4 4.5 0 1 9.81 0.5 1.36886405945 -0.0305899030936 1 Aniol  407.2288243580001 0.064 0.447703141366 0.899453962542 1 1 3 0.38 1
141 4 6 0 0 11.2815 0.5 1.67057681084 0.130954921219 1 Aniol  409.71130779199984 0.064 0.275820831076 1.03962188962 1 1 3 0.38 0
142 4 4.5 0 1 11.2815 0.5 1.39652013779 0.112393450825 1 Aniol  412.4876170000002 0.064 0.39168115793 0.784126686962 1 1 3 0.38 1
143 4 4.5 0 0 8.3385 0.5 1.62625002861 0.0716877995555 1 Aniol  414.9840819449996 0.064 0.300144938717 1.05456222905 1 1 3 0.38 0
144 4 6 0 1 8.3385 0.5 1.85208296776 -0.0434324302379 1 Aniol  417.7085085550002 0.064 0.673472703229 1.395515398 1 1 3 0.38 1
145 3 4.5 0 0 8.3385 0.5 1.61003398895 0.0554717598979 1 Aniol  420.6804291559997 0.064 0.287493159243 1.05456222905 1 1 3 0.38 0
146 3 6 0 0 11.2815 0.5 2.40150904655 0.861887156936 1 Aniol  423.40796308499966 0.064 0.302635818784 1.03962188962 1 1 3 0.38 0
147 4 6 0 0 12.753 0.5 1.49740505219 0.0753483643622 1 Aniol  426.93587917800005 0.064 0.27068396949 0.922056687823 1 1 3 0.38 0
148 3 6 0 0 6.867 0.5 2.09882211685 -0.0849348707237 1 Aniol  429.52382766100027 0.064 0.430322637785 1.68375698758 1 1 3 0.38 0
149 3 6 0 0 9.81 0.5 1.71531295776 0.0237570190217 1 Aniol  432.73737687200037 0.064 0.311781566482 1.19155593874 1 1 3 0.38 0
150 3 4.5 0 1 12.753 0.5 1.29824590683 0.103231169702 1 Aniol  435.5339132969998 0.064 0.329471301695 0.695014737127 1 1 3 0.38 1
151 3 4.5 0 0 9.81 0.5 1.4837911129 0.084337150358 1 Aniol  437.9490798749998 0.064 0.269142584201 0.899453962542 1 1 3 0.38 0
152 3 6 0 1 9.81 0.5 1.64384508133 -0.0477108574126 1 Aniol  440.53143875900014 0.064 0.560114714583 1.19155593874 1 1 3 0.38 1
153 3 4.5 0 0 12.753 0.5 1.29155111313 0.0965363760013 1 Aniol  443.28496408099954 0.064 0.178321111557 0.695014737127 1 1 3 0.38 0
154 3 6 0 0 12.753 0.5 1.53845500946 0.116398321638 1 Aniol  445.66337006299955 0.064 0.236145418456 0.922056687823 1 1 3 0.38 0
155 3 4.5 0 1 6.867 0.5 1.67782878876 -0.0965020860618 1 Aniol  448.3055521330002 0.064 0.600337285441 1.27433087482 1 1 3 0.38 1
156 4 4.5 0 1 12.753 0.5 1.272179842 0.0771651048678 1 Aniol  451.0756740470001 0.064 0.345753535576 0.695014737127 1 1 3 0.38 1
157 4 4.5 0 0 12.753 0.5 1.30132603645 0.106311299326 1 Aniol  453.4566225630001 0.064 0.191679019355 0.695014737127 1 1 3 0.38 0
158 3 4.5 0 0 11.2815 0.5 1.42020821571 0.136081528752 1 Aniol  455.8570599460004 0.064 0.210948977952 0.784126686962 1 1 3 0.38 0
159 4 4.5 0 0 9.81 0.5 1.54420995712 0.144755994581 1 Aniol  458.37707708599964 0.064 0.234462078167 0.899453962542 1 1 3 0.38 0
160 4 4.5 0 0 8.3385 0.5 1.62338113785 0.0688189087931 1 Aniol  461.0264646689998 0.064 0.308356532279 1.05456222905 1 1 3 0.38 0
161 4 4.5 0 0 12.753 0.5 1.30997204781 0.114957310678 1 Aniol  463.7712666499997 0.064 0.189633792846 0.695014737127 1 1 3 0.38 0
162 4 6 0 1 6.867 0.5 2.17640900612 -0.00734798145676 1 Aniol  466.17460426499974 0.064 0.834273446582 1.68375698758 1 1 3 0.38 1
163 3 4.5 0 1 12.753 0.5 1.26143503189 0.0664202947635 1 Aniol  469.4477592899998 0.064 0.330824390223 0.695014737127 1 1 3 0.38 1
164 4 6 0 1 12.753 0.5 1.37503886223 -0.0470178255944 1 Aniol  471.81452489399953 0.064 0.439983238559 0.922056687823 1 1 3 0.38 1
165 4 6 0 0 9.81 0.5 1.77096390724 0.0794079684999 1 Aniol  474.2836755450003 0.064 0.309022549898 1.19155593874 1 1 3 0.38 0
166 4 4.5 0 1 6.867 0.5 1.72390890121 -0.0504219736046 1 Aniol  477.1577733520003 0.064 0.579332959356 1.27433087482 1 1 3 0.38 1
167 3 4.5 0 0 11.2815 0.5 1.45892906189 0.174802374928 1 Aniol  479.9989161030003 0.064 0.220474710168 0.784126686962 1 1 3 0.38 0
168 3 4.5 0 1 8.3385 0.5 1.51087093353 -0.043691295522 1 Aniol  482.5809110819996 0.064 0.496762896774 1.05456222905 1 1 3 0.38 1
169 3 4.5 0 1 9.81 0.5 1.44994688034 0.0504929177988 1 Aniol  485.1823588860002 0.064 0.410885706764 0.899453962542 1 1 3 0.38 1
170 3 4.5 0 1 11.2815 0.5 1.38824892044 0.104122233479 1 Aniol  487.7517553419998 0.064 0.389007432172 0.784126686962 1 1 3 0.38 1
171 3 6 0 1 6.867 0.5 2.30053901672 0.116782029148 1 Aniol  490.2587762239996 0.064 0.815881673 1.68375698758 1 1 3 0.38 1
172 3 6 0 1 8.3385 0.5 1.8662109375 -0.0293044604961 1 Aniol  493.6592818889999 0.064 0.658409892248 1.395515398 1 1 3 0.38 1
173 3 4.5 0 0 12.753 0.5 1.33055090904 0.135536171915 1 Aniol  496.628550078 0.064 0.184988904391 0.695014737127 1 1 3 0.38 0
174 3 6 0 1 12.753 0.5 1.51781392097 0.0957572331519 1 Aniol  499.05396166000037 0.064 0.437082011975 0.922056687823 1 1 3 0.38 1
175 4 6 0 0 11.2815 0.5 1.59845399857 0.0588321089474 1 Aniol  501.68503601600014 0.064 0.291941987017 1.03962188962 1 1 3 0.38 0
176 4 6 0 1 11.2815 0.5 1.5244140625 -0.0152078271182 1 Aniol  504.40558674199974 0.064 0.504146062969 1.03962188962 1 1 3 0.38 1
177 3 4.5 0 1 6.867 0.5 1.671833992 -0.102496882815 1 Aniol  507.04872735100025 0.064 0.573765988644 1.27433087482 1 1 3 0.38 1
178 3 6 0 0 9.81 0.5 1.73803281784 0.0464768790986 1 Aniol  509.8224929330004 0.064 0.349495618821 1.19155593874 1 1 3 0.38 0
179 3 6 0 0 8.3385 0.5 1.92945194244 0.0339365444478 1 Aniol  512.6804432100002 0.064 0.376176031281 1.395515398 1 1 3 0.38 0
180 4 4.5 0 1 9.81 0.5 1.3924279213 -0.00702604124663 1 Aniol  515.7187177000001 0.064 0.431266643513 0.899453962542 1 1 3 0.38 1
181 4 4.5 0 0 11.2815 0.5 1.34300088882 0.0588742018627 1 Aniol  518.2243324550004 0.064 0.209182333899 0.784126686962 1 1 3 0.38 0
182 3 4.5 0 0 6.867 0.5 1.7885799408 0.0142490659767 1 Aniol  520.6666257239999 0.064 0.365354927742 1.27433087482 1 1 3 0.38 0
183 4 6 0 1 9.81 0.5 1.59509396553 -0.0964619732116 1 Aniol  523.5736852200002 0.064 0.545924128224 1.19155593874 1 1 3 0.38 1
184 3 6 0 1 9.81 0.5 1.64851999283 -0.0430359459136 1 Aniol  526.301027516 0.064 0.565265727442 1.19155593874 1 1 3 0.38 1
185 4 4.5 0 1 11.2815 0.5 1.35631108284 0.0721843958783 1 Aniol  529.0665167250004 0.064 0.377733281725 0.784126686962 1 1 3 0.38 1
186 3 6 0 0 12.753 0.5 1.48340988159 0.061353193769 1 Aniol  531.5383524439999 0.064 0.248255760279 0.922056687823 1 1 3 0.38 0
187 3 4.5 0 0 8.3385 0.5 1.61978316307 0.0652209340159 1 Aniol  534.1406003030002 0.064 0.295082372405 1.05456222905 1 1 3 0.38 0
188 3 6 0 1 11.2815 0.5 1.5737118721 0.0340899824826 1 Aniol  536.8548174709999 0.064 0.506835468747 1.03962188962 1 1 3 0.38 1
189 4 6 0 1 8.3385 0.5 1.86496591568 -0.0305494823161 1 Aniol  539.5315983180003 0.064 0.658012935509 1.395515398 1 1 3 0.38 1
190 4 6 0 0 8.3385 0.5 1.91848301888 0.0229676208791 1 Aniol  542.5118001300002 0.064 0.405943574814 1.395515398 1 1 3 0.38 0
191 3 4.5 0 0 9.81 0.5 1.39668917656 -0.00276478598235 1 Aniol  545.5634735870003 0.064 0.264370035743 0.899453962542 1 1 3 0.38 0
192 4 4.5 0 0 6.867 0.5 1.78261613846 0.00828526363909 1 Aniol  548.0553677639996 0.064 0.329916655346 1.27433087482 1 1 3 0.38 0
193 4 6 0 0 6.867 0.5 2.24019408226 0.0564370946846 1 Aniol  550.9400168759998 0.064 0.442446021282 1.68375698758 1 1 3 0.38 0
194 3 6 0 0 11.2815 0.5 1.51883602142 -0.0207858681949 1 Aniol  554.2803808949998 0.064 0.271678131139 1.03962188962 1 1 3 0.38 0
195 4 4.5 0 1 12.753 0.5 1.21936488152 0.0243501443881 1 Aniol  556.9240958559999 0.064 0.320630143885 0.695014737127 1 1 3 0.38 1
196 3 6 0 0 6.867 0.5 2.2354528904 0.0516959028206 1 Aniol  559.2518993709996 0.064 0.473585969684 1.68375698758 1 1 3 0.38 0
197 4 4.5 0 1 8.3385 0.5 1.52123403549 -0.0333281935628 1 Aniol  562.5962855390003 0.064 0.488301536526 1.05456222905 1 1 3 0.38 1
198 4 4.5 0 0 9.81 0.5 1.5121088028 0.112654840254 1 Aniol  565.211855082 0.064 0.238867246283 0.899453962542 1 1 3 0.38 0
199 4 6 0 0 12.753 0.5 1.57857990265 0.156523214826 1 Aniol  567.8215769269996 0.064 0.235326052424 0.922056687823 1 1 3 0.38 0
200 3 4.5 0 1 9.81 0.5 1.44546294212 0.0460089795816 1 Aniol  570.5128222859998 0.064 0.429496250433 0.899453962542 1 1 3 0.38 1
201 4 4.5 0 0 9.81 0.5 1.54496502876 0.145511066221 1 Aniol  573.0795060719997 0.064 0.230844007212 0.899453962542 1 1 3 0.38 0
202 3 4.5 0 1 12.753 0.5 1.34453988075 0.149525143625 1 Aniol  575.7234489629996 0.064 0.327659965912 0.695014737127 1 1 3 0.38 1
203 4 4.5 0 1 9.81 0.5 1.42855787277 0.0291039102304 1 Aniol  578.1775171860004 0.064 0.427176405204 0.899453962542 1 1 3 0.38 1
204 3 6 0 0 9.81 0.5 1.74347305298 0.0519171142366 1 Aniol  580.7158448269997 0.064 0.300159333228 1.19155593874 1 1 3 0.38 0
205 3 6 0 1 8.3385 0.5 1.90290689468 0.00739149668777 1 Aniol  583.5566785340002 0.064 0.686390586469 1.395515398 1 1 3 0.38 1
206 4 6 0 0 11.2815 0.5 1.56394815445 0.0243262648312 1 Aniol  586.5532107800004 0.064 0.280211438505 1.03962188962 1 1 3 0.38 0
207 3 4.5 0 0 9.81 0.5 1.39791488647 -0.00153907606719 1 Aniol  589.2229596430002 0.064 0.259979971027 0.899453962542 1 1 3 0.38 0
208 3 4.5 0 1 8.3385 0.5 1.58910608292 0.0345438538615 1 Aniol  591.7180582830001 0.064 0.51178597102 1.05456222905 1 1 3 0.38 1
209 4 6 0 1 9.81 0.5 1.67708277702 -0.0144731617186 1 Aniol  594.4239230509997 0.064 0.572812916263 1.19155593874 1 1 3 0.38 1
210 4 4.5 0 1 6.867 0.5 1.71913504601 -0.0551958288139 1 Aniol  597.2245174269997 0.064 0.63562769312 1.27433087482 1 1 3 0.38 1
211 4 6 0 1 8.3385 0.5 1.92141604424 0.0259006462392 1 Aniol  600.0355586179999 0.064 0.672554683288 1.395515398 1 1 3 0.38 1
212 4 4.5 0 0 11.2815 0.5 1.39019417763 0.106067490666 1 Aniol  603.0638384050003 0.064 0.204592389709 0.784126686962 1 1 3 0.38 0
213 4 4.5 0 0 8.3385 0.5 1.57080411911 0.0162418900553 1 Aniol  605.550897267 0.064 0.27006643987 1.05456222905 1 1 3 0.38 0
214 4 6 0 1 11.2815 0.5 1.57595515251 0.0363332628934 1 Aniol  608.2244871199996 0.064 0.496443309311 1.03962188962 1 1 3 0.38 1
215 3 6 0 0 11.2815 0.5 24.0267579556 22.4871360659 1 Aniol  634.5190946759999 0.064 0.288300062803 1.03962188962 1 1 3 0.38 0
216 4 4.5 0 1 12.753 0.5 24.0267579556 22.4871360659 1 Aniol  635.7527780949999 0.064 0.323549466263 0.695014737127 1 1 3 0.38 1
217 3 6 0 0 6.867 0.5 24.0267579556 22.4871360659 1 Aniol  635.9135517070004 0.064 0.499308900869 1.68375698758 1 1 3 0.38 0
218 3 4.5 0 1 11.2815 0.5 1.31647610664 0.032349419682 1 Aniol  636.0224128980003 0.064 0.383945852993 0.784126686962 1 1 3 0.38 1
219 4 6 0 1 6.867 0.5 2.02796387672 -0.155793110851 1 Aniol  638.4440542879997 0.064 0.792547042447 1.68375698758 1 1 3 0.38 1
220 4 4.5 0 0 6.867 0.5 1.68751096725 -0.0868199075645 1 Aniol  641.57156644 0.064 0.351610605822 1.27433087482 1 1 3 0.38 0
221 4 6 0 0 9.81 0.5 1.752161026 0.060605087259 1 Aniol  644.3547592970003 0.064 0.338447280423 1.19155593874 1 1 3 0.38 0
222 4 4.5 0 1 8.3385 0.5 1.53295588493 -0.0216063441213 1 Aniol  647.2286236519999 0.064 0.526210023416 1.05456222905 1 1 3 0.38 1
223 4 4.5 0 1 11.2815 0.5 1.29897403717 0.0148473502087 1 Aniol  649.8623714609998 0.064 0.369683232437 0.784126686962 1 1 3 0.38 1
224 3 4.5 0 0 12.753 0.5 1.27261805534 0.0776033182162 1 Aniol  652.2675503180003 0.064 0.19750727499 0.695014737127 1 1 3 0.38 0
225 4 6 0 0 8.3385 0.5 1.95110607147 0.0555906734761 1 Aniol  654.6439692709996 0.064 0.391230281228 1.395515398 1 1 3 0.38 0
226 4 6 0 0 12.753 0.5 1.48728990555 0.0652332177253 1 Aniol  657.6913922859999 0.064 0.232272998454 0.922056687823 1 1 3 0.38 0
227 3 4.5 0 0 6.867 0.5 1.796833992 0.0225031171852 1 Aniol  660.3116710520003 0.064 0.366234694605 1.27433087482 1 1 3 0.38 0
228 3 4.5 0 0 11.2815 0.5 1.33236098289 0.0482342959332 1 Aniol  663.2061251009995 0.064 0.197890806498 0.784126686962 1 1 3 0.38 0
229 3 6 0 1 9.81 0.5 1.76283407211 0.0712781333711 1 Aniol  665.6360036000001 0.064 0.547279131533 1.19155593874 1 1 3 0.38 1
230 3 4.5 0 0 8.3385 0.5 1.55888795853 0.00432572947185 1 Aniol  668.5043950570002 0.064 0.263993394702 1.05456222905 1 1 3 0.38 0
231 4 6 0 1 12.753 0.5 1.55881094933 0.136754261503 1 Aniol  671.198041698 0.064 0.425052128482 0.922056687823 1 1 3 0.38 1
232 3 6 0 1 11.2815 0.5 1.58547687531 0.0458549856869 1 Aniol  673.8604265409999 0.064 0.515843610567 1.03962188962 1 1 3 0.38 1
233 3 6 0 0 8.3385 0.5 1.96148204803 0.0659666500386 1 Aniol  676.542923515 0.064 0.411475806826 1.395515398 1 1 3 0.38 0
234 4 4.5 0 0 12.753 0.5 1.26078891754 0.0657741804141 1 Aniol  679.6054089430004 0.064 0.191379663096 0.695014737127 1 1 3 0.38 0
235 3 6 0 1 6.867 0.5 2.04547691345 -0.138280074123 1 Aniol  681.9755756139998 0.064 0.814594602849 1.68375698758 1 1 3 0.38 1
236 3 4.5 0 1 6.867 0.5 1.6477189064 -0.126611968417 1 Aniol  685.1205277900003 0.064 0.600382512644 1.27433087482 1 1 3 0.38 1
237 3 6 0 1 12.753 0.5 1.44515013695 0.0230934491248 1 Aniol  687.871090825 0.064 0.416036252116 0.922056687823 1 1 3 0.38 1
238 3 6 0 0 12.753 0.5 1.53260707855 0.110550390729 1 Aniol  690.4179604739998 0.064 0.231016255487 0.922056687823 1 1 3 0.38 0
239 4 6 0 0 6.867 0.5 2.21707391739 0.0333169298134 1 Aniol  693.0511030439998 0.064 0.455183302969 1.68375698758 1 1 3 0.38 0
240 3 6 0 1 8.3385 0.5 1.84377598763 -0.0517394103709 1 Aniol  696.3668029220003 0.064 0.667341619878 1.395515398 1 1 3 0.38 1
241 4 4.5 0 1 6.867 0.5 1.61616396904 -0.158166905779 1 Aniol  699.3040933529996 0.064 0.605412146187 1.27433087482 1 1 3 0.38 1
242 3 6 0 0 8.3385 0.5 1.9719119072 0.0763965092 1 Aniol  702.0296708439996 0.064 0.389842327768 1.395515398 1 1 3 0.38 0
243 4 4.5 0 1 9.81 0.5 1.4182240963 0.0187701337564 1 Aniol  705.0931758649999 0.064 0.415891548562 0.899453962542 1 1 3 0.38 1
244 3 4.5 0 1 11.2815 0.5 1.39185380936 0.107727122395 1 Aniol  707.6283113900004 0.064 0.384749567299 0.784126686962 1 1 3 0.38 1
245 3 6 0 1 12.753 0.5 1.49173593521 0.0696792473884 1 Aniol  710.1256561550003 0.064 0.440373763641 0.922056687823 1 1 3 0.38 1
246 4 6 0 0 11.2815 0.5 1.62303185463 0.0834099650113 1 Aniol  712.7321917490003 0.064 0.294980799763 1.03962188962 1 1 3 0.38 0
247 3 6 0 1 6.867 0.5 2.237388134 0.0536311464271 1 Aniol  715.4392544019997 0.064 0.810005782905 1.68375698758 1 1 3 0.38 1
248 3 6 0 0 6.867 0.5 2.17943000793 -0.00432697964097 1 Aniol  718.7819405240002 0.064 0.421577839686 1.68375698758 1 1 3 0.38 0
249 4 6 0 0 12.753 0.5 1.5460600853 0.124003397474 1 Aniol  722.0698887639996 0.064 0.272802853182 0.922056687823 1 1 3 0.38 0
250 4 6 0 1 9.81 0.5 1.7772128582 0.0856569194581 1 Aniol  724.7201979260003 0.064 0.545829979732 1.19155593874 1 1 3 0.38 1
251 3 4.5 0 0 12.753 0.5 1.32798194885 0.132967211725 1 Aniol  727.5979521599997 0.064 0.173855889105 0.695014737127 1 1 3 0.38 0
252 4 4.5 0 0 8.3385 0.5 1.671407938 0.116845708949 1 Aniol  730.0229709009996 0.064 0.316184391892 1.05456222905 1 1 3 0.38 0
253 3 4.5 0 1 8.3385 0.5 1.56417393684 0.00961170778911 1 Aniol  732.8255376769998 0.064 0.481707547986 1.05456222905 1 1 3 0.38 1
254 4 6 0 1 11.2815 0.5 1.64722681046 0.107604920837 1 Aniol  735.4854904999997 0.064 0.501936615393 1.03962188962 1 1 3 0.38 1
255 3 6 0 1 9.81 0.5 1.72938299179 0.0378270530488 1 Aniol  738.222303387 0.064 0.589396592136 1.19155593874 1 1 3 0.38 1
256 3 6 0 0 11.2815 0.5 1.65013408661 0.110512196991 1 Aniol  741.077945693 0.064 0.270040997898 1.03962188962 1 1 3 0.38 0
257 3 4.5 0 0 11.2815 0.5 1.39529395103 0.111167264073 1 Aniol  743.8239594720003 0.064 0.205528334549 0.784126686962 1 1 3 0.38 0
258 4 6 0 1 6.867 0.5 2.12179684639 -0.0619601411858 1 Aniol  746.3091415949998 0.064 0.827579288746 1.68375698758 1 1 3 0.38 1
259 4 4.5 0 1 8.3385 0.5 1.56273198128 0.0081697522227 1 Aniol  749.547189165 0.064 0.497176886579 1.05456222905 1 1 3 0.38 1
260 3 4.5 0 0 8.3385 0.5 1.61821293831 0.063650709254 1 Aniol  752.213218718 0.064 0.263901726363 1.05456222905 1 1 3 0.38 0
261 3 4.5 0 0 6.867 0.5 1.78628110886 0.011950234037 1 Aniol  754.9361022219996 0.064 0.332761544782 1.27433087482 1 1 3 0.38 0
262 4 4.5 0 1 12.753 0.5 1.2691090107 0.074094273569 1 Aniol  757.8263326660003 0.064 0.342132951287 0.695014737127 1 1 3 0.38 1
263 4 4.5 0 0 11.2815 0.5 1.40096902847 0.116842341511 1 Aniol  760.2041120099998 0.064 0.200510832266 0.784126686962 1 1 3 0.38 0
264 3 6 0 1 11.2815 0.5 1.57984995842 0.0402280688016 1 Aniol  762.7069954570002 0.064 0.502135586765 1.03962188962 1 1 3 0.38 1
265 3 4.5 0 1 6.867 0.5 1.7769100666 0.00257919178545 1 Aniol  765.3811891279997 0.064 0.635414057464 1.27433087482 1 1 3 0.38 1
266 4 6 0 0 6.867 0.5 2.20660185814 0.0228448705635 1 Aniol  768.2599911920001 0.064 0.448173155932 1.68375698758 1 1 3 0.38 0
267 4 4.5 0 0 6.867 0.5 1.6976249218 -0.0767059530205 1 Aniol  771.5654033229998 0.064 0.333676939917 1.27433087482 1 1 3 0.38 0
268 3 4.5 0 1 12.753 0.5 1.28768396378 0.0926692266482 1 Aniol  774.3758824029997 0.064 0.316618312696 0.695014737127 1 1 3 0.38 1
269 3 6 0 0 9.81 0.5 1.75279998779 0.061244049051 1 Aniol  776.7671167379999 0.064 0.312957743387 1.19155593874 1 1 3 0.38 0
270 4 6 0 1 12.753 0.5 1.4172809124 -0.00477577542352 1 Aniol  779.6241501660002 0.064 0.444698910933 0.922056687823 1 1 3 0.38 1
271 4 4.5 0 0 12.753 0.5 1.28008079529 0.0850660581607 1 Aniol  782.1441909990003 0.064 0.193840211406 0.695014737127 1 1 3 0.38 0
272 3 4.5 0 1 9.81 0.5 1.39007115364 -0.00938280890105 1 Aniol  784.5241551260001 0.064 0.433137666038 0.899453962542 1 1 3 0.38 1
273 4 4.5 0 0 9.81 0.5 1.37018895149 -0.0292650110495 1 Aniol  787.0274785300003 0.064 0.245689783128 0.899453962542 1 1 3 0.38 0
274 4 4.5 0 1 11.2815 0.5 1.39613103867 0.112004351704 1 Aniol  789.4918188050001 0.064 0.36515260773 0.784126686962 1 1 3 0.38 1
275 3 6 0 0 12.753 0.5 1.52982497215 0.10776828433 1 Aniol  791.9960071230003 0.064 0.240223819625 0.922056687823 1 1 3 0.38 0
276 3 4.5 0 0 9.81 0.5 1.5214509964 0.121997033857 1 Aniol  794.6234852539997 0.064 0.249175755798 0.899453962542 1 1 3 0.38 0
277 4 6 0 1 8.3385 0.5 1.85667490959 -0.0388404884044 1 Aniol  797.2567595570004 0.064 0.649665246825 1.395515398 1 1 3 0.38 1
278 4 6 0 0 9.81 0.5 1.68146014214 -0.0100957966063 1 Aniol  800.2275288830001 0.064 0.344825293426 1.19155593874 1 1 3 0.38 0
279 4 6 0 0 8.3385 0.5 1.90451598167 0.00900058367813 1 Aniol  803.0172720260002 0.064 0.372888286138 1.395515398 1 1 3 0.38 0
280 3 6 0 1 12.753 0.5 1.55443882942 0.132382141599 1 Aniol  806.035293122 0.064 0.442296026542 0.922056687823 1 1 3 0.38 1
281 4 4.5 0 1 12.753 0.5 1.25192689896 0.0569121618289 1 Aniol  808.6829595479999 0.064 0.313809380188 0.695014737127 1 1 3 0.38 1
282 3 6 0 1 8.3385 0.5 1.86125707626 -0.0342583217326 1 Aniol  811.0436298239997 0.064 0.689185365465 1.395515398 1 1 3 0.38 1
283 4 6 0 1 12.753 0.5 1.52360200882 0.101545320997 1 Aniol  814.004657596 0.064 0.429749939513 0.922056687823 1 1 3 0.38 1
284 4 4.5 0 1 8.3385 0.5 1.49526500702 -0.0592972220357 1 Aniol  816.6324580690002 0.064 0.513658095979 1.05456222905 1 1 3 0.38 1
285 3 6 0 1 6.867 0.5 2.15371608734 -0.0300409002342 1 Aniol  819.2230858890002 0.064 0.837637516099 1.68375698758 1 1 3 0.38 1
286 4 4.5 0 1 9.81 0.5 1.4328250885 0.0333711259592 1 Aniol  822.4972968480001 0.064 0.44312197386 0.899453962542 1 1 3 0.38 1
287 4 6 0 1 6.867 0.5 2.11644005775 -0.067316929821 1 Aniol  825.0345206549996 0.064 0.836857572553 1.68375698758 1 1 3 0.38 1
288 3 4.5 0 1 6.867 0.5 1.76765799522 -0.00667287959517 1 Aniol  828.2608824570002 0.064 0.615500669476 1.27433087482 1 1 3 0.38 1
289 3 4.5 0 1 8.3385 0.5 1.57284998894 0.0182877598826 1 Aniol  831.1640392000004 0.064 0.523973158113 1.05456222905 1 1 3 0.38 1
290 3 4.5 0 0 6.867 0.5 1.83918309212 0.0648522172981 1 Aniol  833.8382943210004 0.064 0.355726977064 1.27433087482 1 1 3 0.38 0
291 4 4.5 0 1 11.2815 0.5 1.33345985413 0.0493331671643 1 Aniol  836.7805781709999 0.064 0.375664754642 0.784126686962 1 1 3 0.38 1
292 4 6 0 1 9.81 0.5 1.68021893501 -0.0113370037291 1 Aniol  839.2166527909999 0.064 0.562627616431 1.19155593874 1 1 3 0.38 1
293 4 4.5 0 0 8.3385 0.5 1.60821700096 0.0536547719065 1 Aniol  842.017785384 0.064 0.297740978092 1.05456222905 1 1 3 0.38 0
294 4 4.5 0 0 11.2815 0.5 1.3583650589 0.0742383719372 1 Aniol  844.7220479470002 0.064 0.221916483217 0.784126686962 1 1 3 0.38 0
295 4 6 0 0 6.867 0.5 2.30002498627 0.116267998692 1 Aniol  847.2051544970004 0.064 0.457714381893 1.68375698758 1 1 3 0.38 0
296 4 4.5 0 1 6.867 0.5 1.59267687798 -0.181653996844 1 Aniol  850.5926439039999 0.064 0.630346232908 1.27433087482 1 1 3 0.38 1
297 4 6 0 0 11.2815 0.5 1.58645701408 0.0468351244656 1 Aniol  853.3026387200002 0.064 0.281008134945 1.03962188962 1 1 3 0.38 0
298 3 4.5 0 0 11.2815 0.5 1.37244296074 0.0883162737774 1 Aniol  855.99815971 0.064 0.224611371395 0.784126686962 1 1 3 0.38 0
299 4 4.5 0 0 6.867 0.5 1.75881505013 -0.015515824694 1 Aniol  858.5059011150001 0.064 0.343723525691 1.27433087482 1 1 3 0.38 0
300 3 6 0 0 6.867 0.5 2.14115190506 -0.0426050825157 1 Aniol  861.3725822869997 0.064 0.489065836041 1.68375698758 1 1 3 0.38 0
301 3 4.5 0 1 11.2815 0.5 1.38094711304 0.0968204260754 1 Aniol  864.6311028650002 0.064 0.378130393798 0.784126686962 1 1 3 0.38 1
302 4 6 0 1 11.2815 0.5 1.62642002106 0.0867981314389 1 Aniol  867.0972117730003 0.064 0.499424023832 1.03962188962 1 1 3 0.38 1
303 3 6 0 0 12.753 0.5 1.56044888496 0.138392197141 1 Aniol  869.8261111679999 0.064 0.257644583933 0.922056687823 1 1 3 0.38 0
304 4 6 0 0 12.753 0.5 1.49354505539 0.0714883675666 1 Aniol  872.494259519 0.064 0.265460363611 0.922056687823 1 1 3 0.38 0
305 4 6 0 0 8.3385 0.5 1.97832584381 0.082810445815 1 Aniol  875.0938693869998 0.064 0.380098727364 1.395515398 1 1 3 0.38 0
306 3 6 0 1 9.81 0.5 1.69256901741 0.00101307866831 1 Aniol  878.1764176709999 0.064 0.563350668158 1.19155593874 1 1 3 0.38 1
307 3 6 0 0 11.2815 0.5 1.55667281151 0.0170509218899 1 Aniol  880.9785135119996 0.064 0.298910222324 1.03962188962 1 1 3 0.38 0
308 3 4.5 0 1 12.753 0.5 1.3036301136 0.108615376474 1 Aniol  883.6607226250003 0.064 0.319357630212 0.695014737127 1 1 3 0.38 1
309 4 6 0 1 8.3385 0.5 1.91720294952 0.0216875515279 1 Aniol  886.0631510469998 0.064 0.648196965242 1.395515398 1 1 3 0.38 1
310 4 6 0 0 9.81 0.5 1.77390503883 0.0823491000917 1 Aniol  889.0993836769999 0.064 0.301399102789 1.19155593874 1 1 3 0.38 0
311 3 6 0 1 11.2815 0.5 1.6220729351 0.0824510454861 1 Aniol  891.9704604619997 0.064 0.483798041456 1.03962188962 1 1 3 0.38 1
312 3 6 0 0 8.3385 0.5 1.94743299484 0.0519175968465 1 Aniol  894.7074910360002 0.064 0.352615914867 1.395515398 1 1 3 0.38 0
313 4 4.5 0 0 12.753 0.5 1.27635002136 0.0813352842349 1 Aniol  897.7718739329998 0.064 0.203595898458 0.695014737127 1 1 3 0.38 0
314 4 4.5 0 0 9.81 0.5 1.55355501175 0.154101049207 1 Aniol  900.1509132659999 0.064 0.253424678235 0.899453962542 1 1 3 0.38 0
315 3 6 0 0 9.81 0.5 1.80531096458 0.113755025842 1 Aniol  902.8079604050004 0.064 0.313346753268 1.19155593874 1 1 3 0.38 0
316 3 4.5 0 1 9.81 0.5 1.49502587318 0.0955719106424 1 Aniol  905.7216478900004 0.064 0.429557571972 0.899453962542 1 1 3 0.38 1
317 3 4.5 0 0 12.753 0.5 1.28017187119 0.0851571340579 1 Aniol  908.3390357679996 0.064 0.183215165974 0.695014737127 1 1 3 0.38 0
318 3 4.5 0 0 8.3385 0.5 1.56991219521 0.0153499661509 1 Aniol  910.727307617 0.064 0.288432508117 1.05456222905 1 1 3 0.38 0
319 3 4.5 0 0 9.81 0.5 1.48479700089 0.0853430383432 1 Aniol  913.399432873 0.064 0.260249582267 0.899453962542 1 1 3 0.38 0
