trial vx vy vz LongOcclusion g timeStill rTime TemporalError environment id pupiltime IOD OccludedTimeOfTrajectory FlightDuration Drag DragFirst block accuracy LongOcclusion
0 3 4.5 0 1 11.2815 0.5 2.11455392838 0.830427241414 1 Clara  2.2945272640001804 0.063 0.368729836886 0.784126686962 1 1 1 0.33 1
1 3 6 0 1 12.753 0.5 2.11455392838 0.830427241414 1 Clara  2.2945272640001804 0.063 0.368729836886 0.784126686962 1 1 1 0.33 1
2 3 6 0 1 8.3385 0.5 2.11455392838 0.830427241414 1 Clara  5.248292294000066 0.063 0.639781936296 1.395515398 1 1 1 0.33 1
3 3 6 0 1 6.867 0.5 2.16701698303 -0.0167400045433 1 Clara  5.541653458000155 0.063 0.777911318351 1.68375698758 1 1 1 0.33 1
4 4 6 0 0 12.753 0.5 1.364153862 -0.0579028258233 1 Clara  8.808851637000089 0.063 0.273441415557 0.922056687823 1 1 1 0.33 0
5 3 4.5 0 1 9.81 0.5 1.33411002159 -0.0653439409506 1 Clara  11.278857548000133 0.063 0.434582152611 0.899453962542 1 1 1 0.33 1
6 4 6 0 0 8.3385 0.5 1.86962199211 -0.0258934058849 1 Clara  13.73735436800007 0.063 0.35446372763 1.395515398 1 1 1 0.33 0
7 3 4.5 0 0 6.867 0.5 1.56129384041 -0.213037034411 1 Clara  16.706787274000135 0.063 0.342190009852 1.27433087482 1 1 1 0.33 0
8 4 6 0 1 9.81 0.5 1.59472084045 -0.0968350982879 1 Clara  19.385793981999996 0.063 0.547566057575 1.19155593874 1 1 1 0.33 1
9 4 6 0 0 11.2815 0.5 1.49377989769 -0.0458419919284 1 Clara  22.099445250000144 0.063 0.290340390104 1.03962188962 1 1 1 0.33 0
10 3 6 0 0 8.3385 0.5 1.90597701073 0.0104616127309 1 Clara  24.715738553000165 0.063 0.373196175061 1.395515398 1 1 1 0.33 0
11 4 4.5 0 1 9.81 0.5 1.34235596657 -0.0570979959738 1 Clara  27.73137011200015 0.063 0.407640634259 0.899453962542 1 1 1 0.33 1
12 4 4.5 0 1 11.2815 0.5 1.24397802353 -0.0401486634327 1 Clara  30.183627822000062 0.063 0.381128608878 0.784126686962 1 1 1 0.33 1
13 4 4.5 0 1 8.3385 0.5 1.4693479538 -0.0852142752584 1 Clara  33.32235256000013 0.063 0.475539181888 1.05456222905 1 1 1 0.33 1
14 4 4.5 0 0 11.2815 0.5 1.24324893951 -0.0408777474476 1 Clara  35.108385363000025 0.063 0.216162382092 0.784126686962 1 1 1 0.33 0
15 4 6 0 0 6.867 0.5 2.28456807137 0.10081108379 1 Clara  37.474046083000076 0.063 0.491695908346 1.68375698758 1 1 1 0.33 0
16 3 4.5 0 1 6.867 0.5 1.52412700653 -0.250203868288 1 Clara  40.88897763199998 0.063 0.602227374475 1.27433087482 1 1 1 0.33 1
17 3 6 0 0 12.753 0.5 1.40338110924 -0.0186755785851 1 Clara  43.52651748700009 0.063 0.264433416491 0.922056687823 1 1 1 0.33 0
18 3 4.5 0 0 8.3385 0.5 1.42194199562 -0.132620233434 1 Clara  46.035784092000085 0.063 0.280354556825 1.05456222905 1 1 1 0.33 0
19 4 6 0 1 8.3385 0.5 1.64863204956 -0.246883348436 1 Clara  48.55337241500001 0.063 0.680085345144 1.395515398 1 1 1 0.33 1
20 4 4.5 0 0 6.867 0.5 1.69321107864 -0.0811197961754 1 Clara  51.302077568000186 0.063 0.359740502992 1.27433087482 1 1 1 0.33 0
21 4 4.5 0 0 9.81 0.5 1.34043216705 -0.0590217954886 1 Clara  54.111089859 0.063 0.259115058141 0.899453962542 1 1 1 0.33 0
22 4 4.5 0 1 12.753 0.5 1.21857905388 0.0235643167514 1 Clara  56.575572585000145 0.063 0.315481376473 0.695014737127 1 1 1 0.33 1
23 4 4.5 0 0 8.3385 0.5 1.58376407623 0.0292018471781 1 Clara  58.908597810000174 0.063 0.305538997361 1.05456222905 1 1 1 0.33 0
24 3 4.5 0 0 11.2815 0.5 1.3443608284 0.0602341414379 1 Clara  61.621590964000006 0.063 0.227983038003 0.784126686962 1 1 1 0.33 0
25 4 6 0 1 12.753 0.5 1.47024607658 0.0481893887611 1 Clara  64.07220693 0.063 0.421923882473 0.922056687823 1 1 1 0.33 1
26 4 4.5 0 0 12.753 0.5 1.24908804893 0.0540733118075 1 Clara  66.65717426200013 0.063 0.205274856646 0.695014737127 1 1 1 0.33 0
27 4 6 0 1 11.2815 0.5 1.4439740181 -0.0956478715213 1 Clara  69.01132680199999 0.063 0.50089674516 1.03962188962 1 1 1 0.33 1
28 3 4.5 0 1 8.3385 0.5 1.5560798645 0.00151763544719 1 Clara  71.56059063800012 0.063 0.522150380603 1.05456222905 1 1 1 0.33 1
29 3 6 0 1 9.81 0.5 1.66988706589 -0.0216688728545 1 Clara  74.22442064200004 0.063 0.587025321448 1.19155593874 1 1 1 0.33 1
30 3 6 0 0 11.2815 0.5 1.39926314354 -0.140358746079 1 Clara  76.989866248 0.063 0.30724937907 1.03962188962 1 1 1 0.33 0
31 3 4.5 0 1 12.753 0.5 1.24377894402 0.0487642068881 1 Clara  79.50727572400001 0.063 0.323698038588 0.695014737127 1 1 1 0.33 1
32 4 4.5 0 1 6.867 0.5 1.72042393684 -0.0539069379753 1 Clara  81.87639584099998 0.063 0.634227261551 1.27433087482 1 1 1 0.33 1
33 3 6 0 0 9.81 0.5 1.77611398697 0.084558048227 1 Clara  84.72213292800006 0.063 0.331470390986 1.19155593874 1 1 1 0.33 0
34 4 6 0 0 9.81 0.5 1.73997187614 0.0484159374024 1 Clara  87.6003135750002 0.063 0.33759658747 1.19155593874 1 1 1 0.33 0
35 3 6 0 0 6.867 0.5 2.38896584511 0.205208857532 1 Clara  90.44632389900016 0.063 0.46376752932 1.68375698758 1 1 1 0.33 0
36 3 4.5 0 0 12.753 0.5 1.29041600227 0.0954012651462 1 Clara  93.93786309799998 0.063 0.200895595506 0.695014737127 1 1 1 0.33 0
37 3 4.5 0 0 9.81 0.5 1.53383493423 0.134380971693 1 Clara  96.33402742199996 0.063 0.249028916845 0.899453962542 1 1 1 0.33 0
38 3 6 0 1 11.2815 0.5 1.59416913986 0.0545472502438 1 Clara  98.9678660720001 0.063 0.491222172337 1.03962188962 1 1 1 0.33 1
39 4 6 0 1 6.867 0.5 2.09567689896 -0.0880800886192 1 Clara  101.66118382200011 0.063 0.802840058316 1.68375698758 1 1 1 0.33 1
40 4 6 0 0 9.81 0.5 1.89581990242 0.204263963678 1 Clara  104.86007439800005 0.063 0.303849866622 1.19155593874 1 1 1 0.33 0
41 3 4.5 0 0 12.753 0.5 1.31832790375 0.12331316662 1 Clara  107.8636338680003 0.063 0.190489558702 0.695014737127 1 1 1 0.33 0
42 4 6 0 1 8.3385 0.5 1.8560731411 -0.039442256898 1 Clara  110.2846416540001 0.063 0.641317195227 1.395515398 1 1 1 0.33 1
43 4 6 0 0 12.753 0.5 1.47566509247 0.0536084046455 1 Clara  113.2602062220003 0.063 0.243765069996 0.922056687823 1 1 1 0.33 0
44 3 6 0 1 11.2815 0.5 1.48809790611 -0.0515239835056 1 Clara  115.84431676400027 0.063 0.484404971332 1.03962188962 1 1 1 0.33 1
45 3 6 0 0 11.2815 0.5 1.57243394852 0.0328120588986 1 Clara  118.43612359200006 0.063 0.269421648567 1.03962188962 1 1 1 0.33 0
46 3 6 0 0 6.867 0.5 2.32953095436 0.145773966785 1 Clara  121.1168654359999 0.063 0.425717847482 1.68375698758 1 1 1 0.33 0
47 4 6 0 0 11.2815 0.5 1.59179902077 0.052177131149 1 Clara  124.55787289399996 0.063 0.292436645392 1.03962188962 1 1 1 0.33 0
48 4 4.5 0 1 11.2815 0.5 1.30413579941 0.0200091124462 1 Clara  127.27113449299986 0.063 0.366764541086 0.784126686962 1 1 1 0.33 1
49 3 6 0 1 9.81 0.5 1.70278716087 0.0112312221314 1 Clara  129.68842887900018 0.063 0.544497049021 1.19155593874 1 1 1 0.33 1
50 3 4.5 0 1 6.867 0.5 1.90482878685 0.130497912031 1 Clara  132.48215189100029 0.063 0.636401150976 1.27433087482 1 1 1 0.33 1
51 3 4.5 0 1 9.81 0.5 1.55125308037 0.151799117826 1 Clara  135.49075331599988 0.063 0.410080164803 0.899453962542 1 1 1 0.33 1
52 3 6 0 0 9.81 0.5 1.74621486664 0.0546589278962 1 Clara  138.16193807400032 0.063 0.322851759342 1.19155593874 1 1 1 0.33 0
53 4 6 0 1 9.81 0.5 1.69753289223 0.00597695348521 1 Clara  141.01205849100006 0.063 0.542713254843 1.19155593874 1 1 1 0.33 1
54 3 6 0 1 8.3385 0.5 1.78328704834 -0.112228349656 1 Clara  143.82285167300006 0.063 0.69713737294 1.395515398 1 1 1 0.33 1
55 4 4.5 0 0 6.867 0.5 1.90688991547 0.132559040647 1 Clara  146.704437376 0.063 0.341546789675 1.27433087482 1 1 1 0.33 0
56 4 6 0 1 6.867 0.5 2.29091691971 0.107159932133 1 Clara  149.72771957900022 0.063 0.759169327106 1.68375698758 1 1 1 0.33 1
57 4 6 0 1 11.2815 0.5 1.53888821602 -0.000733673599552 1 Clara  153.12206893700022 0.063 0.494992758258 1.03962188962 1 1 1 0.33 1
58 3 6 0 0 8.3385 0.5 2.0312769413 0.135761543303 1 Clara  155.7786324220001 0.063 0.412617405959 1.395515398 1 1 1 0.33 0
59 3 6 0 0 12.753 0.5 1.63468289375 0.21262620593 1 Clara  158.93572280099988 0.063 0.274694685706 0.922056687823 1 1 1 0.33 0
60 3 4.5 0 0 8.3385 0.5 1.69822597504 0.143663745982 1 Clara  161.67432173399993 0.063 0.305837966272 1.05456222905 1 1 1 0.33 0
61 4 6 0 1 12.753 0.5 1.55305886269 0.131002174863 1 Clara  164.4684510950001 0.063 0.425283956193 0.922056687823 1 1 1 0.33 1
62 3 4.5 0 0 11.2815 0.5 1.30024409294 0.0161174059796 1 Clara  167.13977283400027 0.063 0.222698432095 0.784126686962 1 1 1 0.33 0
63 3 4.5 0 1 12.753 0.5 1.25552010536 0.0605053682345 1 Clara  169.5620640330003 0.063 0.340400152496 0.695014737127 1 1 1 0.33 1
64 3 4.5 0 1 11.2815 0.5 1.39782905579 0.113702368824 1 Clara  171.9155171340003 0.063 0.384672119567 0.784126686962 1 1 1 0.33 1
65 4 4.5 0 1 9.81 0.5 1.57345509529 0.174001132749 1 Clara  174.4475611490002 0.063 0.434435849838 0.899453962542 1 1 1 0.33 1
66 4 4.5 0 1 12.753 0.5 1.31955003738 0.124535300257 1 Clara  177.1281178090003 0.063 0.31827336404 0.695014737127 1 1 1 0.33 1
67 4 4.5 0 0 9.81 0.5 1.44649791718 0.0470439546335 1 Clara  179.54733283699989 0.063 0.247514329739 0.899453962542 1 1 1 0.33 0
68 4 4.5 0 0 8.3385 0.5 1.57056593895 0.0160037098948 1 Clara  182.10326812700032 0.063 0.276251011204 1.05456222905 1 1 1 0.33 0
69 4 4.5 0 0 11.2815 0.5 1.41084504128 0.126718354313 1 Clara  184.77415344500014 0.063 0.230601626836 0.784126686962 1 1 1 0.33 0
70 4 4.5 0 0 12.753 0.5 1.35004997253 0.155035235407 1 Clara  187.28121141400015 0.063 0.180121929562 0.695014737127 1 1 1 0.33 0
71 4 4.5 0 1 6.867 0.5 1.7404050827 -0.0339257921165 1 Clara  189.74590383600025 0.063 0.60533340326 1.27433087482 1 1 1 0.33 1
72 3 4.5 0 0 9.81 0.5 1.55438017845 0.15492621591 1 Clara  192.59777002400006 0.063 0.229944684805 0.899453962542 1 1 1 0.33 0
73 3 4.5 0 1 8.3385 0.5 1.74650096893 0.191938739878 1 Clara  195.2638539730001 0.063 0.492140597107 1.05456222905 1 1 1 0.33 1
74 4 4.5 0 1 8.3385 0.5 1.46970510483 -0.0848571242269 1 Clara  198.1005474120002 0.063 0.522940438234 1.05456222905 1 1 1 0.33 1
75 3 4.5 0 0 6.867 0.5 1.87464618683 0.100315312009 1 Clara  200.68256562600027 0.063 0.360447239391 1.27433087482 1 1 1 0.33 0
76 3 6 0 1 12.753 0.5 1.58896708488 0.166910397062 1 Clara  203.6825429989999 0.063 0.416778040564 0.922056687823 1 1 1 0.33 1
77 4 6 0 0 8.3385 0.5 2.06181716919 0.166301771193 1 Clara  206.3695540140002 0.063 0.400173760308 1.395515398 1 1 1 0.33 0
78 4 6 0 0 6.867 0.5 2.25208497047 0.0683279828987 1 Clara  209.5451464820003 0.063 0.452152076685 1.68375698758 1 1 1 0.33 0
79 3 6 0 1 6.867 0.5 2.29562401772 0.11186703014 1 Clara  212.91840553600014 0.063 0.762858077844 1.68375698758 1 1 1 0.33 1
80 4 6 0 1 6.867 0.5 2.29736089706 0.113603909489 1 Clara  216.30495349500006 0.063 0.789957607016 1.68375698758 1 1 1 0.33 1
81 3 4.5 0 1 11.2815 0.5 1.39282011986 0.108693432896 1 Clara  219.70412630200008 0.063 0.362973338935 0.784126686962 1 1 1 0.33 1
82 3 6 0 1 9.81 0.5 1.85986709595 0.168311157205 1 Clara  222.21812859600004 0.063 0.572019692143 1.19155593874 1 1 1 0.33 1
83 4 4.5 0 1 6.867 0.5 1.69385004044 -0.0804808343834 1 Clara  225.199304021 0.063 0.592377944526 1.27433087482 1 1 1 0.33 1
84 4 6 0 1 8.3385 0.5 1.84970903397 -0.04580636403 1 Clara  228.0145931940001 0.063 0.632989556547 1.395515398 1 1 1 0.33 1
85 4 6 0 0 12.753 0.5 1.39211392403 -0.0299427637963 1 Clara  230.9719768330001 0.063 0.231830361593 0.922056687823 1 1 1 0.33 0
86 4 4.5 0 1 12.753 0.5 1.41518497467 0.220170237543 1 Clara  233.49269278700012 0.063 0.317536570756 0.695014737127 1 1 1 0.33 1
87 3 6 0 0 11.2815 0.5 1.58092904091 0.0413071512906 1 Clara  236.00755999700004 0.063 0.309974287422 1.03962188962 1 1 1 0.33 0
88 4 4.5 0 1 9.81 0.5 1.30220603943 -0.0972479231131 1 Clara  238.6883985479999 0.063 0.435482682207 0.899453962542 1 1 1 0.33 1
89 4 6 0 0 6.867 0.5 2.24976706505 0.0660100774727 1 Clara  241.11660624000024 0.063 0.484439839763 1.68375698758 1 1 1 0.33 0
90 3 6 0 1 8.3385 0.5 1.83008694649 -0.0654284515086 1 Clara  244.47830801100008 0.063 0.633230972421 1.395515398 1 1 1 0.33 1
91 4 4.5 0 0 12.753 0.5 1.28009200096 0.0850772638339 1 Clara  247.42355588700002 0.063 0.206608852396 0.695014737127 1 1 1 0.33 0
92 4 6 0 1 11.2815 0.5 1.51316595078 -0.0264559388431 1 Clara  249.815656923 0.063 0.494220096788 1.03962188962 1 1 1 0.33 1
93 3 6 0 0 9.81 0.5 1.82406187057 0.132505931833 1 Clara  252.43946847799998 0.063 0.347824189633 1.19155593874 1 1 1 0.33 0
94 4 6 0 0 8.3385 0.5 1.81735396385 -0.0781614341441 1 Clara  255.3783286060002 0.063 0.377454658671 1.395515398 1 1 1 0.33 0
95 4 4.5 0 0 11.2815 0.5 1.43354105949 0.149414372532 1 Clara  258.3094652130003 0.063 0.206708738244 0.784126686962 1 1 1 0.33 0
96 3 4.5 0 0 6.867 0.5 1.84072494507 0.0663940702492 1 Clara  260.874157706 0.063 0.319844328944 1.27433087482 1 1 1 0.33 0
97 3 6 0 1 6.867 0.5 2.30132699013 0.117570002552 1 Clara  263.8223448970002 0.063 0.767113154302 1.68375698758 1 1 1 0.33 1
98 3 4.5 0 0 12.753 0.5 1.28485798836 0.0898432512301 1 Clara  267.241939345 0.063 0.174756638236 0.695014737127 1 1 1 0.33 0
99 4 4.5 0 0 9.81 0.5 1.49612283707 0.0966688745249 1 Clara  269.6416942200003 0.063 0.238701244715 0.899453962542 1 1 1 0.33 0
100 3 4.5 0 0 9.81 0.5 1.53298687935 0.133532916807 1 Clara  272.260629808 0.063 0.261498391854 0.899453962542 1 1 1 0.33 0
101 3 4.5 0 1 9.81 0.5 1.57227110863 0.172817146086 1 Clara  274.90948659100013 0.063 0.422704978777 0.899453962542 1 1 1 0.33 1
102 3 4.5 0 0 8.3385 0.5 1.80742692947 0.252864700419 1 Clara  277.605748856 0.063 0.293190662681 1.05456222905 1 1 1 0.33 0
103 3 4.5 0 1 12.753 0.5 1.34863400459 0.153619267465 1 Clara  280.5190370999999 0.063 0.340108946428 0.695014737127 1 1 1 0.33 1
104 3 4.5 0 0 11.2815 0.5 1.39516305923 0.111036372273 1 Clara  282.977206434 0.063 0.200512797428 0.784126686962 1 1 1 0.33 0
105 3 6 0 1 12.753 0.5 1.46924591064 0.0471892228217 1 Clara  285.4786168730002 0.063 0.45641027158 0.922056687823 1 1 1 0.33 1
106 3 4.5 0 1 8.3385 0.5 1.45776820183 -0.0967940272268 1 Clara  288.0647343979999 0.063 0.49971315416 1.05456222905 1 1 1 0.33 1
107 4 4.5 0 1 8.3385 0.5 1.48840403557 -0.0661581934865 1 Clara  290.642324464 0.063 0.498608425364 1.05456222905 1 1 1 0.33 1
108 3 6 0 1 11.2815 0.5 1.60476708412 0.0651451945035 1 Clara  293.23984749400006 0.063 0.470653098448 1.03962188962 1 1 1 0.33 1
109 4 4.5 0 1 11.2815 0.5 1.28659296036 0.00246627339595 1 Clara  295.953419814 0.063 0.365833782611 0.784126686962 1 1 1 0.33 1
110 4 4.5 0 0 8.3385 0.5 1.5722990036 0.0177367745463 1 Clara  298.34204606000003 0.063 0.296419257149 1.05456222905 1 1 1 0.33 0
111 3 4.5 0 1 6.867 0.5 1.68069314957 -0.0936377252525 1 Clara  301.0147274840001 0.063 0.608446641618 1.27433087482 1 1 1 0.33 1
112 4 6 0 0 9.81 0.5 1.73084211349 0.0392861747529 1 Clara  303.79930787800004 0.063 0.32392012642 1.19155593874 1 1 1 0.33 0
113 4 4.5 0 0 6.867 0.5 1.91303706169 0.138706186872 1 Clara  306.65355061900027 0.063 0.361979559307 1.27433087482 1 1 1 0.33 0
114 3 6 0 0 12.753 0.5 1.62062597275 0.198569284925 1 Clara  309.68941300999995 0.063 0.27522956331 0.922056687823 1 1 1 0.33 0
115 3 6 0 0 6.867 0.5 2.30181312561 0.118056138035 1 Clara  312.4329690980003 0.063 0.425365595464 1.68375698758 1 1 1 0.33 0
116 4 6 0 1 12.753 0.5 1.44735598564 0.0252992978187 1 Clara  315.85676048899995 0.063 0.435338560505 0.922056687823 1 1 1 0.33 1
117 4 6 0 0 11.2815 0.5 1.66773486137 0.128112971756 1 Clara  318.41735669900027 0.063 0.289069930634 1.03962188962 1 1 1 0.33 0
118 4 6 0 1 9.81 0.5 1.75500798225 0.0634520435121 1 Clara  321.20004596800027 0.063 0.571609441593 1.19155593874 1 1 1 0.33 1
119 3 6 0 0 8.3385 0.5 1.97381091118 0.0782955131825 1 Clara  324.06307560100004 0.063 0.387709629738 1.395515398 1 1 1 0.33 0
120 3 6 0 1 12.753 0.5 1.60068583488 0.178629147062 1 Clara  327.1461610430001 0.063 0.417709192862 0.922056687823 1 1 1 0.33 1
121 3 6 0 0 6.867 0.5 2.25400590897 0.0702489213905 1 Clara  329.861389401 0.063 0.444835545825 1.68375698758 1 1 1 0.33 0
122 3 6 0 0 8.3385 0.5 2.06716585159 0.171650453597 1 Clara  333.2310618010001 0.063 0.393117667318 1.395515398 1 1 1 0.33 0
123 3 6 0 1 9.81 0.5 1.75885391235 0.0672979736116 1 Clara  336.41330986899993 0.063 0.584361411219 1.19155593874 1 1 1 0.33 1
124 4 4.5 0 0 12.753 0.5 1.28996515274 0.0949504156131 1 Clara  339.272410689 0.063 0.175603282508 0.695014737127 1 1 1 0.33 0
125 4 6 0 0 8.3385 0.5 1.98577785492 0.0902624569234 1 Clara  341.66860636399997 0.063 0.407498744294 1.395515398 1 1 1 0.33 0
126 4 4.5 0 1 6.867 0.5 1.68600201607 -0.0883288587517 1 Clara  344.7301896570002 0.063 0.590834913869 1.27433087482 1 1 1 0.33 1
127 3 4.5 0 0 12.753 0.5 1.25203585625 0.0570211191195 1 Clara  347.5201902470003 0.063 0.178345982933 0.695014737127 1 1 1 0.33 0
128 3 4.5 0 1 9.81 0.5 1.32001304626 -0.0794409162771 1 Clara  349.904660786 0.063 0.428921824425 0.899453962542 1 1 1 0.33 1
129 4 6 0 1 9.81 0.5 1.61760592461 -0.0739500141356 1 Clara  352.33968108299996 0.063 0.536520664368 1.19155593874 1 1 1 0.33 1
130 3 6 0 0 11.2815 0.5 1.61127495766 0.0716530680386 1 Clara  355.04427048100024 0.063 0.292640731206 1.03962188962 1 1 1 0.33 0
131 4 4.5 0 0 6.867 0.5 1.79479813576 0.0204672609383 1 Clara  357.75160849500026 0.063 0.36327752973 1.27433087482 1 1 1 0.33 0
132 4 6 0 1 12.753 0.5 1.44982790947 0.0277712216468 1 Clara  360.66257696499997 0.063 0.444991654088 0.922056687823 1 1 1 0.33 1
133 3 6 0 0 12.753 0.5 1.48632502556 0.0642683377357 1 Clara  363.221631335 0.063 0.232372897203 0.922056687823 1 1 1 0.33 0
134 3 4.5 0 1 6.867 0.5 1.79320192337 0.0188710485512 1 Clara  365.8253747680001 0.063 0.613378650276 1.27433087482 1 1 1 0.33 1
135 3 4.5 0 0 8.3385 0.5 1.81786298752 0.263300758464 1 Clara  368.73779701800004 0.063 0.306218693161 1.05456222905 1 1 1 0.33 0
136 4 6 0 0 11.2815 0.5 1.72300410271 0.183382213089 1 Clara  371.6659765950003 0.063 0.309519746614 1.03962188962 1 1 1 0.33 0
137 4 6 0 1 8.3385 0.5 2.00784516335 0.112329765349 1 Clara  374.4872207870003 0.063 0.632963960819 1.395515398 1 1 1 0.33 1
138 3 6 0 1 8.3385 0.5 2.14702105522 0.251505657225 1 Clara  377.6231647230002 0.063 0.652797290215 1.395515398 1 1 1 0.33 1
139 3 4.5 0 1 12.753 0.5 1.38303899765 0.188024260523 1 Clara  380.8868178160001 0.063 0.322844621553 0.695014737127 1 1 1 0.33 1
140 4 4.5 0 0 9.81 0.5 1.62551999092 0.226066028379 1 Clara  383.39703377900014 0.063 0.226834159652 0.899453962542 1 1 1 0.33 0
141 4 4.5 0 1 12.753 0.5 1.26252102852 0.0675062913913 1 Clara  386.12997133499994 0.063 0.344959296169 0.695014737127 1 1 1 0.33 1
142 4 6 0 1 6.867 0.5 2.27941203117 0.0956550435982 1 Clara  388.51977944600003 0.063 0.764331806519 1.68375698758 1 1 1 0.33 1
143 3 6 0 1 6.867 0.5 2.34491991997 0.161162932392 1 Clara  391.91547852400026 0.063 0.766846481767 1.68375698758 1 1 1 0.33 1
144 4 4.5 0 0 11.2815 0.5 1.48304104805 0.198914361088 1 Clara  395.38618888400015 0.063 0.210748835501 0.784126686962 1 1 1 0.33 0
145 3 6 0 1 11.2815 0.5 1.53101181984 -0.00861006977875 1 Clara  397.9950189460001 0.063 0.516784150133 1.03962188962 1 1 1 0.33 1
146 4 6 0 0 9.81 0.5 1.88690090179 0.195344963052 1 Clara  400.6401820440001 0.063 0.310428712089 1.19155593874 1 1 1 0.33 0
147 3 4.5 0 1 11.2815 0.5 1.51168394089 0.227557253926 1 Clara  403.6495562590003 0.063 0.362440902155 0.784126686962 1 1 1 0.33 1
148 4 4.5 0 1 8.3385 0.5 1.61505508423 0.0604928551738 1 Clara  406.2811765380002 0.063 0.48586889822 1.05456222905 1 1 1 0.33 1
149 3 4.5 0 0 9.81 0.5 1.54205799103 0.142604028486 1 Clara  408.9888484490002 0.063 0.237185059288 0.899453962542 1 1 1 0.33 0
150 4 6 0 0 6.867 0.5 2.22679781914 0.043040831562 1 Clara  411.63460366000027 0.063 0.440048589739 1.68375698758 1 1 1 0.33 0
151 4 6 0 1 11.2815 0.5 1.63301301003 0.0933911204068 1 Clara  414.9706208309999 0.063 0.488875562702 1.03962188962 1 1 1 0.33 1
152 4 4.5 0 1 9.81 0.5 1.39058303833 -0.00887092421172 1 Clara  417.71142957200027 0.063 0.447479868602 0.899453962542 1 1 1 0.33 1
153 3 4.5 0 1 8.3385 0.5 1.64930701256 0.0947447835032 1 Clara  420.2090610979999 0.063 0.479907871809 1.05456222905 1 1 1 0.33 1
154 4 6 0 0 12.753 0.5 1.46899485588 0.0469381680579 1 Clara  422.964504044 0.063 0.237411618453 0.922056687823 1 1 1 0.33 0
155 3 4.5 0 0 6.867 0.5 1.80099201202 0.0266611372048 1 Clara  425.55734609699994 0.063 0.369339189572 1.27433087482 1 1 1 0.33 0
156 3 6 0 0 9.81 0.5 1.88504600525 0.193490066507 1 Clara  428.4706068630003 0.063 0.318532477538 1.19155593874 1 1 1 0.33 0
157 4 4.5 0 0 8.3385 0.5 1.53433489799 -0.0202273310598 1 Clara  431.46699449100015 0.063 0.283521061342 1.05456222905 1 1 1 0.33 0
158 4 4.5 0 1 11.2815 0.5 1.33141517639 0.0472884894299 1 Clara  434.1239146070002 0.063 0.368287150365 0.784126686962 1 1 1 0.33 1
159 3 4.5 0 0 11.2815 0.5 1.41753292084 0.133406233876 1 Clara  436.55650890000015 0.063 0.232542651161 0.784126686962 1 1 1 0.33 0
160 3 4.5 0 1 11.2815 0.5 1.3534040451 0.0692773581433 1 Clara  439.0969120640002 0.063 0.366470885358 0.784126686962 1 1 1 0.33 1
161 4 6 0 0 6.867 0.5 2.3592569828 0.175499995228 1 Clara  441.574776511 0.063 0.442309236905 1.68375698758 1 1 1 0.33 0
162 4 6 0 1 6.867 0.5 2.0844810009 -0.0992759866753 1 Clara  445.04124825400004 0.063 0.78379357255 1.68375698758 1 1 1 0.33 1
163 4 4.5 0 1 6.867 0.5 1.71314406395 -0.0611868108696 1 Clara  448.25530633300014 0.063 0.614233342546 1.27433087482 1 1 1 0.33 1
164 4 4.5 0 0 9.81 0.5 1.54692196846 0.147468005918 1 Clara  451.0575697690001 0.063 0.230269113526 0.899453962542 1 1 1 0.33 0
165 3 4.5 0 1 9.81 0.5 1.56372499466 0.164271032118 1 Clara  453.70643739100024 0.063 0.438721765157 0.899453962542 1 1 1 0.33 1
166 4 6 0 0 12.753 0.5 1.55060720444 0.128550516614 1 Clara  456.38793475600005 0.063 0.275679190373 0.922056687823 1 1 1 0.33 0
167 3 6 0 1 9.81 0.5 3.26229691505 1.57074097631 1 Clara  460.795370024 0.063 0.590434208288 1.19155593874 1 1 1 0.33 1
168 3 6 0 1 6.867 0.5 2.41565203667 0.231895049091 1 Clara  463.40515797100034 0.063 0.821897469109 1.68375698758 1 1 1 0.33 1
169 4 4.5 0 1 12.753 0.5 1.38622617722 0.191211440088 1 Clara  466.9410093390002 0.063 0.337039774763 0.695014737127 1 1 1 0.33 1
170 3 6 0 0 6.867 0.5 2.27916717529 0.0954101877174 1 Clara  469.4473313450003 0.063 0.501422163642 1.68375698758 1 1 1 0.33 0
171 3 6 0 0 9.81 0.5 1.77793908119 0.0863831424501 1 Clara  472.8618514230002 0.063 0.350707123588 1.19155593874 1 1 1 0.33 0
172 4 4.5 0 0 12.753 0.5 1.37932801247 0.184313275339 1 Clara  475.74821985100016 0.063 0.195699740959 0.695014737127 1 1 1 0.33 0
173 3 4.5 0 0 12.753 0.5 1.38582491875 0.19081018162 1 Clara  478.2309576970001 0.063 0.205435303534 0.695014737127 1 1 1 0.33 0
174 3 4.5 0 0 9.81 0.5 1.51635813713 0.116904174589 1 Clara  480.7291954960001 0.063 0.255926022349 0.899453962542 1 1 1 0.33 0
175 4 6 0 1 11.2815 0.5 1.51269102097 -0.0269308686527 1 Clara  483.3594756980001 0.063 0.502607576593 1.03962188962 1 1 1 0.33 1
176 4 6 0 0 11.2815 0.5 1.66371703148 0.124095141861 1 Clara  485.9704149710001 0.063 0.310438381795 1.03962188962 1 1 1 0.33 0
177 4 4.5 0 0 11.2815 0.5 1.40242695808 0.118300271122 1 Clara  488.75067370000033 0.063 0.22567806777 0.784126686962 1 1 1 0.33 0
178 4 4.5 0 0 8.3385 0.5 1.75840806961 0.203845840556 1 Clara  491.26410337100015 0.063 0.267440718595 1.05456222905 1 1 1 0.33 0
179 4 4.5 0 1 11.2815 0.5 1.4443860054 0.16025931844 1 Clara  494.1514543970002 0.063 0.369314166119 0.784126686962 1 1 1 0.33 1
180 3 6 0 0 8.3385 0.5 2.17156982422 0.276054426223 1 Clara  496.6945320660002 0.063 0.3935100015 1.395515398 1 1 1 0.33 0
181 4 6 0 1 12.753 0.5 1.59429693222 0.172240244398 1 Clara  499.957422038 0.063 0.440165479212 0.922056687823 1 1 1 0.33 1
182 3 4.5 0 0 8.3385 0.5 1.64092612267 0.0863638936106 1 Clara  502.65356401100007 0.063 0.288754364244 1.05456222905 1 1 1 0.33 0
183 3 4.5 0 1 8.3385 0.5 1.6701669693 0.115604740245 1 Clara  505.41724543300006 0.063 0.504613280222 1.05456222905 1 1 1 0.33 1
184 3 6 0 0 12.753 0.5 1.62250804901 0.200451361188 1 Clara  508.19680638 0.063 0.255331672729 0.922056687823 1 1 1 0.33 0
185 4 4.5 0 1 8.3385 0.5 1.67341899872 0.118856769663 1 Clara  510.93364035600007 0.063 0.487389293185 1.05456222905 1 1 1 0.33 1
186 3 6 0 1 12.753 0.5 1.54806208611 0.126005398283 1 Clara  513.7259228920002 0.063 0.453236130504 0.922056687823 1 1 1 0.33 1
187 4 4.5 0 0 6.867 0.5 1.98140215874 0.207071283918 1 Clara  516.3859559130001 0.063 0.381774158947 1.27433087482 1 1 1 0.33 0
188 4 6 0 0 9.81 0.5 1.75822710991 0.0666711711671 1 Clara  519.4725646689999 0.063 0.345773329984 1.19155593874 1 1 1 0.33 0
189 3 6 0 1 8.3385 0.5 2.05978703499 0.164271636992 1 Clara  522.3397735090002 0.063 0.661911186203 1.395515398 1 1 1 0.33 1
190 4 4.5 0 1 9.81 0.5 1.56670379639 0.167249833845 1 Clara  525.5207956650002 0.063 0.428830878633 0.899453962542 1 1 1 0.33 1
191 3 4.5 0 1 12.753 0.5 1.41064882278 0.215634085657 1 Clara  528.1992097060001 0.063 0.339554942 0.695014737127 1 1 1 0.33 1
192 3 4.5 0 1 6.867 0.5 1.8766810894 0.102350214582 1 Clara  530.72750206 0.063 0.625150735741 1.27433087482 1 1 1 0.33 1
193 3 4.5 0 0 11.2815 0.5 1.41221499443 0.128088307469 1 Clara  533.7089473290002 0.063 0.211616032324 0.784126686962 1 1 1 0.33 0
194 4 6 0 0 8.3385 0.5 1.91996979713 0.0244543991383 1 Clara  536.2435397510003 0.063 0.409763977005 1.395515398 1 1 1 0.33 0
195 3 6 0 0 11.2815 0.5 1.63157200813 0.0919501185147 1 Clara  539.2582124850001 0.063 0.308720300891 1.03962188962 1 1 1 0.33 0
196 4 6 0 1 9.81 0.5 1.66587615013 -0.0256797886107 1 Clara  541.993080185 0.063 0.589484416831 1.19155593874 1 1 1 0.33 1
197 3 6 0 1 11.2815 0.5 1.71428894997 0.174667060348 1 Clara  544.7727376130001 0.063 0.473804143602 1.03962188962 1 1 1 0.33 1
198 4 6 0 1 8.3385 0.5 2.01019477844 0.114679380446 1 Clara  547.602030169 0.063 0.665508786803 1.395515398 1 1 1 0.33 1
199 3 4.5 0 0 6.867 0.5 1.95968484879 0.185353973966 1 Clara  550.7142387829999 0.063 0.367736863823 1.27433087482 1 1 1 0.33 0
200 3 4.5 0 0 8.3385 0.5 1.75654387474 0.201981645686 1 Clara  553.7762304400003 0.063 0.288233736703 1.05456222905 1 1 1 0.33 0
201 3 4.5 0 1 6.867 0.5 1.88874197006 0.114411095243 1 Clara  556.631386733 0.063 0.580668167292 1.27433087482 1 1 1 0.33 1
202 4 4.5 0 1 9.81 0.5 1.61868810654 0.219234143995 1 Clara  559.6359774550001 0.063 0.444457488723 0.899453962542 1 1 1 0.33 1
203 3 6 0 1 8.3385 0.5 1.90866589546 0.013150497466 1 Clara  562.3645546930002 0.063 0.651233451165 1.395515398 1 1 1 0.33 1
204 3 4.5 0 1 8.3385 0.5 1.76318001747 0.208617788417 1 Clara  565.3831067340002 0.063 0.503236713547 1.05456222905 1 1 1 0.33 1
205 3 6 0 1 6.867 0.5 2.28392004967 0.100163062092 1 Clara  568.2460315950002 0.063 0.826493264424 1.68375698758 1 1 1 0.33 1
206 3 6 0 0 8.3385 0.5 2.05740594864 0.161890550643 1 Clara  571.6524720320003 0.063 0.409781602693 1.395515398 1 1 1 0.33 0
207 3 4.5 0 1 9.81 0.5 1.57766699791 0.178213035368 1 Clara  574.807797336 0.063 0.417789246637 0.899453962542 1 1 1 0.33 1
208 4 6 0 0 11.2815 0.5 1.72190690041 0.182285010788 1 Clara  577.497571463 0.063 0.284228206779 1.03962188962 1 1 1 0.33 0
209 3 4.5 0 1 12.753 0.5 1.46690201759 0.271887280466 1 Clara  580.3308807819999 0.063 0.32385858014 0.695014737127 1 1 1 0.33 1
210 3 6 0 0 12.753 0.5 1.78990006447 0.367843376646 1 Clara  582.9132519540003 0.063 0.268731762961 0.922056687823 1 1 1 0.33 0
211 4 6 0 1 8.3385 0.5 1.86910414696 -0.0264112510387 1 Clara  585.8200157640003 0.063 0.697126008073 1.395515398 1 1 1 0.33 1
212 4 4.5 0 1 11.2815 0.5 1.36985993385 0.0857332468914 1 Clara  588.8073886390002 0.063 0.359931889084 0.784126686962 1 1 1 0.33 1
213 4 4.5 0 1 12.753 0.5 1.41226601601 0.217251278879 1 Clara  591.2913792130003 0.063 0.341638375911 0.695014737127 1 1 1 0.33 1
214 4 4.5 0 0 11.2815 0.5 1.41375994682 0.129633259861 1 Clara  593.8257202620002 0.063 0.233138511767 0.784126686962 1 1 1 0.33 0
215 4 4.5 0 0 12.753 0.5 1.36017012596 0.165155388834 1 Clara  596.3538666620002 0.063 0.200331980129 0.695014737127 1 1 1 0.33 0
216 3 6 0 0 6.867 0.5 2.22883796692 0.0450809793434 1 Clara  598.823902221 0.063 0.486809081604 1.68375698758 1 1 1 0.33 0
217 4 6 0 0 8.3385 0.5 2.01311016083 0.117594762832 1 Clara  602.1649753250003 0.063 0.401002884914 1.395515398 1 1 1 0.33 0
218 4 6 0 0 12.753 0.5 1.64267802238 0.220621334562 1 Clara  605.2762357219999 0.063 0.245471606524 0.922056687823 1 1 1 0.33 0
219 4 4.5 0 0 9.81 0.5 1.4959321022 0.0964781396616 1 Clara  608.0318959720003 0.063 0.235755045188 0.899453962542 1 1 1 0.33 0
220 4 4.5 0 1 8.3385 0.5 1.45733499527 -0.097227233785 1 Clara  610.637155802 0.063 0.476875445151 1.05456222905 1 1 1 0.33 1
221 4 4.5 0 1 6.867 0.5 1.60873794556 -0.165592929263 1 Clara  613.1963629370002 0.063 0.582633502211 1.27433087482 1 1 1 0.33 1
222 4 6 0 1 11.2815 0.5 1.4869658947 -0.0526559949191 1 Clara  615.9029370610001 0.063 0.507476872131 1.03962188962 1 1 1 0.33 1
223 4 4.5 0 0 8.3385 0.5 1.70204591751 0.147483688456 1 Clara  618.4810019750003 0.063 0.281079694331 1.05456222905 1 1 1 0.33 0
224 4 6 0 0 9.81 0.5 1.83791613579 0.146360197046 1 Clara  621.3079902250001 0.063 0.327837050706 1.19155593874 1 1 1 0.33 0
225 4 6 0 1 9.81 0.5 1.66912007332 -0.0224358654235 1 Clara  624.2728153880003 0.063 0.556088831788 1.19155593874 1 1 1 0.33 1
226 3 6 0 1 9.81 0.5 1.81621193886 0.124656000116 1 Clara  627.051813223 0.063 0.538626158827 1.19155593874 1 1 1 0.33 1
227 3 4.5 0 0 9.81 0.5 1.48924517632 0.0897912137735 1 Clara  629.9444970550003 0.063 0.264941102051 0.899453962542 1 1 1 0.33 0
228 3 6 0 1 12.753 0.5 1.55259990692 0.130543219099 1 Clara  632.561352571 0.063 0.437626085804 0.922056687823 1 1 1 0.33 1
229 3 4.5 0 0 11.2815 0.5 1.55022096634 0.266094279377 1 Clara  635.2302193750002 0.063 0.232286202027 0.784126686962 1 1 1 0.33 0
230 3 6 0 1 11.2815 0.5 1.84805703163 0.308435142013 1 Clara  637.9104782560003 0.063 0.470740215843 1.03962188962 1 1 1 0.33 1
231 3 4.5 0 0 12.753 0.5 1.46611380577 0.271099068643 1 Clara  640.8772237140001 0.063 0.196767212631 0.695014737127 1 1 1 0.33 0
232 4 6 0 1 12.753 0.5 1.54039382935 0.118337141523 1 Clara  643.4704140670001 0.063 0.42135532686 0.922056687823 1 1 1 0.33 1
233 3 4.5 0 0 6.867 0.5 1.86156487465 0.0872339998299 1 Clara  646.1267902590002 0.063 0.353916870985 1.27433087482 1 1 1 0.33 0
234 3 6 0 0 9.81 0.5 1.93382287025 0.242266931513 1 Clara  649.116279497 0.063 0.33119324531 1.19155593874 1 1 1 0.33 0
235 4 4.5 0 0 6.867 0.5 1.97091794014 0.196587065321 1 Clara  652.1728170609999 0.063 0.323710395881 1.27433087482 1 1 1 0.33 0
236 3 4.5 0 1 11.2815 0.5 1.35416793823 0.0700412512707 1 Clara  655.234131619 0.063 0.355212245643 0.784126686962 1 1 1 0.33 1
237 4 6 0 0 6.867 0.5 2.35576701164 0.172010024067 1 Clara  657.711626711 0.063 0.45366316466 1.68375698758 1 1 1 0.33 0
238 3 6 0 0 11.2815 0.5 1.74062395096 0.20100206134 1 Clara  661.1996598230003 0.063 0.276431820654 1.03962188962 1 1 1 0.33 0
239 4 6 0 1 6.867 0.5 2.23991513252 0.056158144947 1 Clara  664.0550643300003 0.063 0.785665132229 1.68375698758 1 1 1 0.33 1
240 3 4.5 0 0 11.2815 0.5 1.52920985222 0.245083165257 1 Clara  667.3969654440002 0.063 0.209741755371 0.784126686962 1 1 1 0.33 0
241 4 6 0 1 11.2815 0.5 1.78387498856 0.244253098938 1 Clara  670.0538515580001 0.063 0.504575032636 1.03962188962 1 1 1 0.33 1
242 3 4.5 0 1 11.2815 0.5 1.50520205498 0.221075368016 1 Clara  672.9721629750002 0.063 0.37249497824 0.784126686962 1 1 1 0.33 1
243 3 4.5 0 0 6.867 0.5 1.98533296585 0.211002091032 1 Clara  675.5969756090003 0.063 0.322158449701 1.27433087482 1 1 1 0.33 0
244 3 4.5 0 0 8.3385 0.5 5.94338417053 4.38882194148 1 Clara  683.7307826750002 0.063 0.30098171165 1.05456222905 1 1 1 0.33 0
245 3 6 0 0 8.3385 0.5 2.10337901115 0.207863613158 1 Clara  685.6856479620001 0.063 0.388579390191 1.395515398 1 1 1 0.33 0
246 4 6 0 1 9.81 0.5 1.85424184799 0.16268590925 1 Clara  688.9124715370003 0.063 0.547504243856 1.19155593874 1 1 1 0.33 1
247 4 6 0 0 12.753 0.5 1.70832490921 0.286268221387 1 Clara  691.8622028180002 0.063 0.268055773923 0.922056687823 1 1 1 0.33 0
248 4 4.5 0 1 11.2815 0.5 1.45007777214 0.165951085179 1 Clara  694.6956967030001 0.063 0.383788258766 0.784126686962 1 1 1 0.33 1
249 4 4.5 0 0 9.81 0.5 1.51838207245 0.118928109907 1 Clara  697.270815157 0.063 0.256311829013 0.899453962542 1 1 1 0.33 0
250 3 4.5 0 1 6.867 0.5 1.78836488724 0.0140340124184 1 Clara  699.9196966310001 0.063 0.601080759966 1.27433087482 1 1 1 0.33 1
251 3 6 0 1 12.753 0.5 1.71599197388 0.293935286054 1 Clara  702.8100587040003 0.063 0.425178896872 0.922056687823 1 1 1 0.33 1
252 4 4.5 0 1 8.3385 0.5 1.62516689301 0.0706046639506 1 Clara  705.6268202760002 0.063 0.491072068127 1.05456222905 1 1 1 0.33 1
253 4 6 0 0 6.867 0.5 2.35100388527 0.167246897694 1 Clara  708.3549584050002 0.063 0.44871491537 1.68375698758 1 1 1 0.33 0
254 4 6 0 1 6.867 0.5 2.17311000824 -0.0106469793358 1 Clara  711.8090295900001 0.063 0.806346864749 1.68375698758 1 1 1 0.33 1
255 3 6 0 0 12.753 0.5 1.6001200676 0.178063379774 1 Clara  715.0733266860002 0.063 0.272533602886 0.922056687823 1 1 1 0.33 0
256 4 4.5 0 0 6.867 0.5 1.98324084282 0.208909968 1 Clara  717.798492811 0.063 0.35058575816 1.27433087482 1 1 1 0.33 0
257 3 6 0 0 11.2815 0.5 1.81560707092 0.275985181305 1 Clara  720.9076756590002 0.063 0.267796980441 1.03962188962 1 1 1 0.33 0
258 4 4.5 0 1 9.81 0.5 1.37139081955 -0.0280631429922 1 Clara  723.8443906920002 0.063 0.435313850782 0.899453962542 1 1 1 0.33 1
259 4 4.5 0 0 12.753 0.5 1.38879609108 0.193781353952 1 Clara  726.3333893710001 0.063 0.176618564937 0.695014737127 1 1 1 0.33 0
260 3 4.5 0 0 12.753 0.5 1.30065512657 0.105640389444 1 Clara  728.817135924 0.063 0.204172488 0.695014737127 1 1 1 0.33 0
261 3 4.5 0 1 12.753 0.5 1.29182887077 0.0968141336459 1 Clara  731.2135741669999 0.063 0.324260454285 0.695014737127 1 1 1 0.33 1
262 3 6 0 1 8.3385 0.5 1.85342693329 -0.0420884647075 1 Clara  733.6375517609999 0.063 0.64845983738 1.395515398 1 1 1 0.33 1
263 3 6 0 1 6.867 0.5 2.32570719719 0.141950209614 1 Clara  736.596119111 0.063 0.833533844087 1.68375698758 1 1 1 0.33 1
264 4 6 0 0 9.81 0.5 1.79986715317 0.108311214426 1 Clara  740.0310006770001 0.063 0.309084537526 1.19155593874 1 1 1 0.33 0
265 3 6 0 1 9.81 0.5 1.80470705032 0.113151111582 1 Clara  742.9430260060003 0.063 0.578550649338 1.19155593874 1 1 1 0.33 1
266 4 4.5 0 0 11.2815 0.5 1.34023094177 0.0561042548107 1 Clara  745.8443632520002 0.063 0.203304820966 0.784126686962 1 1 1 0.33 0
267 4 4.5 0 1 12.753 0.5 1.2661550045 0.0711402673739 1 Clara  748.2599969390003 0.063 0.330527473642 0.695014737127 1 1 1 0.33 1
268 3 6 0 0 6.867 0.5 2.21865081787 0.0348938302956 1 Clara  750.635289849 0.063 0.44216363141 1.68375698758 1 1 1 0.33 0
269 3 4.5 0 1 9.81 0.5 1.56286907196 0.163415109419 1 Clara  753.942201243 0.063 0.42587284616 0.899453962542 1 1 1 0.33 1
270 3 6 0 0 9.81 0.5 1.91251802444 0.220962085703 1 Clara  756.6035218780003 0.063 0.32879355912 1.19155593874 1 1 1 0.33 0
271 4 6 0 0 8.3385 0.5 1.92500185966 0.0294864616689 1 Clara  759.6423828740003 0.063 0.389352527519 1.395515398 1 1 1 0.33 0
272 4 6 0 1 8.3385 0.5 1.96217513084 0.0666597328481 1 Clara  762.6763039430002 0.063 0.683990102467 1.395515398 1 1 1 0.33 1
273 3 4.5 0 1 8.3385 0.5 1.62733221054 0.072769981486 1 Clara  765.765408489 0.063 0.486115884406 1.05456222905 1 1 1 0.33 1
274 4 6 0 0 11.2815 0.5 1.62686920166 0.0872473120419 1 Clara  768.506826629 0.063 0.287221539015 1.03962188962 1 1 1 0.33 0
275 4 6 0 1 12.753 0.5 1.58170986176 0.159653173933 1 Clara  771.2479140580003 0.063 0.422290164245 0.922056687823 1 1 1 0.33 1
276 3 6 0 1 11.2815 0.5 1.76455187798 0.224929988357 1 Clara  773.97102344 0.063 0.47258705775 1.03962188962 1 1 1 0.33 1
277 4 4.5 0 0 8.3385 0.5 1.71922183037 0.164659601313 1 Clara  776.819039725 0.063 0.281076885301 1.05456222905 1 1 1 0.33 0
278 4 4.5 0 1 6.867 0.5 1.71375799179 -0.0605728830284 1 Clara  779.6650945490001 0.063 0.584515197042 1.27433087482 1 1 1 0.33 1
279 3 4.5 0 0 9.81 0.5 1.59607005119 0.196616088651 1 Clara  782.4758969449999 0.063 0.246584979646 0.899453962542 1 1 1 0.33 0
280 3 6 0 1 9.81 0.5 1.77269101143 0.0811350726869 1 Clara  785.1671821939999 0.063 0.558329330417 1.19155593874 1 1 1 0.33 1
281 4 4.5 0 1 8.3385 0.5 1.74128699303 0.186724763972 1 Clara  788.0660362680001 0.063 0.481843235659 1.05456222905 1 1 1 0.33 1
282 3 4.5 0 0 6.867 0.5 1.97951698303 0.205186108213 1 Clara  790.9364730940001 0.063 0.378097280229 1.27433087482 1 1 1 0.33 0
283 3 4.5 0 0 9.81 0.5 1.69111394882 0.29165998628 1 Clara  794.0147675630001 0.063 0.261983149302 0.899453962542 1 1 1 0.33 0
284 4 4.5 0 1 11.2815 0.5 1.53520917892 0.251082491963 1 Clara  796.805838188 0.063 0.371318898603 0.784126686962 1 1 1 0.33 1
285 4 6 0 0 8.3385 0.5 2.12271213531 0.227196737319 1 Clara  799.4365660779999 0.063 0.38776539331 1.395515398 1 1 1 0.33 0
286 3 4.5 0 1 11.2815 0.5 1.58471703529 0.300590348332 1 Clara  802.660155006 0.063 0.383393372662 0.784126686962 1 1 1 0.33 1
287 4 4.5 0 0 6.867 0.5 1.92892003059 0.154589155775 1 Clara  805.3628844270002 0.063 0.320013315569 1.27433087482 1 1 1 0.33 0
288 4 4.5 0 0 11.2815 0.5 1.42075300217 0.136626315205 1 Clara  808.4016829430002 0.063 0.203748143472 0.784126686962 1 1 1 0.33 0
289 3 6 0 0 6.867 0.5 2.22770285606 0.0439458684883 1 Clara  810.9446059780003 0.063 0.425999730612 1.68375698758 1 1 1 0.33 0
290 3 6 0 0 9.81 0.5 1.94585514069 0.254299201944 1 Clara  814.2817244460002 0.063 0.353828481803 1.19155593874 1 1 1 0.33 0
291 4 6 0 1 6.867 0.5 2.12984609604 -0.0539108915367 1 Clara  817.32000169 0.063 0.833133899646 1.68375698758 1 1 1 0.33 1
292 4 4.5 0 0 12.753 0.5 1.37186908722 0.176854350092 1 Clara  820.5540019280002 0.063 0.180589478959 0.695014737127 1 1 1 0.33 0
293 3 6 0 1 6.867 0.5 2.11648607254 -0.0672709150353 1 Clara  823.034875798 0.063 0.759669071829 1.68375698758 1 1 1 0.33 1
294 4 4.5 0 0 8.3385 0.5 1.70179390907 0.147231680018 1 Clara  826.2555275680002 0.063 0.307381984087 1.05456222905 1 1 1 0.33 0
295 4 4.5 0 1 6.867 0.5 1.7596051693 -0.0147257055229 1 Clara  829.0478572850002 0.063 0.584924508549 1.27433087482 1 1 1 0.33 1
296 4 6 0 0 11.2815 0.5 1.69339799881 0.153776109192 1 Clara  831.9212745520003 0.063 0.275518615677 1.03962188962 1 1 1 0.33 0
297 4 6 0 1 11.2815 0.5 1.54673504829 0.00711315867584 1 Clara  834.7452065360003 0.063 0.476068888967 1.03962188962 1 1 1 0.33 1
298 4 6 0 0 6.867 0.5 2.30609083176 0.122333844181 1 Clara  837.417900208 0.063 0.442905339522 1.68375698758 1 1 1 0.33 0
299 3 4.5 0 1 9.81 0.5 1.44676589966 0.0473119371164 1 Clara  840.8277101230001 0.063 0.4147837343 0.899453962542 1 1 1 0.33 1
300 4 6 0 1 12.753 0.5 1.56479501724 0.14273832942 1 Clara  843.3834586309999 0.063 0.455995196746 0.922056687823 1 1 1 0.33 1
301 3 6 0 0 12.753 0.5 1.59645199776 0.174395309934 1 Clara  846.0763825090003 0.063 0.234237427922 0.922056687823 1 1 1 0.33 0
302 3 4.5 0 1 12.753 0.5 1.33784890175 0.142834164621 1 Clara  848.7946926260001 0.063 0.323980234988 0.695014737127 1 1 1 0.33 1
303 3 4.5 0 0 11.2815 0.5 1.48372197151 0.19959528455 1 Clara  851.2577969630001 0.063 0.196207654701 0.784126686962 1 1 1 0.33 0
304 4 6 0 0 9.81 0.5 1.95955204964 0.267996110895 1 Clara  853.8220634220002 0.063 0.356934570425 1.19155593874 1 1 1 0.33 0
305 3 6 0 0 11.2815 0.5 1.79339909554 0.253777205917 1 Clara  856.9032402010002 0.063 0.280596285239 1.03962188962 1 1 1 0.33 0
306 3 6 0 1 8.3385 0.5 1.95156311989 0.0560477218922 1 Clara  859.7999979840001 0.063 0.66631148187 1.395515398 1 1 1 0.33 1
307 3 6 0 0 8.3385 0.5 1.92595505714 0.0304396591481 1 Clara  862.8627519080001 0.063 0.375665031971 1.395515398 1 1 1 0.33 0
308 4 4.5 0 1 12.753 0.5 1.30446815491 0.10945341778 1 Clara  865.9177405220003 0.063 0.320719424105 0.695014737127 1 1 1 0.33 1
309 4 4.5 0 0 9.81 0.5 1.50589799881 0.106444036268 1 Clara  868.3168121210001 0.063 0.240586979529 0.899453962542 1 1 1 0.33 0
310 3 4.5 0 1 8.3385 0.5 1.52817392349 -0.0263883055623 1 Clara  870.935984062 0.063 0.517637091499 1.05456222905 1 1 1 0.33 1
311 4 6 0 0 12.753 0.5 1.62099885941 0.198942171583 1 Clara  873.5689355630002 0.063 0.242021046159 0.922056687823 1 1 1 0.33 0
312 3 4.5 0 1 6.867 0.5 1.77435398102 2.31061988998e-05 1 Clara  876.2888101640001 0.063 0.580447193834 1.27433087482 1 1 1 0.33 1
313 4 4.5 0 1 9.81 0.5 1.53682088852 0.137366925977 1 Clara  879.152064372 0.063 0.446206018065 0.899453962542 1 1 1 0.33 1
314 4 6 0 1 8.3385 0.5 1.87637209892 -0.0191432990733 1 Clara  881.786669999 0.063 0.635353291857 1.395515398 1 1 1 0.33 1
315 3 4.5 0 0 8.3385 0.5 1.60818099976 0.0536187707011 1 Clara  884.7634201780002 0.063 0.294661950493 1.05456222905 1 1 1 0.33 0
316 3 6 0 1 11.2815 0.5 1.60382795334 0.0642060637204 1 Clara  887.4982677530002 0.063 0.47886323329 1.03962188962 1 1 1 0.33 1
317 4 6 0 1 9.81 0.5 1.62953495979 -0.0620209789489 1 Clara  890.2014505860002 0.063 0.557404111766 1.19155593874 1 1 1 0.33 1
318 3 4.5 0 0 12.753 0.5 1.321611166 0.126596428873 1 Clara  892.9381531220001 0.063 0.185912261519 0.695014737127 1 1 1 0.33 0
319 3 6 0 1 12.753 0.5 1.40591883659 -0.0161378512292 1 Clara  895.3375202980001 0.063 0.438944818758 0.922056687823 1 1 1 0.33 1
