trial vx vy vz LongOcclusion g timeStill rTime TemporalError environment id pupiltime IOD OccludedTimeOfTrajectory FlightDuration Drag DragFirst block accuracy LongOcclusion
0 4 4.5 0 0 8.3385 0.5 3.7948820591 2.24031983004 1 Marco  2.3443042449998757 0.064 0.274731923347 1.05456222905 1 1 3 0.42 0
1 3 4.5 0 1 12.753 0.5 1.22379207611 0.0287773389834 1 Marco  7.236225548999755 0.064 0.347434104401 0.695014737127 1 1 3 0.42 1
2 4 6 0 0 9.81 0.5 2.12200713158 0.430451192835 1 Marco  9.551125926999703 0.064 0.34243613754 1.19155593874 1 1 3 0.42 0
3 4 4.5 0 0 11.2815 0.5 1.46745991707 0.183333230107 1 Marco  12.772281556000053 0.064 0.221284249063 0.784126686962 1 1 3 0.42 0
4 3 6 0 1 9.81 0.5 2.00601100922 0.314455070474 1 Marco  15.335530715999994 0.064 0.5596497087 1.19155593874 1 1 3 0.42 1
5 4 6 0 0 6.867 0.5 2.61092805862 0.427171071049 1 Marco  18.445121622000443 0.064 0.478303611565 1.68375698758 1 1 3 0.42 0
6 4 6 0 1 12.753 0.5 1.76370787621 0.341651188383 1 Marco  22.172552111000186 0.064 0.42276655218 0.922056687823 1 1 3 0.42 1
7 4 4.5 0 1 8.3385 0.5 2.03486013412 0.48029790507 1 Marco  25.028794234000088 0.064 0.477814937272 1.05456222905 1 1 3 0.42 1
8 4 6 0 0 11.2815 0.5 1.84704995155 0.307428061935 1 Marco  28.15146533100051 0.064 0.285170159842 1.03962188962 1 1 3 0.42 0
9 3 4.5 0 1 9.81 0.5 1.50229692459 0.102842962049 1 Marco  31.104168935000416 0.064 0.429042770973 0.899453962542 1 1 3 0.42 1
10 3 6 0 0 9.81 0.5 1.77099895477 0.079443016031 1 Marco  33.69450581399997 0.064 0.342971460572 1.19155593874 1 1 3 0.42 0
11 3 4.5 0 1 6.867 0.5 1.97577595711 0.201445082288 1 Marco  36.567398817999674 0.064 0.578706412034 1.27433087482 1 1 3 0.42 1
12 3 6 0 0 12.753 0.5 1.6099729538 0.187916265974 1 Marco  39.62736999800018 0.064 0.251796132049 0.922056687823 1 1 3 0.42 0
13 3 4.5 0 0 11.2815 0.5 1.28682589531 0.00269920834773 1 Marco  42.34270123799979 0.064 0.234773329132 0.784126686962 1 1 3 0.42 0
14 4 4.5 0 1 9.81 0.5 1.43236589432 0.0329119317758 1 Marco  44.732688701999905 0.064 0.446246700191 0.899453962542 1 1 3 0.42 1
15 4 6 0 1 6.867 0.5 3.11426305771 0.930506070133 1 Marco  47.267580292000275 0.064 0.816596475246 1.68375698758 1 1 3 0.42 1
16 3 6 0 1 11.2815 0.5 1.94937086105 0.409748971435 1 Marco  51.487767958000404 0.064 0.509320640675 1.03962188962 1 1 3 0.42 1
17 3 4.5 0 1 8.3385 0.5 1.84799718857 0.293434959513 1 Marco  54.53323400200043 0.064 0.505557687428 1.05456222905 1 1 3 0.42 1
18 4 6 0 1 8.3385 0.5 2.49381899834 0.598303600341 1 Marco  57.47945669300043 0.064 0.662706851349 1.395515398 1 1 3 0.42 1
19 4 6 0 1 9.81 0.5 1.97770905495 0.286153116205 1 Marco  61.069655737000176 0.064 0.543198899157 1.19155593874 1 1 3 0.42 1
20 4 4.5 0 1 12.753 0.5 1.43886709213 0.243852355005 1 Marco  64.14544554799977 0.064 0.326796926781 0.695014737127 1 1 3 0.42 1
21 4 4.5 0 0 12.753 0.5 1.28102302551 0.0860082883853 1 Marco  66.69169728799989 0.064 0.180447934913 0.695014737127 1 1 3 0.42 0
22 4 4.5 0 0 6.867 0.5 1.76345086098 -0.010880013842 1 Marco  69.06805851100034 0.064 0.356791219177 1.27433087482 1 1 3 0.42 0
23 3 4.5 0 0 6.867 0.5 1.92742300034 0.153092125517 1 Marco  71.93731110600038 0.064 0.342731791586 1.27433087482 1 1 3 0.42 0
24 3 4.5 0 0 12.753 0.5 1.31765413284 0.122639395716 1 Marco  74.96107821700025 0.064 0.197033108002 0.695014737127 1 1 3 0.42 0
25 3 6 0 1 12.753 0.5 1.8414580822 0.419401394376 1 Marco  77.38182611100001 0.064 0.427903217158 0.922056687823 1 1 3 0.42 1
26 3 6 0 1 8.3385 0.5 2.86382293701 0.968307539016 1 Marco  80.32282926500011 0.064 0.678333722696 1.395515398 1 1 3 0.42 1
27 3 6 0 1 6.867 0.5 3.25576782227 1.07201083469 1 Marco  84.29012729599981 0.064 0.829109369136 1.68375698758 1 1 3 0.42 1
28 3 4.5 0 0 8.3385 0.5 1.9343380928 0.379775863749 1 Marco  88.65041361000021 0.064 0.277217636731 1.05456222905 1 1 3 0.42 0
29 3 6 0 0 6.867 0.5 3.20325899124 1.01950200367 1 Marco  91.66800512600003 0.064 0.502076527801 1.68375698758 1 1 3 0.42 0
30 4 6 0 0 8.3385 0.5 2.93084096909 1.03532557109 1 Marco  95.97339107600055 0.064 0.389519516908 1.395515398 1 1 3 0.42 0
31 4 6 0 0 12.753 0.5 1.86858415604 0.446527468214 1 Marco  100.02017367999997 0.064 0.274078811277 0.922056687823 1 1 3 0.42 0
32 4 4.5 0 0 9.81 0.5 2.02037286758 0.620918905042 1 Marco  102.98229159200037 0.064 0.248951578024 0.899453962542 1 1 3 0.42 0
33 3 4.5 0 0 9.81 0.5 2.01363301277 0.61417905023 1 Marco  106.0920050499999 0.064 0.266246377052 0.899453962542 1 1 3 0.42 0
34 3 4.5 0 1 11.2815 0.5 1.77979683876 0.495670151799 1 Marco  109.2083617569997 0.064 0.376708936763 0.784126686962 1 1 3 0.42 1
35 4 6 0 1 11.2815 0.5 2.56872200966 1.02910012004 1 Marco  112.07353545099977 0.064 0.504771733617 1.03962188962 1 1 3 0.42 1
36 4 4.5 0 1 11.2815 0.5 1.6167550087 0.332628321736 1 Marco  115.73500350100039 0.064 0.365666741339 0.784126686962 1 1 3 0.42 1
37 3 6 0 0 11.2815 0.5 1.90980100632 0.370179116699 1 Marco  118.45793874799983 0.064 0.280707795215 1.03962188962 1 1 3 0.42 0
38 3 6 0 0 8.3385 0.5 2.37887191772 0.483356519729 1 Marco  121.4545573610003 0.064 0.374713699969 1.395515398 1 1 3 0.42 0
39 4 4.5 0 1 6.867 0.5 2.35726690292 0.582936028104 1 Marco  124.92995542300014 0.064 0.601377220912 1.27433087482 1 1 3 0.42 1
40 3 6 0 0 12.753 0.5 1.86193585396 0.439879166135 1 Marco  128.37438903400016 0.064 0.266786361395 0.922056687823 1 1 3 0.42 0
41 3 4.5 0 0 11.2815 0.5 1.47800517082 0.19387848386 1 Marco  131.34570550399985 0.064 0.228467077187 0.784126686962 1 1 3 0.42 0
42 4 6 0 0 8.3385 0.5 2.62490797043 0.729392572432 1 Marco  133.91798593800013 0.064 0.354853572926 1.395515398 1 1 3 0.42 0
43 4 4.5 0 0 12.753 0.5 1.3865480423 0.19153330517 1 Marco  137.64744234499994 0.064 0.173975652106 0.695014737127 1 1 3 0.42 0
44 3 4.5 0 0 9.81 0.5 1.72981381416 0.330359851621 1 Marco  140.14126956900054 0.064 0.2571023096 0.899453962542 1 1 3 0.42 0
45 3 6 0 1 6.867 0.5 2.90026211739 0.71650512981 1 Marco  142.96791169300013 0.064 0.812570790356 1.68375698758 1 1 3 0.42 1
46 3 4.5 0 1 12.753 0.5 1.56259489059 0.367580153467 1 Marco  146.96569964900027 0.064 0.340703930354 0.695014737127 1 1 3 0.42 1
47 4 6 0 0 12.753 0.5 1.75693297386 0.334876286039 1 Marco  149.62234191100015 0.064 0.255560515339 0.922056687823 1 1 3 0.42 0
48 4 6 0 0 11.2815 0.5 2.2411339283 0.701512038681 1 Marco  152.47770588100047 0.064 0.305954135164 1.03962188962 1 1 3 0.42 0
49 4 4.5 0 1 8.3385 0.5 1.94352698326 0.388964754206 1 Marco  155.84179639500053 0.064 0.480319095843 1.05456222905 1 1 3 0.42 1
50 3 6 0 0 11.2815 0.5 2.41161799431 0.87199610469 1 Marco  158.86933331900036 0.064 0.270548924564 1.03962188962 1 1 3 0.42 0
51 4 6 0 1 9.81 0.5 2.37206816673 0.680512227991 1 Marco  162.38225854600023 0.064 0.561432943687 1.19155593874 1 1 3 0.42 1
52 3 6 0 1 8.3385 0.5 2.11772608757 0.222210689574 1 Marco  165.8522819640002 0.064 0.695748123515 1.395515398 1 1 3 0.42 1
53 4 4.5 0 0 9.81 0.5 1.70569205284 0.306238090299 1 Marco  169.0667179230004 0.064 0.238111596932 0.899453962542 1 1 3 0.42 0
54 3 4.5 0 1 8.3385 0.5 2.04645299911 0.49189077006 1 Marco  171.86809619999985 0.064 0.518014620657 1.05456222905 1 1 3 0.42 1
55 3 6 0 1 12.753 0.5 2.17038393021 0.748327242383 1 Marco  175.0290607830002 0.064 0.420137871773 0.922056687823 1 1 3 0.42 1
56 4 6 0 1 8.3385 0.5 2.64398312569 0.748467727691 1 Marco  178.30451983400053 0.064 0.688187631028 1.395515398 1 1 3 0.42 1
57 4 6 0 1 6.867 0.5 2.91774106026 0.733984072681 1 Marco  182.0489135300004 0.064 0.829115352397 1.68375698758 1 1 3 0.42 1
58 3 4.5 0 0 6.867 0.5 2.215914011 0.441583136182 1 Marco  186.0573933860005 0.064 0.320801605542 1.27433087482 1 1 3 0.42 0
59 3 6 0 0 9.81 0.5 2.07163906097 0.380083122232 1 Marco  189.3777199369997 0.064 0.310339542451 1.19155593874 1 1 3 0.42 0
60 3 4.5 0 1 11.2815 0.5 1.77837204933 0.49424536237 1 Marco  192.53583686599995 0.064 0.388081242838 0.784126686962 1 1 3 0.42 1
61 4 6 0 1 12.753 0.5 2.41974210739 0.997685419569 1 Marco  195.42696210899976 0.064 0.43025653954 0.922056687823 1 1 3 0.42 1
62 4 4.5 0 1 11.2815 0.5 1.44944000244 0.16531331548 1 Marco  198.9544606620002 0.064 0.368348063682 0.784126686962 1 1 3 0.42 1
63 3 6 0 0 6.867 0.5 2.98868393898 0.804926951405 1 Marco  201.49853951800014 0.064 0.453877997287 1.68375698758 1 1 3 0.42 0
64 3 6 0 0 8.3385 0.5 2.87823295593 0.982717557937 1 Marco  205.5901015649997 0.064 0.352545176944 1.395515398 1 1 3 0.42 0
65 4 4.5 0 0 8.3385 0.5 2.08092594147 0.526363712413 1 Marco  209.55584895999982 0.064 0.263758636168 1.05456222905 1 1 3 0.42 0
66 3 4.5 0 0 12.753 0.5 1.56034994125 0.365335204126 1 Marco  212.71718822599996 0.064 0.181912555806 0.695014737127 1 1 3 0.42 0
67 4 4.5 0 1 12.753 0.5 1.34169816971 0.146683432581 1 Marco  215.37453023499984 0.064 0.317065115291 0.695014737127 1 1 3 0.42 1
68 4 6 0 0 9.81 0.5 2.09808397293 0.406528034189 1 Marco  217.81911289399977 0.064 0.35088863617 1.19155593874 1 1 3 0.42 0
69 3 6 0 1 11.2815 0.5 2.15217614174 0.612554252121 1 Marco  221.0126413099997 0.064 0.474894926282 1.03962188962 1 1 3 0.42 1
70 4 4.5 0 0 11.2815 0.5 1.5463681221 0.262241435139 1 Marco  224.26199554200048 0.064 0.201338210089 0.784126686962 1 1 3 0.42 0
71 4 4.5 0 1 6.867 0.5 2.33414816856 0.559817293745 1 Marco  226.9142869919997 0.064 0.613542479088 1.27433087482 1 1 3 0.42 1
72 4 6 0 0 6.867 0.5 3.02556014061 0.841803153034 1 Marco  230.34784556199975 0.064 0.461866162082 1.68375698758 1 1 3 0.42 0
73 3 4.5 0 0 8.3385 0.5 2.02203178406 0.467469555003 1 Marco  234.46740158100056 0.064 0.285821490409 1.05456222905 1 1 3 0.42 0
74 3 4.5 0 1 9.81 0.5 1.77020907402 0.370755111479 1 Marco  237.606379414 0.064 0.415002910266 0.899453962542 1 1 3 0.42 1
75 4 4.5 0 0 6.867 0.5 2.2581140995 0.483783224683 1 Marco  240.4867368690002 0.064 0.335379512594 1.27433087482 1 1 3 0.42 0
76 3 4.5 0 1 6.867 0.5 2.27827906609 0.503948191267 1 Marco  243.84052335700017 0.064 0.622389862204 1.27433087482 1 1 3 0.42 1
77 3 6 0 1 9.81 0.5 2.7864511013 1.09489516256 1 Marco  247.22027015000003 0.064 0.583070037358 1.19155593874 1 1 3 0.42 1
78 4 4.5 0 1 9.81 0.5 2.00312805176 0.603674089216 1 Marco  251.1026601020003 0.064 0.405370992248 0.899453962542 1 1 3 0.42 1
79 4 6 0 1 11.2815 0.5 2.19276714325 0.653145253631 1 Marco  254.1916648690003 0.064 0.469149148491 1.03962188962 1 1 3 0.42 1
80 3 6 0 0 9.81 0.5 2.29419183731 0.602635898569 1 Marco  257.48191748499994 0.064 0.345668471925 1.19155593874 1 1 3 0.42 0
81 3 4.5 0 0 8.3385 0.5 2.02821993828 0.473657709223 1 Marco  260.8800025620003 0.064 0.296133711408 1.05456222905 1 1 3 0.42 0
82 4 4.5 0 1 11.2815 0.5 1.59563398361 0.31150729665 1 Marco  264.0070544330001 0.064 0.375575643462 0.784126686962 1 1 3 0.42 1
83 4 6 0 1 11.2815 0.5 2.1264629364 0.586841046783 1 Marco  266.7017371720003 0.064 0.473145547417 1.03962188962 1 1 3 0.42 1
84 4 4.5 0 1 9.81 0.5 1.72161102295 0.322157060407 1 Marco  269.9285569450003 0.064 0.416720559012 0.899453962542 1 1 3 0.42 1
85 3 6 0 1 8.3385 0.5 2.2476041317 0.352088733703 1 Marco  272.7563537900005 0.064 0.632911827434 1.395515398 1 1 3 0.42 1
86 3 4.5 0 1 8.3385 0.5 1.8053920269 0.250829797846 1 Marco  276.1059075339999 0.064 0.474994849309 1.05456222905 1 1 3 0.42 1
87 3 6 0 0 6.867 0.5 2.92507386208 0.7413168745 1 Marco  279.00157515699993 0.064 0.475398917216 1.68375698758 1 1 3 0.42 0
88 3 6 0 0 12.753 0.5 1.84671592712 0.424659239301 1 Marco  283.01586278500054 0.064 0.270667945913 0.922056687823 1 1 3 0.42 0
89 3 4.5 0 1 6.867 0.5 2.01547598839 0.241145113569 1 Marco  285.979461332 0.064 0.635974543543 1.27433087482 1 1 3 0.42 1
90 4 6 0 0 6.867 0.5 2.56439304352 0.380636055943 1 Marco  289.09309228799975 0.064 0.459339491983 1.68375698758 1 1 3 0.42 0
91 3 6 0 1 9.81 0.5 2.28755712509 0.59600118635 1 Marco  292.754800744 0.064 0.581749144271 1.19155593874 1 1 3 0.42 1
92 3 4.5 0 1 12.753 0.5 1.57387495041 0.378860213282 1 Marco  296.14609945600023 0.064 0.341797821696 0.695014737127 1 1 3 0.42 1
93 3 6 0 1 12.753 0.5 1.82943606377 0.407379375944 1 Marco  298.81453822799995 0.064 0.42162281221 0.922056687823 1 1 3 0.42 1
94 3 6 0 1 6.867 0.5 2.9109711647 0.727214177128 1 Marco  301.7580739739997 0.064 0.833080925627 1.68375698758 1 1 3 0.42 1
95 3 4.5 0 0 12.753 0.5 1.47904109955 0.284026362421 1 Marco  305.77657312300016 0.064 0.189548461432 0.695014737127 1 1 3 0.42 0
96 3 6 0 1 11.2815 0.5 2.09064698219 0.551025092575 1 Marco  308.35678191900024 0.064 0.483210228955 1.03962188962 1 1 3 0.42 1
97 4 6 0 0 8.3385 0.5 2.58284378052 0.687328382522 1 Marco  311.5424577450003 0.064 0.4001935903 1.395515398 1 1 3 0.42 0
98 4 6 0 1 8.3385 0.5 2.74257397652 0.847058578521 1 Marco  315.22393216900036 0.064 0.687161537366 1.395515398 1 1 3 0.42 1
99 4 6 0 0 9.81 0.5 2.33116698265 0.639611043909 1 Marco  319.0693829439997 0.064 0.343015723157 1.19155593874 1 1 3 0.42 0
100 4 6 0 1 9.81 0.5 2.39209198952 0.700536050775 1 Marco  322.49719516799996 0.064 0.552132591664 1.19155593874 1 1 3 0.42 1
101 3 4.5 0 0 9.81 0.5 2.35894083977 0.959486877226 1 Marco  325.98711349400037 0.064 0.229425143583 0.899453962542 1 1 3 0.42 0
102 4 6 0 1 6.867 0.5 3.03807687759 0.854319890018 1 Marco  329.43497101400044 0.064 0.75938479159 1.68375698758 1 1 3 0.42 1
103 4 4.5 0 0 11.2815 0.5 1.37642717361 0.0923004866528 1 Marco  333.57012944100006 0.064 0.22424460618 0.784126686962 1 1 3 0.42 0
104 4 6 0 1 12.753 0.5 2.21366214752 0.791605459699 1 Marco  336.04981849199976 0.064 0.431227744289 0.922056687823 1 1 3 0.42 1
105 4 6 0 0 12.753 0.5 1.9951839447 0.573127256879 1 Marco  339.36242861699975 0.064 0.233831155699 0.922056687823 1 1 3 0.42 0
106 3 4.5 0 1 9.81 0.5 2.04128599167 0.641832029127 1 Marco  342.45623513900046 0.064 0.440812952194 0.899453962542 1 1 3 0.42 1
107 3 6 0 0 11.2815 0.5 2.07032084465 0.530698955032 1 Marco  345.60123584099983 0.064 0.263893050818 1.03962188962 1 1 3 0.42 0
108 4 4.5 0 0 9.81 0.5 1.81350302696 0.41404906442 1 Marco  348.77402525100024 0.064 0.254970166948 0.899453962542 1 1 3 0.42 0
109 3 4.5 0 0 11.2815 0.5 1.6595261097 0.375399422734 1 Marco  351.6869704640003 0.064 0.205591718421 0.784126686962 1 1 3 0.42 0
110 4 4.5 0 1 8.3385 0.5 1.52537798882 -0.0291842402395 1 Marco  354.431119758 0.064 0.498206037294 1.05456222905 1 1 3 0.42 1
111 4 4.5 0 1 12.753 0.5 1.68568778038 0.490673043253 1 Marco  357.05062523200013 0.064 0.332870535447 0.695014737127 1 1 3 0.42 1
112 4 4.5 0 1 6.867 0.5 2.53399682045 0.759665945631 1 Marco  359.8358823139997 0.064 0.61937189258 1.27433087482 1 1 3 0.42 1
113 3 4.5 0 1 11.2815 0.5 1.69985795021 0.415731263249 1 Marco  363.4613258569998 0.064 0.382218659582 0.784126686962 1 1 3 0.42 1
114 3 6 0 0 8.3385 0.5 2.43157196045 0.536056562453 1 Marco  366.2581012390001 0.064 0.364299208267 1.395515398 1 1 3 0.42 0
115 4 4.5 0 0 12.753 0.5 1.42982006073 0.234805323603 1 Marco  369.78578139300043 0.064 0.207542150149 0.695014737127 1 1 3 0.42 0
116 4 4.5 0 0 8.3385 0.5 1.65759897232 0.103036743266 1 Marco  372.3019065159997 0.064 0.303958412283 1.05456222905 1 1 3 0.42 0
117 4 4.5 0 0 6.867 0.5 2.33104300499 0.55671213017 1 Marco  375.0540443830005 0.064 0.36958507142 1.27433087482 1 1 3 0.42 0
118 4 6 0 0 11.2815 0.5 2.11076402664 0.571142137024 1 Marco  378.4861611289998 0.064 0.282227657634 1.03962188962 1 1 3 0.42 0
119 3 4.5 0 0 6.867 0.5 2.18834710121 0.414016226392 1 Marco  381.688572516 0.064 0.331776867478 1.27433087482 1 1 3 0.42 0
120 3 6 0 0 12.753 0.5 2.08357691765 0.661520229826 1 Marco  384.9730538539998 0.064 0.257271579044 0.922056687823 1 1 3 0.42 0
121 4 4.5 0 1 9.81 0.5 1.97863411903 0.579180156492 1 Marco  388.1621644930001 0.064 0.413496054001 0.899453962542 1 1 3 0.42 1
122 4 6 0 1 12.753 0.5 2.31339406967 0.891337381849 1 Marco  391.2355685780003 0.064 0.424338232226 0.922056687823 1 1 3 0.42 1
123 3 6 0 1 8.3385 0.5 2.98836994171 1.09285454372 1 Marco  394.6637889450003 0.064 0.637838739821 1.395515398 1 1 3 0.42 1
124 4 4.5 0 1 11.2815 0.5 1.68172097206 0.397594285099 1 Marco  398.73391512499984 0.064 0.38062986441 0.784126686962 1 1 3 0.42 1
125 4 4.5 0 1 12.753 0.5 1.36806488037 0.173050143244 1 Marco  401.5074535189997 0.064 0.332640643549 0.695014737127 1 1 3 0.42 1
126 4 4.5 0 0 8.3385 0.5 2.0462448597 0.491682630641 1 Marco  403.97420384900033 0.064 0.283002998355 1.05456222905 1 1 3 0.42 0
127 4 6 0 1 11.2815 0.5 1.97875595093 0.43913406131 1 Marco  407.1076644630002 0.064 0.514495230029 1.03962188962 1 1 3 0.42 1
128 3 4.5 0 1 9.81 0.5 1.80012106895 0.400667106413 1 Marco  410.1867760690002 0.064 0.409974516833 0.899453962542 1 1 3 0.42 1
129 4 6 0 0 9.81 0.5 2.0900888443 0.398532905557 1 Marco  413.09082206699986 0.064 0.300400617301 1.19155593874 1 1 3 0.42 0
130 4 4.5 0 0 6.867 0.5 2.31388688087 0.539556006055 1 Marco  416.2809966370005 0.064 0.319264591785 1.27433087482 1 1 3 0.42 0
131 3 6 0 1 6.867 0.5 2.90462112427 0.720864136692 1 Marco  419.69380371700026 0.064 0.835826426059 1.68375698758 1 1 3 0.42 1
132 3 6 0 0 6.867 0.5 2.63872909546 0.454972107883 1 Marco  423.69097291599974 0.064 0.480695318474 1.68375698758 1 1 3 0.42 0
133 4 4.5 0 0 12.753 0.5 1.43389296532 0.238878228189 1 Marco  427.43299432799995 0.064 0.191589221248 0.695014737127 1 1 3 0.42 0
134 4 6 0 1 8.3385 0.5 2.37298488617 0.477469488173 1 Marco  429.9628932650003 0.064 0.653283196291 1.395515398 1 1 3 0.42 1
135 3 6 0 1 11.2815 0.5 2.16343808174 0.623816192123 1 Marco  433.4379410370002 0.064 0.4942361461 1.03962188962 1 1 3 0.42 1
136 4 4.5 0 1 8.3385 0.5 1.84159111977 0.287028890711 1 Marco  436.7091088469997 0.064 0.497379740353 1.05456222905 1 1 3 0.42 1
137 4 4.5 0 0 9.81 0.5 1.5736310482 0.174177085661 1 Marco  439.664100555 0.064 0.241427298808 0.899453962542 1 1 3 0.42 0
138 3 6 0 0 9.81 0.5 1.75184297562 0.0602870368745 1 Marco  442.3357572570003 0.064 0.306680455596 1.19155593874 1 1 3 0.42 0
139 4 6 0 0 12.753 0.5 1.95319199562 0.531135307798 1 Marco  445.2034772799998 0.064 0.236631974103 0.922056687823 1 1 3 0.42 0
140 4 6 0 1 6.867 0.5 2.78770399094 0.603947003361 1 Marco  448.2461978020001 0.064 0.82185250141 1.68375698758 1 1 3 0.42 1
141 4 6 0 0 6.867 0.5 2.73237705231 0.548620064732 1 Marco  452.1358699350003 0.064 0.488942964381 1.68375698758 1 1 3 0.42 0
142 3 4.5 0 1 6.867 0.5 2.36517310143 0.590842226606 1 Marco  455.9724668879999 0.064 0.636799537681 1.27433087482 1 1 3 0.42 1
143 3 4.5 0 0 8.3385 0.5 2.35271906853 0.798156839472 1 Marco  459.4248389209997 0.064 0.272029648647 1.05456222905 1 1 3 0.42 0
144 4 6 0 0 11.2815 0.5 2.11904406548 0.579422175857 1 Marco  462.8728472800003 0.064 0.308144688333 1.03962188962 1 1 3 0.42 0
145 3 4.5 0 0 11.2815 0.5 1.41998100281 0.135854315846 1 Marco  466.0991817140002 0.064 0.228279309856 0.784126686962 1 1 3 0.42 0
146 3 4.5 0 1 8.3385 0.5 1.97922992706 0.424667698008 1 Marco  468.61279762200047 0.064 0.498694887512 1.05456222905 1 1 3 0.42 1
147 4 6 0 1 9.81 0.5 2.32417392731 0.632617988565 1 Marco  471.6814647070005 0.064 0.541964979756 1.19155593874 1 1 3 0.42 1
148 3 4.5 0 0 9.81 0.5 1.3759021759 -0.0235517866385 1 Marco  475.1001617230004 0.064 0.266814781985 0.899453962542 1 1 3 0.42 0
149 4 6 0 0 8.3385 0.5 1.88885879517 -0.00665660283005 1 Marco  477.5937398140004 0.064 0.369032743244 1.395515398 1 1 3 0.42 0
150 4 4.5 0 0 11.2815 0.5 1.44831609726 0.164189410298 1 Marco  480.57573090000005 0.064 0.197423153546 0.784126686962 1 1 3 0.42 0
151 3 6 0 0 11.2815 0.5 1.97367286682 0.434050977203 1 Marco  483.12675796500025 0.064 0.303963500042 1.03962188962 1 1 3 0.42 0
152 3 6 0 0 8.3385 0.5 2.00009202957 0.104576631575 1 Marco  486.2114580389998 0.064 0.40421936415 1.395515398 1 1 3 0.42 0
153 3 6 0 1 9.81 0.5 2.3174829483 0.625927009561 1 Marco  489.3236836040005 0.064 0.588249913069 1.19155593874 1 1 3 0.42 1
154 3 6 0 1 12.753 0.5 2.08847999573 0.666423307905 1 Marco  492.741952802 0.064 0.418416491855 0.922056687823 1 1 3 0.42 1
155 3 4.5 0 0 12.753 0.5 1.62731599808 0.43230126095 1 Marco  495.9266144809999 0.064 0.205692044304 0.695014737127 1 1 3 0.42 0
156 3 4.5 0 0 6.867 0.5 2.39830207825 0.623971203428 1 Marco  498.65264553199995 0.064 0.344980420881 1.27433087482 1 1 3 0.42 0
157 4 4.5 0 1 6.867 0.5 2.75434398651 0.980013111692 1 Marco  502.1348139009997 0.064 0.602885567424 1.27433087482 1 1 3 0.42 1
158 3 4.5 0 1 12.753 0.5 1.76338410378 0.568369366648 1 Marco  505.9903605119998 0.064 0.332657115152 0.695014737127 1 1 3 0.42 1
159 3 4.5 0 1 11.2815 0.5 1.75785899162 0.473732304661 1 Marco  508.8516565099999 0.064 0.362555169713 0.784126686962 1 1 3 0.42 1
160 4 4.5 0 0 11.2815 0.5 1.47473192215 0.190605235188 1 Marco  511.710108149 0.064 0.204113972583 0.784126686962 1 1 3 0.42 0
161 4 4.5 0 0 8.3385 0.5 2.5107319355 0.956169706446 1 Marco  514.2865227800003 0.064 0.307973102836 1.05456222905 1 1 3 0.42 0
162 3 4.5 0 0 12.753 0.5 1.42756104469 0.232546307566 1 Marco  517.8951982070002 0.064 0.186475541561 0.695014737127 1 1 3 0.42 0
163 4 4.5 0 0 12.753 0.5 1.46948099136 0.274466254236 1 Marco  520.4183108739999 0.064 0.187189708968 0.695014737127 1 1 3 0.42 0
164 3 6 0 0 8.3385 0.5 2.51452994347 0.61901454547 1 Marco  522.9768366440003 0.064 0.413906349279 1.395515398 1 1 3 0.42 0
165 4 4.5 0 1 12.753 0.5 1.66817998886 0.473165251734 1 Marco  526.5825541710001 0.064 0.31310540544 0.695014737127 1 1 3 0.42 1
166 4 6 0 1 9.81 0.5 2.90731501579 1.21575907705 1 Marco  529.3393591399999 0.064 0.544930212445 1.19155593874 1 1 3 0.42 1
167 4 6 0 0 11.2815 0.5 2.7665951252 1.22697323558 1 Marco  533.3319843529998 0.064 0.271970072693 1.03962188962 1 1 3 0.42 0
168 3 4.5 0 1 6.867 0.5 2.78456902504 1.01023815022 1 Marco  537.1932318730005 0.064 0.622632947482 1.27433087482 1 1 3 0.42 1
169 3 4.5 0 0 9.81 0.5 1.97953486443 0.580080901884 1 Marco  541.0716926289997 0.064 0.241679668731 0.899453962542 1 1 3 0.42 0
170 4 6 0 0 8.3385 0.5 2.50694394112 0.61142854312 1 Marco  544.1379899490003 0.064 0.369076194067 1.395515398 1 1 3 0.42 0
171 3 6 0 0 12.753 0.5 1.83470797539 0.412651287565 1 Marco  547.7409066159998 0.064 0.231129531439 0.922056687823 1 1 3 0.42 0
172 3 4.5 0 1 11.2815 0.5 1.62596106529 0.341834378331 1 Marco  550.6671235180002 0.064 0.391850692899 0.784126686962 1 1 3 0.42 1
173 4 4.5 0 1 9.81 0.5 2.10007405281 0.700620090269 1 Marco  553.4019657819999 0.064 0.42726805728 0.899453962542 1 1 3 0.42 1
174 4 4.5 0 1 8.3385 0.5 2.77570295334 1.22114072428 1 Marco  556.598529762 0.064 0.498411800151 1.05456222905 1 1 3 0.42 1
175 4 4.5 0 0 6.867 0.5 2.49660587311 0.722274998289 1 Marco  560.4650246669999 0.064 0.331689112636 1.27433087482 1 1 3 0.42 0
176 3 6 0 0 9.81 0.5 2.50544190407 0.813885965326 1 Marco  564.076462346 0.064 0.33958830447 1.19155593874 1 1 3 0.42 0
177 3 4.5 0 0 6.867 0.5 2.4892179966 0.714887121778 1 Marco  567.6983997480002 0.064 0.364100075672 1.27433087482 1 1 3 0.42 0
178 4 4.5 0 1 11.2815 0.5 1.96308588982 0.678959202855 1 Marco  571.2867979110006 0.064 0.354778851997 0.784126686962 1 1 3 0.42 1
179 4 6 0 1 6.867 0.5 2.9287788868 0.74502189922 1 Marco  574.3417125269998 0.064 0.805412589582 1.68375698758 1 1 3 0.42 1
180 3 6 0 0 6.867 0.5 2.62886500359 0.44510801601 1 Marco  578.3686726850001 0.064 0.466854742617 1.68375698758 1 1 3 0.42 0
181 3 6 0 1 8.3385 0.5 1.72917294502 -0.166342452973 1 Marco  582.1102760120002 0.064 0.668955627036 1.395515398 1 1 3 0.42 1
182 3 4.5 0 0 11.2815 0.5 1.77310299873 0.488976311772 1 Marco  584.9310442820006 0.064 0.233702656402 0.784126686962 1 1 3 0.42 0
183 4 6 0 0 6.867 0.5 3.17125892639 0.987501938816 1 Marco  587.7896400540003 0.064 0.423417318359 1.68375698758 1 1 3 0.42 0
184 4 6 0 1 12.753 0.5 2.01500892639 0.592952238569 1 Marco  592.0515089139999 0.064 0.441866905614 0.922056687823 1 1 3 0.42 1
185 3 4.5 0 1 8.3385 0.5 2.28870582581 0.734143596751 1 Marco  595.1613720249998 0.064 0.506486228543 1.05456222905 1 1 3 0.42 1
186 4 6 0 0 12.753 0.5 2.33761906624 0.915562378416 1 Marco  598.5423505070003 0.064 0.256595711928 0.922056687823 1 1 3 0.42 0
187 3 6 0 1 9.81 0.5 2.68709993362 0.995543994882 1 Marco  601.9692891430004 0.064 0.540730649427 1.19155593874 1 1 3 0.42 1
188 4 6 0 0 9.81 0.5 2.64006900787 0.948513069132 1 Marco  605.7626615890003 0.064 0.299298453368 1.19155593874 1 1 3 0.42 0
189 3 4.5 0 1 9.81 0.5 2.07955098152 0.68009701898 1 Marco  609.501957421 0.064 0.429878565879 0.899453962542 1 1 3 0.42 1
190 3 6 0 1 6.867 0.5 3.49775409698 1.31399710941 1 Marco  612.6778369530002 0.064 0.832102486109 1.68375698758 1 1 3 0.42 1
191 4 4.5 0 0 9.81 0.5 1.87777113914 0.478317176603 1 Marco  617.2814774640001 0.064 0.254313423041 0.899453962542 1 1 3 0.42 0
192 4 6 0 1 11.2815 0.5 2.97019910812 1.43057721851 1 Marco  620.2463883999999 0.064 0.5017242486 1.03962188962 1 1 3 0.42 1
193 3 4.5 0 1 12.753 0.5 1.70690011978 0.511885382654 1 Marco  624.312676943 0.064 0.338883692602 0.695014737127 1 1 3 0.42 1
194 3 6 0 1 12.753 0.5 1.94878005981 0.526723371992 1 Marco  627.124698226 0.064 0.437821361113 0.922056687823 1 1 3 0.42 1
195 3 6 0 0 11.2815 0.5 2.52537202835 0.985750138733 1 Marco  630.1795317960004 0.064 0.300599947781 1.03962188962 1 1 3 0.42 0
196 4 6 0 1 8.3385 0.5 2.96397805214 1.06846265414 1 Marco  633.7970509730003 0.064 0.646145169447 1.395515398 1 1 3 0.42 1
197 3 6 0 1 11.2815 0.5 2.6683139801 1.12869209048 1 Marco  637.865164582 0.064 0.500463105534 1.03962188962 1 1 3 0.42 1
198 4 4.5 0 1 6.867 0.5 2.62909197807 0.854761103254 1 Marco  641.6446233249999 0.064 0.613049102841 1.27433087482 1 1 3 0.42 1
199 3 4.5 0 0 8.3385 0.5 2.23310804367 0.678545814616 1 Marco  645.3504547829998 0.064 0.296816140637 1.05456222905 1 1 3 0.42 0
200 4 4.5 0 0 12.753 0.5 1.72903895378 0.534024216654 1 Marco  648.6839217300003 0.064 0.192735753941 0.695014737127 1 1 3 0.42 0
201 4 6 0 0 11.2815 0.5 1.8147289753 0.275107085678 1 Marco  651.5112088160004 0.064 0.26704222115 1.03962188962 1 1 3 0.42 0
202 4 6 0 1 8.3385 0.5 2.8403570652 0.944841667205 1 Marco  654.4211086670002 0.064 0.693259694131 1.395515398 1 1 3 0.42 1
203 4 6 0 1 11.2815 0.5 2.28154683113 0.741924941513 1 Marco  658.3669418489999 0.064 0.510836292096 1.03962188962 1 1 3 0.42 1
204 3 4.5 0 0 11.2815 0.5 1.57031106949 0.286184382527 1 Marco  661.7531071499998 0.064 0.208348626601 0.784126686962 1 1 3 0.42 0
205 3 6 0 0 12.753 0.5 2.10620808601 0.684151398191 1 Marco  664.4218253340005 0.064 0.233835967695 0.922056687823 1 1 3 0.42 0
206 4 4.5 0 1 11.2815 0.5 2.19108295441 0.906956267445 1 Marco  667.6318034880005 0.064 0.360207573451 0.784126686962 1 1 3 0.42 1
207 4 6 0 1 9.81 0.5 2.32650089264 0.634944953897 1 Marco  670.9234179630002 0.064 0.540650844065 1.19155593874 1 1 3 0.42 1
208 4 4.5 0 1 8.3385 0.5 2.03762984276 0.483067613703 1 Marco  674.3671483549997 0.064 0.506886160601 1.05456222905 1 1 3 0.42 1
209 4 6 0 0 12.753 0.5 1.84981513023 0.427758442411 1 Marco  677.4934341600001 0.064 0.24785493971 0.922056687823 1 1 3 0.42 0
210 3 6 0 0 11.2815 0.5 2.75725507736 1.21763318774 1 Marco  680.4387995890002 0.064 0.302382445557 1.03962188962 1 1 3 0.42 0
211 4 6 0 0 9.81 0.5 2.33031320572 0.638757266977 1 Marco  684.2900019400004 0.064 0.313279693481 1.19155593874 1 1 3 0.42 0
212 4 4.5 0 0 6.867 0.5 1.86824202538 0.0939111505562 1 Marco  687.7283177079998 0.064 0.363674579921 1.27433087482 1 1 3 0.42 0
213 3 6 0 1 6.867 0.5 3.73422789574 1.55047090816 1 Marco  690.7070341850003 0.064 0.794698871288 1.68375698758 1 1 3 0.42 1
214 3 4.5 0 0 12.753 0.5 1.41646099091 0.221446253778 1 Marco  695.550110524 0.064 0.195935323388 0.695014737127 1 1 3 0.42 0
215 3 6 0 0 9.81 0.5 2.51468396187 0.823128023126 1 Marco  698.0645181959999 0.064 0.330282181567 1.19155593874 1 1 3 0.42 0
216 3 6 0 1 12.753 0.5 1.85498905182 0.432932363996 1 Marco  701.6708711809997 0.064 0.429646325494 0.922056687823 1 1 3 0.42 1
217 3 6 0 1 11.2815 0.5 1.86629199982 0.326670110199 1 Marco  704.6148584800003 0.064 0.493098880847 1.03962188962 1 1 3 0.42 1
218 3 4.5 0 1 6.867 0.5 2.88627314568 1.11194227086 1 Marco  707.571203296 0.064 0.63542892088 1.27433087482 1 1 3 0.42 1
219 4 6 0 0 8.3385 0.5 2.42394089699 0.528425498992 1 Marco  711.5515800740004 0.064 0.383820843944 1.395515398 1 1 3 0.42 0
220 3 4.5 0 1 8.3385 0.5 2.35988306999 0.805320840937 1 Marco  715.0617796000006 0.064 0.485839245245 1.05456222905 1 1 3 0.42 1
221 4 4.5 0 0 9.81 0.5 1.75568699837 0.356233035826 1 Marco  718.5137759139998 0.064 0.238042307963 0.899453962542 1 1 3 0.42 0
222 3 4.5 0 0 6.867 0.5 2.54070997238 0.766379097562 1 Marco  721.371077021 0.064 0.320759071282 1.27433087482 1 1 3 0.42 0
223 4 4.5 0 1 6.867 0.5 2.28692913055 0.512598255735 1 Marco  725.0062283899997 0.064 0.599690015993 1.27433087482 1 1 3 0.42 1
224 3 4.5 0 1 12.753 0.5 1.69928407669 0.504269339563 1 Marco  728.3836560740001 0.064 0.326551350606 0.695014737127 1 1 3 0.42 1
225 3 6 0 1 9.81 0.5 2.62038397789 0.928828039148 1 Marco  731.17637113 0.064 0.570853469676 1.19155593874 1 1 3 0.42 1
226 4 4.5 0 0 8.3385 0.5 2.37009000778 0.815527778727 1 Marco  734.8867496060002 0.064 0.308765655289 1.05456222905 1 1 3 0.42 0
227 4 6 0 1 6.867 0.5 3.10014915466 0.916392167088 1 Marco  738.3538028430003 0.064 0.775577484301 1.68375698758 1 1 3 0.42 1
228 3 6 0 0 8.3385 0.5 2.78177785873 0.886262460738 1 Marco  742.5475521810004 0.064 0.356631884291 1.395515398 1 1 3 0.42 0
229 4 6 0 0 6.867 0.5 3.25653505325 1.07277806568 1 Marco  746.4163095760005 0.064 0.448803037853 1.68375698758 1 1 3 0.42 0
230 3 4.5 0 0 9.81 0.5 1.87453699112 0.475083028578 1 Marco  750.7676463650005 0.064 0.229473589857 0.899453962542 1 1 3 0.42 0
231 3 6 0 0 6.867 0.5 3.04726290703 0.863505919453 1 Marco  753.7312177519998 0.064 0.496441427033 1.68375698758 1 1 3 0.42 0
232 4 4.5 0 0 11.2815 0.5 1.9863049984 0.702178311436 1 Marco  757.8734206119998 0.064 0.200629979893 0.784126686962 1 1 3 0.42 0
233 3 4.5 0 1 11.2815 0.5 1.88475894928 0.600632262318 1 Marco  760.9597540770001 0.064 0.3647989329 0.784126686962 1 1 3 0.42 1
234 3 4.5 0 0 8.3385 0.5 2.2370018959 0.68243966685 1 Marco  763.9451396209997 0.064 0.279814081696 1.05456222905 1 1 3 0.42 0
235 4 4.5 0 1 9.81 0.5 2.07998394966 0.680529987119 1 Marco  767.2754267959999 0.064 0.414180249574 0.899453962542 1 1 3 0.42 1
236 4 6 0 1 12.753 0.5 2.80135607719 1.37929938937 1 Marco  770.4539805940003 0.064 0.457567620248 0.922056687823 1 1 3 0.42 1
237 3 4.5 0 1 9.81 0.5 2.12115597725 0.721702014707 1 Marco  774.3599926019997 0.064 0.449560598027 0.899453962542 1 1 3 0.42 1
238 3 6 0 1 8.3385 0.5 3.41275191307 1.51723651507 1 Marco  778.0826973410003 0.064 0.648803949635 1.395515398 1 1 3 0.42 1
239 4 4.5 0 1 12.753 0.5 1.34568095207 0.150666214945 1 Marco  782.1212291740003 0.064 0.32232494614 0.695014737127 1 1 3 0.42 1
240 4 4.5 0 1 8.3385 0.5 2.55205512047 0.997492891413 1 Marco  784.5642999359998 0.064 0.503819042277 1.05456222905 1 1 3 0.42 1
241 3 6 0 0 12.753 0.5 2.8315179348 1.40946124698 1 Marco  788.2064628400003 0.064 0.270513773266 0.922056687823 1 1 3 0.42 0
242 3 4.5 0 0 6.867 0.5 2.54494810104 0.770617226225 1 Marco  792.1257513420005 0.064 0.358531724431 1.27433087482 1 1 3 0.42 0
243 4 6 0 1 12.753 0.5 2.69842100143 1.27636431361 1 Marco  795.7694406620003 0.064 0.42514255608 0.922056687823 1 1 3 0.42 1
244 3 4.5 0 0 8.3385 0.5 2.3726041317 0.818041902644 1 Marco  799.5583750289998 0.064 0.284405280171 1.05456222905 1 1 3 0.42 0
245 4 4.5 0 0 6.867 0.5 2.68161296844 0.907282093626 1 Marco  803.0346304200002 0.064 0.335667503713 1.27433087482 1 1 3 0.42 0
246 4 4.5 0 1 6.867 0.5 3.15475797653 1.38042710171 1 Marco  806.8145350499999 0.064 0.573623214051 1.27433087482 1 1 3 0.42 1
247 4 6 0 1 11.2815 0.5 2.31522202492 0.775600135299 1 Marco  811.0583306050003 0.064 0.506254717642 1.03962188962 1 1 3 0.42 1
248 4 6 0 1 8.3385 0.5 2.42431116104 0.528795763045 1 Marco  814.494326129 0.064 0.683326944585 1.395515398 1 1 3 0.42 1
249 4 6 0 1 9.81 0.5 3.00454592705 1.31298998831 1 Marco  818.0077518369999 0.064 0.552600532064 1.19155593874 1 1 3 0.42 1
250 4 4.5 0 0 8.3385 0.5 2.28407382965 0.729511600596 1 Marco  822.1290486170001 0.064 0.283028537188 1.05456222905 1 1 3 0.42 0
251 3 6 0 0 9.81 0.5 2.56781315804 0.876257219293 1 Marco  825.5185470289998 0.064 0.350384121906 1.19155593874 1 1 3 0.42 0
252 4 6 0 0 6.867 0.5 3.36543703079 1.18168004322 1 Marco  829.1721271739998 0.064 0.486309488635 1.68375698758 1 1 3 0.42 0
253 4 4.5 0 0 12.753 0.5 1.69714617729 0.502131440164 1 Marco  833.6373735360003 0.064 0.181803030531 0.695014737127 1 1 3 0.42 0
254 3 4.5 0 1 11.2815 0.5 1.67804789543 0.39392120847 1 Marco  836.4213305530002 0.064 0.372168037146 0.784126686962 1 1 3 0.42 1
255 4 6 0 0 12.753 0.5 2.01498699188 0.59293030406 1 Marco  839.2084604680003 0.064 0.271342637012 0.922056687823 1 1 3 0.42 0
256 4 4.5 0 1 12.753 0.5 1.70777606964 0.512761332514 1 Marco  842.3258103810003 0.064 0.342808780552 0.695014737127 1 1 3 0.42 1
257 3 6 0 1 6.867 0.5 3.23190402985 1.04814704227 1 Marco  845.13195129 0.064 0.789953588874 1.68375698758 1 1 3 0.42 1
258 4 4.5 0 0 11.2815 0.5 1.50838804245 0.224261355488 1 Marco  849.4547107830003 0.064 0.219661396643 0.784126686962 1 1 3 0.42 0
259 3 6 0 0 8.3385 0.5 3.06756091118 1.17204551318 1 Marco  852.0665960650003 0.064 0.352546783903 1.395515398 1 1 3 0.42 0
260 4 4.5 0 1 9.81 0.5 2.09786105156 0.698407089018 1 Marco  856.2419524950001 0.064 0.421023755374 0.899453962542 1 1 3 0.42 1
261 3 4.5 0 0 11.2815 0.5 1.78656101227 0.502434325306 1 Marco  859.4367212010002 0.064 0.210171341426 0.784126686962 1 1 3 0.42 0
262 3 4.5 0 1 6.867 0.5 2.68589687347 0.911565998655 1 Marco  862.3211052850002 0.064 0.599563069795 1.27433087482 1 1 3 0.42 1
263 3 4.5 0 1 12.753 0.5 2.06946706772 0.874452330591 1 Marco  866.1115061370001 0.064 0.34608110986 0.695014737127 1 1 3 0.42 1
264 4 6 0 0 11.2815 0.5 2.76997613907 1.23035424945 1 Marco  869.2805984659999 0.064 0.261436998826 1.03962188962 1 1 3 0.42 0
265 3 6 0 1 9.81 0.5 2.77818393707 1.08662799833 1 Marco  873.139946368 0.064 0.584253275883 1.19155593874 1 1 3 0.42 1
266 4 4.5 0 1 11.2815 0.5 1.88379001617 0.599663329213 1 Marco  877.0191389510001 0.064 0.362140952016 0.784126686962 1 1 3 0.42 1
267 4 6 0 0 9.81 0.5 2.72191095352 1.03035501478 1 Marco  879.9991086649998 0.064 0.31286352625 1.19155593874 1 1 3 0.42 0
268 3 6 0 0 11.2815 0.5 2.10977005959 0.570148169967 1 Marco  883.836448385 0.064 0.286150815581 1.03962188962 1 1 3 0.42 0
269 3 4.5 0 1 9.81 0.5 2.76104283333 1.36158887079 1 Marco  887.0406804740005 0.064 0.448274780749 0.899453962542 1 1 3 0.42 1
270 3 6 0 0 6.867 0.5 3.25310397148 1.06934698391 1 Marco  890.9135009829997 0.064 0.44146464023 1.68375698758 1 1 3 0.42 0
271 3 4.5 0 0 12.753 0.5 1.59331417084 0.39829943371 1 Marco  895.2615253200001 0.064 0.176408791555 0.695014737127 1 1 3 0.42 0
272 3 4.5 0 1 8.3385 0.5 2.11437296867 0.559810739619 1 Marco  897.943793978 0.064 0.482516190956 1.05456222905 1 1 3 0.42 1
273 3 4.5 0 0 9.81 0.5 1.82708215714 0.427628194593 1 Marco  901.157535761 0.064 0.260512787945 0.899453962542 1 1 3 0.42 0
274 4 6 0 0 8.3385 0.5 3.07900500298 1.18348960498 1 Marco  904.0835231589999 0.064 0.39450071262 1.395515398 1 1 3 0.42 0
275 3 6 0 1 11.2815 0.5 2.6356780529 1.09605616328 1 Marco  908.257966784 0.064 0.489611375276 1.03962188962 1 1 3 0.42 1
276 3 6 0 1 8.3385 0.5 3.21994304657 1.32442764857 1 Marco  911.9835356330004 0.064 0.650713879709 1.395515398 1 1 3 0.42 1
277 3 6 0 1 12.753 0.5 2.56962609291 1.14756940509 1 Marco  916.3116505610005 0.064 0.421481086231 0.922056687823 1 1 3 0.42 1
278 4 4.5 0 0 9.81 0.5 1.69202303886 0.292569076322 1 Marco  919.9721507510003 0.064 0.26422247731 0.899453962542 1 1 3 0.42 0
279 4 6 0 1 6.867 0.5 3.14262914658 0.958872159 1 Marco  922.7593085079998 0.064 0.796906846521 1.68375698758 1 1 3 0.42 1
280 4 6 0 1 6.867 0.5 3.50943207741 1.32567508983 1 Marco  926.9913111280002 0.064 0.769347240874 1.68375698758 1 1 3 0.42 1
281 4 4.5 0 1 9.81 0.5 1.93941617012 0.539962207578 1 Marco  931.6020576380006 0.064 0.426901778374 0.899453962542 1 1 3 0.42 1
282 4 4.5 0 1 12.753 0.5 1.68626785278 0.491253115656 1 Marco  934.6277920359998 0.064 0.313711323416 0.695014737127 1 1 3 0.42 1
283 3 4.5 0 0 8.3385 0.5 2.36709594727 0.812533718211 1 Marco  937.4247860000005 0.064 0.303959535512 1.05456222905 1 1 3 0.42 0
284 3 4.5 0 1 11.2815 0.5 1.9841299057 0.700003218739 1 Marco  940.8989026509998 0.064 0.387026249427 0.784126686962 1 1 3 0.42 1
285 3 6 0 1 9.81 0.5 2.92857718468 1.23702124594 1 Marco  943.9756890099998 0.064 0.547674618619 1.19155593874 1 1 3 0.42 1
286 3 4.5 0 1 6.867 0.5 2.63058590889 0.856255034071 1 Marco  948.0020478440001 0.064 0.634702828827 1.27433087482 1 1 3 0.42 1
287 3 6 0 0 12.753 0.5 2.07382798195 0.651771294126 1 Marco  951.732852272 0.064 0.274731381119 0.922056687823 1 1 3 0.42 0
288 3 4.5 0 0 11.2815 0.5 1.82751297951 0.543386292546 1 Marco  954.9068449340002 0.064 0.229918517195 0.784126686962 1 1 3 0.42 0
289 3 6 0 1 6.867 0.5 4.14169192314 1.95793493557 1 Marco  957.8226951260003 0.064 0.803617876087 1.68375698758 1 1 3 0.42 1
290 3 6 0 1 11.2815 0.5 2.08383393288 0.544212043258 1 Marco  963.0777773469999 0.064 0.503574897308 1.03962188962 1 1 3 0.42 1
291 4 6 0 1 8.3385 0.5 2.77583408356 0.880318685561 1 Marco  966.2687660970005 0.064 0.659672287315 1.395515398 1 1 3 0.42 1
292 4 4.5 0 1 11.2815 0.5 1.97354888916 0.689422202198 1 Marco  970.1565559460005 0.064 0.385484815341 0.784126686962 1 1 3 0.42 1
293 4 6 0 1 11.2815 0.5 2.97219204903 1.43257015941 1 Marco  973.2408075829999 0.064 0.480743426989 1.03962188962 1 1 3 0.42 1
294 3 6 0 0 8.3385 0.5 3.18826699257 1.29275159457 1 Marco  977.3208142580006 0.064 0.360161882503 1.395515398 1 1 3 0.42 0
295 3 6 0 1 12.753 0.5 2.4696969986 1.04764031077 1 Marco  981.5933914980005 0.064 0.440310304099 0.922056687823 1 1 3 0.42 1
296 3 4.5 0 1 9.81 0.5 2.47558689117 1.07613292863 1 Marco  985.154347525 0.064 0.449678808759 0.899453962542 1 1 3 0.42 1
297 3 6 0 0 9.81 0.5 2.93167281151 1.24011687277 1 Marco  988.7179262850004 0.064 0.325181848308 1.19155593874 1 1 3 0.42 0
298 4 6 0 0 9.81 0.5 2.74600410461 1.05444816587 1 Marco  992.7388224750002 0.064 0.345056591908 1.19155593874 1 1 3 0.42 0
299 4 4.5 0 0 6.867 0.5 3.00439500809 1.23006413327 1 Marco  996.601208567 0.064 0.335896019885 1.27433087482 1 1 3 0.42 0
300 4 4.5 0 1 6.867 0.5 2.94098305702 1.1666521822 1 Marco  1000.6888423299997 0.064 0.633251311238 1.27433087482 1 1 3 0.42 1
301 4 6 0 0 12.753 0.5 2.45072293282 1.02866624499 1 Marco  1004.7404980190004 0.064 0.271793028322 0.922056687823 1 1 3 0.42 0
302 4 6 0 0 8.3385 0.5 2.44390010834 0.548384710341 1 Marco  1008.2871014080001 0.064 0.366028766599 1.395515398 1 1 3 0.42 0
303 3 6 0 0 11.2815 0.5 2.06769800186 0.528076112243 1 Marco  1011.8247659180006 0.064 0.283487329897 1.03962188962 1 1 3 0.42 0
304 4 4.5 0 0 11.2815 0.5 1.66524100304 0.381114316075 1 Marco  1014.9855489239999 0.064 0.2180789289 0.784126686962 1 1 3 0.42 0
305 4 6 0 1 12.753 0.5 1.80997300148 0.387916313657 1 Marco  1017.7561611910005 0.064 0.435757176614 0.922056687823 1 1 3 0.42 1
306 4 6 0 1 9.81 0.5 2.37954378128 0.687987842539 1 Marco  1020.7047006000003 0.064 0.539005378543 1.19155593874 1 1 3 0.42 1
307 3 6 0 1 8.3385 0.5 2.83310198784 0.937586589843 1 Marco  1024.1460527030004 0.064 0.65900989684 1.395515398 1 1 3 0.42 1
308 3 4.5 0 0 9.81 0.5 2.15904402733 0.759590064787 1 Marco  1028.0739060329997 0.064 0.265759668211 0.899453962542 1 1 3 0.42 0
309 3 6 0 0 6.867 0.5 3.27377581596 1.09001882839 1 Marco  1031.3215007589997 0.064 0.462820962451 1.68375698758 1 1 3 0.42 0
310 4 6 0 0 6.867 0.5 3.20312285423 1.01936586666 1 Marco  1035.6911457670003 0.064 0.496172809289 1.68375698758 1 1 3 0.42 0
311 4 4.5 0 1 8.3385 0.5 2.25681495667 0.70225272761 1 Marco  1039.9959580679997 0.064 0.521561495795 1.05456222905 1 1 3 0.42 1
312 3 4.5 0 0 6.867 0.5 2.66097712517 0.886646250349 1 Marco  1043.350010016 0.064 0.381495132019 1.27433087482 1 1 3 0.42 0
313 4 4.5 0 0 8.3385 0.5 2.313393116 0.758830886943 1 Marco  1047.1206506079998 0.064 0.313247757859 1.05456222905 1 1 3 0.42 0
314 3 4.5 0 1 12.753 0.5 2.2107899189 1.01577518177 1 Marco  1050.537684713 0.064 0.338319862993 0.695014737127 1 1 3 0.42 1
315 4 6 0 0 11.2815 0.5 2.9143910408 1.37476915118 1 Marco  1053.8450191660004 0.064 0.259968271621 1.03962188962 1 1 3 0.42 0
316 3 4.5 0 1 8.3385 0.5 2.68861818314 1.13405595408 1 Marco  1057.8584581300001 0.064 0.488375195428 1.05456222905 1 1 3 0.42 1
317 4 4.5 0 0 9.81 0.5 2.23664307594 0.837189113401 1 Marco  1061.6465536719998 0.064 0.253194758131 0.899453962542 1 1 3 0.42 0
318 3 4.5 0 0 12.753 0.5 1.80335283279 0.608338095667 1 Marco  1064.978166838 0.064 0.177394646882 0.695014737127 1 1 3 0.42 0
319 4 4.5 0 0 12.753 0.5 1.6982729435 0.503258206369 1 Marco  1067.8751355820004 0.064 0.185128111968 0.695014737127 1 1 3 0.42 0
