trial vx vy vz LongOcclusion g timeStill rTime TemporalError environment id pupiltime IOD OccludedTimeOfTrajectory FlightDuration Drag DragFirst block accuracy LongOcclusion
0 3 6 0 0 6.867 0.5 2.37149906158 0.187742074009 1 Cristina  2.247257090999483 0.055 0.477435452698 1.68375698758 1 1 3 0.46 0
1 4 6 0 0 12.753 0.5 1.58666205406 0.164605366239 1 Cristina  5.727498401999583 0.055 0.273241142888 0.922056687823 1 1 3 0.46 0
2 4 4.5 0 1 11.2815 0.5 1.45034813881 0.166221451847 1 Cristina  8.442968583000038 0.055 0.383648342107 0.784126686962 1 1 3 0.46 1
3 4 6 0 0 9.81 0.5 1.82911396027 0.137558021524 1 Cristina  10.996985238999514 0.055 0.30714528911 1.19155593874 1 1 3 0.46 0
4 4 4.5 0 1 6.867 0.5 1.85058403015 0.0762531553322 1 Cristina  13.93816093499936 0.055 0.606578173451 1.27433087482 1 1 3 0.46 1
5 3 4.5 0 1 8.3385 0.5 1.62857508659 0.0740128575389 1 Cristina  16.916314670999782 0.055 0.516151020642 1.05456222905 1 1 3 0.46 1
6 4 4.5 0 1 9.81 0.5 1.47184610367 0.0723921411264 1 Cristina  19.650950848999855 0.055 0.426599474139 0.899453962542 1 1 3 0.46 1
7 3 4.5 0 0 8.3385 0.5 1.84594488144 0.291382652384 1 Cristina  22.24917683500007 0.055 0.305372006985 1.05456222905 1 1 3 0.46 0
8 4 6 0 1 6.867 0.5 1.97629022598 -0.207466761593 1 Cristina  25.19804608300001 0.055 0.765761764211 1.68375698758 1 1 3 0.46 1
9 4 6 0 0 8.3385 0.5 1.998265028 0.102749630004 1 Cristina  28.271151293000003 0.055 0.353703725752 1.395515398 1 1 3 0.46 0
10 4 6 0 1 8.3385 0.5 1.87626719475 -0.0192482032481 1 Cristina  31.37396532999992 0.055 0.689396349026 1.395515398 1 1 3 0.46 1
11 3 4.5 0 0 12.753 0.5 1.35221886635 0.157204129221 1 Cristina  34.36856218499997 0.055 0.198216311324 0.695014737127 1 1 3 0.46 0
12 4 4.5 0 0 9.81 0.5 1.51594281197 0.116488849424 1 Cristina  36.799025370999516 0.055 0.26728125131 0.899453962542 1 1 3 0.46 0
13 4 4.5 0 1 12.753 0.5 1.32893395424 0.133919217111 1 Cristina  39.41639860399937 0.055 0.327135050826 0.695014737127 1 1 3 0.46 1
14 4 6 0 0 6.867 0.5 2.21858406067 0.0348270730934 1 Cristina  41.85946844999944 0.055 0.432950775675 1.68375698758 1 1 3 0.46 0
15 3 4.5 0 0 6.867 0.5 1.91510105133 0.140770176511 1 Cristina  45.20843231099934 0.055 0.363112173478 1.27433087482 1 1 3 0.46 0
16 3 4.5 0 1 9.81 0.5 1.50549697876 0.106043016218 1 Cristina  48.2309361409998 0.055 0.441282233345 0.899453962542 1 1 3 0.46 1
17 3 4.5 0 0 11.2815 0.5 1.42436599731 0.140239310353 1 Cristina  50.84025332700003 0.055 0.211130804693 0.784126686962 1 1 3 0.46 0
18 3 6 0 1 11.2815 0.5 1.59374499321 0.0541231035916 1 Cristina  53.36321381199923 0.055 0.475846196071 1.03962188962 1 1 3 0.46 1
19 4 4.5 0 1 8.3385 0.5 1.61490797997 0.0603457509104 1 Cristina  56.05922612699942 0.055 0.497090387256 1.05456222905 1 1 3 0.46 1
20 4 4.5 0 0 6.867 0.5 1.83267498016 0.0583441053444 1 Cristina  58.77178168499995 0.055 0.318942415722 1.27433087482 1 1 3 0.46 0
21 3 4.5 0 1 6.867 0.5 1.73343706131 -0.0408938135094 1 Cristina  61.715927221999664 0.055 0.611560100126 1.27433087482 1 1 3 0.46 1
22 4 4.5 0 0 8.3385 0.5 1.59195399284 0.0373917637889 1 Cristina  64.57115012299982 0.055 0.287864720977 1.05456222905 1 1 3 0.46 0
23 3 4.5 0 0 9.81 0.5 1.4799079895 0.0804540269602 1 Cristina  67.2726650629993 0.055 0.260142058311 0.899453962542 1 1 3 0.46 0
24 4 6 0 1 12.753 0.5 1.52657580376 0.104519115934 1 Cristina  69.86010481999983 0.055 0.455896382905 0.922056687823 1 1 3 0.46 1
25 3 4.5 0 1 12.753 0.5 1.35953497887 0.164520241739 1 Cristina  72.49167198799933 0.055 0.344632749456 0.695014737127 1 1 3 0.46 1
26 3 6 0 1 9.81 0.5 1.76502895355 0.0734730148103 1 Cristina  74.95530647299984 0.055 0.586612854703 1.19155593874 1 1 3 0.46 1
27 4 4.5 0 0 12.753 0.5 1.28573989868 0.0907251615542 1 Cristina  77.82301518099939 0.055 0.176999788602 0.695014737127 1 1 3 0.46 0
28 3 4.5 0 1 11.2815 0.5 1.43471479416 0.150588107197 1 Cristina  80.21710404799978 0.055 0.384294303898 0.784126686962 1 1 3 0.46 1
29 3 6 0 0 12.753 0.5 1.53885602951 0.116799341688 1 Cristina  82.75283945299998 0.055 0.262517047439 0.922056687823 1 1 3 0.46 0
30 3 6 0 0 9.81 0.5 1.84240007401 0.150844135263 1 Cristina  85.41138266999951 0.055 0.302158587747 1.19155593874 1 1 3 0.46 0
31 4 4.5 0 0 11.2815 0.5 1.49657392502 0.212447238057 1 Cristina  88.36326130199996 0.055 0.205387009568 0.784126686962 1 1 3 0.46 0
32 4 6 0 1 11.2815 0.5 1.65528893471 0.115667045089 1 Cristina  90.95666998099932 0.055 0.477511928799 1.03962188962 1 1 3 0.46 1
33 3 6 0 1 6.867 0.5 2.11511588097 -0.0686411066094 1 Cristina  93.73120590399958 0.055 0.798438536069 1.68375698758 1 1 3 0.46 1
34 3 6 0 1 12.753 0.5 1.57457900047 0.15252231265 1 Cristina  96.95242483999937 0.055 0.420403324197 0.922056687823 1 1 3 0.46 1
35 4 6 0 0 11.2815 0.5 1.68913888931 0.149516999695 1 Cristina  99.62541839099958 0.055 0.273693578307 1.03962188962 1 1 3 0.46 0
36 4 6 0 1 9.81 0.5 1.66657304764 -0.024982891104 1 Cristina  102.42268667699955 0.055 0.541943782858 1.19155593874 1 1 3 0.46 1
37 3 6 0 0 11.2815 0.5 1.7248840332 0.185262143585 1 Cristina  105.16264905799926 0.055 0.305568578792 1.03962188962 1 1 3 0.46 0
38 3 6 0 0 8.3385 0.5 1.93869900703 0.0431836090382 1 Cristina  107.99252314299974 0.055 0.359305825323 1.395515398 1 1 3 0.46 0
39 3 6 0 1 8.3385 0.5 1.90123105049 0.00571565249527 1 Cristina  111.05467902999953 0.055 0.694048383511 1.395515398 1 1 3 0.46 1
40 4 4.5 0 0 6.867 0.5 1.81435799599 0.0400271211678 1 Cristina  114.08154434599965 0.055 0.318868346965 1.27433087482 1 1 3 0.46 0
41 4 6 0 1 6.867 0.5 2.18373513222 -2.18553581313e-05 1 Cristina  116.99551257599978 0.055 0.808500796887 1.68375698758 1 1 3 0.46 1
42 4 4.5 0 1 12.753 0.5 1.36227202415 0.167257287027 1 Cristina  120.27085035499931 0.055 0.31533812431 0.695014737127 1 1 3 0.46 1
43 3 6 0 1 9.81 0.5 1.85054421425 0.158988275507 1 Cristina  122.73568132699984 0.055 0.544550792494 1.19155593874 1 1 3 0.46 1
44 3 4.5 0 1 6.867 0.5 1.74553203583 -0.0287988389915 1 Cristina  125.67766818899963 0.055 0.578820953568 1.27433087482 1 1 3 0.46 1
45 4 6 0 0 11.2815 0.5 1.65634393692 0.116722047302 1 Cristina  128.5402946059994 0.055 0.268532583965 1.03962188962 1 1 3 0.46 0
46 4 6 0 1 8.3385 0.5 1.85847210884 -0.0370432891551 1 Cristina  131.29657749999933 0.055 0.660960302898 1.395515398 1 1 3 0.46 1
47 3 4.5 0 0 11.2815 0.5 1.42855405807 0.144427371113 1 Cristina  134.26910044599936 0.055 0.216128706764 0.784126686962 1 1 3 0.46 0
48 3 4.5 0 0 8.3385 0.5 1.63809704781 0.083534818751 1 Cristina  136.80319336199955 0.055 0.3045262127 1.05456222905 1 1 3 0.46 0
49 4 6 0 1 12.753 0.5 1.53361988068 0.111563192853 1 Cristina  139.54862250299993 0.055 0.450386211714 0.922056687823 1 1 3 0.46 1
50 3 6 0 0 9.81 0.5 1.76780581474 0.0762498760011 1 Cristina  142.193249852 0.055 0.357115955694 1.19155593874 1 1 3 0.46 0
51 3 4.5 0 1 11.2815 0.5 1.43129587173 0.147169184773 1 Cristina  145.05856199199934 0.055 0.390485204133 0.784126686962 1 1 3 0.46 1
52 4 4.5 0 0 9.81 0.5 1.5595998764 0.160145913862 1 Cristina  147.59857337799986 0.055 0.22817518308 0.899453962542 1 1 3 0.46 0
53 3 4.5 0 1 12.753 0.5 1.35536789894 0.160353161814 1 Cristina  150.26888363099988 0.055 0.315939688157 0.695014737127 1 1 3 0.46 1
54 4 6 0 1 11.2815 0.5 1.61254906654 0.0729271769254 1 Cristina  152.7500868419993 0.055 0.487314063505 1.03962188962 1 1 3 0.46 1
55 3 4.5 0 0 6.867 0.5 1.81966805458 0.0453371797615 1 Cristina  155.4840366949993 0.055 0.332649672766 1.27433087482 1 1 3 0.46 0
56 3 4.5 0 1 8.3385 0.5 1.71283698082 0.158274751765 1 Cristina  158.4250709150001 0.055 0.497683985656 1.05456222905 1 1 3 0.46 1
57 3 6 0 0 11.2815 0.5 1.60874915123 0.0691272616116 1 Cristina  161.2437556019995 0.055 0.267087357244 1.03962188962 1 1 3 0.46 0
58 3 6 0 1 12.753 0.5 1.53844690323 0.116390215406 1 Cristina  163.9847463219994 0.055 0.417427065202 0.922056687823 1 1 3 0.46 1
59 3 6 0 0 8.3385 0.5 2.01268792152 0.117172523528 1 Cristina  166.6045027959999 0.055 0.395419234771 1.395515398 1 1 3 0.46 0
60 3 4.5 0 0 12.753 0.5 1.27605295181 0.0810382146853 1 Cristina  169.71274563799943 0.055 0.191058463505 0.695014737127 1 1 3 0.46 0
61 3 6 0 1 6.867 0.5 2.13163518906 -0.0521217985191 1 Cristina  172.1120411920001 0.055 0.786711618769 1.68375698758 1 1 3 0.46 1
62 3 6 0 1 8.3385 0.5 1.88916993141 -0.00634546658432 1 Cristina  175.36059053899953 0.055 0.695178086641 1.395515398 1 1 3 0.46 1
63 4 6 0 0 6.867 0.5 2.30476284027 0.121005852695 1 Cristina  178.34112971499962 0.055 0.470117639237 1.68375698758 1 1 3 0.46 0
64 4 6 0 1 9.81 0.5 1.70489907265 0.0133431339051 1 Cristina  181.78515993099973 0.055 0.569546024787 1.19155593874 1 1 3 0.46 1
65 3 4.5 0 1 9.81 0.5 1.5001308918 0.100676929258 1 Cristina  184.58887480999965 0.055 0.443862384428 0.899453962542 1 1 3 0.46 1
66 4 6 0 0 12.753 0.5 1.55323386192 0.1311771741 1 Cristina  187.19490952399974 0.055 0.252382501948 0.922056687823 1 1 3 0.46 0
67 3 4.5 0 0 9.81 0.5 1.55964398384 0.160190021299 1 Cristina  189.85310831599963 0.055 0.246400310903 0.899453962542 1 1 3 0.46 0
68 3 6 0 0 12.753 0.5 1.55371212959 0.13165544177 1 Cristina  192.51100013399991 0.055 0.264372044745 0.922056687823 1 1 3 0.46 0
69 3 6 0 1 11.2815 0.5 1.65263819695 0.113016307327 1 Cristina  195.16874210900005 0.055 0.47042439511 1.03962188962 1 1 3 0.46 1
70 4 4.5 0 0 8.3385 0.5 1.69403100014 0.139468771083 1 Cristina  197.93797857999925 0.055 0.265703172293 1.05456222905 1 1 3 0.46 0
71 4 4.5 0 1 9.81 0.5 1.45550918579 0.0560552232492 1 Cristina  200.7257496579996 0.055 0.412662078441 0.899453962542 1 1 3 0.46 1
72 4 6 0 0 8.3385 0.5 1.92796802521 0.0324526272115 1 Cristina  203.29430985899944 0.055 0.401590024404 1.395515398 1 1 3 0.46 0
73 4 6 0 0 9.81 0.5 1.76685190201 0.0752959632661 1 Cristina  206.32612521600004 0.055 0.328423405326 1.19155593874 1 1 3 0.46 0
74 3 6 0 0 6.867 0.5 2.36394691467 0.180189927097 1 Cristina  209.18547149000005 0.055 0.426850922585 1.68375698758 1 1 3 0.46 0
75 4 4.5 0 0 11.2815 0.5 1.3941180706 0.109991383641 1 Cristina  212.6650731459995 0.055 0.220675517631 0.784126686962 1 1 3 0.46 0
76 4 4.5 0 1 6.867 0.5 1.76951813698 -0.00481273784102 1 Cristina  215.1979005839994 0.055 0.594661529712 1.27433087482 1 1 3 0.46 1
77 4 4.5 0 0 12.753 0.5 1.33296298981 0.13794825268 1 Cristina  218.01903973299977 0.055 0.18520012709 0.695014737127 1 1 3 0.46 0
78 4 4.5 0 1 11.2815 0.5 1.35101413727 0.0668874503064 1 Cristina  220.4706079009993 0.055 0.37330113665 0.784126686962 1 1 3 0.46 1
79 4 4.5 0 1 8.3385 0.5 1.60538601875 0.0508237896983 1 Cristina  222.91944401099954 0.055 0.521965609421 1.05456222905 1 1 3 0.46 1
80 3 4.5 0 0 12.753 0.5 1.33706712723 0.1420523901 1 Cristina  225.63246573200013 0.055 0.18308106911 0.695014737127 1 1 3 0.46 0
81 4 4.5 0 0 6.867 0.5 1.870043993 0.095713118177 1 Cristina  228.0906464539994 0.055 0.334096406576 1.27433087482 1 1 3 0.46 0
82 3 4.5 0 0 11.2815 0.5 1.41994595528 0.135819268315 1 Cristina  231.08415855600015 0.055 0.21264115147 0.784126686962 1 1 3 0.46 0
83 3 4.5 0 1 6.867 0.5 1.80393385887 0.0296029840523 1 Cristina  233.63429686699965 0.055 0.627873312671 1.27433087482 1 1 3 0.46 1
84 4 4.5 0 1 9.81 0.5 1.45779085159 0.0583368890512 1 Cristina  236.56485006599996 0.055 0.423642549055 0.899453962542 1 1 3 0.46 1
85 4 4.5 0 1 11.2815 0.5 1.3990008831 0.114874196141 1 Cristina  239.14600241300013 0.055 0.364105252112 0.784126686962 1 1 3 0.46 1
86 3 4.5 0 1 12.753 0.5 1.45280480385 0.257790066721 1 Cristina  241.67149213299945 0.055 0.31925518738 0.695014737127 1 1 3 0.46 1
87 3 4.5 0 1 8.3385 0.5 1.62759208679 0.0730298577372 1 Cristina  244.22524482500012 0.055 0.475496315755 1.05456222905 1 1 3 0.46 1
88 3 6 0 0 6.867 0.5 2.2405591011 0.0568021135292 1 Cristina  246.95482098899993 0.055 0.459897631669 1.68375698758 1 1 3 0.46 0
89 4 6 0 0 9.81 0.5 1.78754901886 0.0959930801179 1 Cristina  250.31860986799984 0.055 0.33282593027 1.19155593874 1 1 3 0.46 0
90 4 6 0 1 6.867 0.5 2.09555602074 -0.0882009668388 1 Cristina  253.22208397599934 0.055 0.778143915572 1.68375698758 1 1 3 0.46 1
91 3 6 0 0 8.3385 0.5 1.9602701664 0.064754768401 1 Cristina  256.44908240399945 0.055 0.392752278106 1.395515398 1 1 3 0.46 0
92 3 4.5 0 0 9.81 0.5 1.52446103096 0.125007068418 1 Cristina  259.50198618299964 0.055 0.239396200055 0.899453962542 1 1 3 0.46 0
93 3 4.5 0 0 8.3385 0.5 1.67011499405 0.115552764994 1 Cristina  262.1257942889997 0.055 0.311449252196 1.05456222905 1 1 3 0.46 0
94 3 4.5 0 0 6.867 0.5 1.88009595871 0.105765083891 1 Cristina  264.89243484300005 0.055 0.354680735549 1.27433087482 1 1 3 0.46 0
95 4 6 0 0 12.753 0.5 1.55450105667 0.132444368848 1 Cristina  267.88400710299993 0.055 0.276315277472 0.922056687823 1 1 3 0.46 0
96 4 4.5 0 0 9.81 0.5 1.59187293053 0.192418967985 1 Cristina  270.54168788599964 0.055 0.236847902153 0.899453962542 1 1 3 0.46 0
97 3 6 0 1 8.3385 0.5 1.95077419281 0.055258794814 1 Cristina  273.25482996999926 0.055 0.682742939241 1.395515398 1 1 3 0.46 1
98 4 4.5 0 1 12.753 0.5 1.36712694168 0.172112204554 1 Cristina  276.32886100999986 0.055 0.339408288614 0.695014737127 1 1 3 0.46 1
99 3 4.5 0 1 11.2815 0.5 1.43062400818 0.146497321217 1 Cristina  278.8035006709997 0.055 0.356904105904 0.784126686962 1 1 3 0.46 1
100 3 6 0 1 11.2815 0.5 1.69995713234 0.160335242721 1 Cristina  281.3460760199996 0.055 0.48907106049 1.03962188962 1 1 3 0.46 1
101 3 6 0 0 9.81 0.5 1.86107301712 0.169517078378 1 Cristina  284.1636250169995 0.055 0.309571442379 1.19155593874 1 1 3 0.46 0
102 4 6 0 0 8.3385 0.5 1.97581601143 0.0803006134328 1 Cristina  287.11937329099965 0.055 0.415593697707 1.395515398 1 1 3 0.46 0
103 3 6 0 0 11.2815 0.5 1.65750193596 0.117880046341 1 Cristina  290.20405158799986 0.055 0.301055037 1.03962188962 1 1 3 0.46 0
104 4 4.5 0 0 11.2815 0.5 1.46115088463 0.177024197667 1 Cristina  292.98924974999954 0.055 0.21010104578 0.784126686962 1 1 3 0.46 0
105 4 6 0 1 12.753 0.5 1.5928208828 0.170764194974 1 Cristina  295.5766615019993 0.055 0.424787446935 0.922056687823 1 1 3 0.46 1
106 3 6 0 1 6.867 0.5 2.2021279335 0.0183709459267 1 Cristina  298.301623845 0.055 0.809512735116 1.68375698758 1 1 3 0.46 1
107 4 4.5 0 1 6.867 0.5 1.76271700859 -0.0116138662285 1 Cristina  301.5973315880001 0.055 0.628907421645 1.27433087482 1 1 3 0.46 1
108 3 4.5 0 1 9.81 0.5 1.55660605431 0.157152091764 1 Cristina  304.48965640200004 0.055 0.441394592901 0.899453962542 1 1 3 0.46 1
109 4 6 0 1 9.81 0.5 1.76423811913 0.0726821803834 1 Cristina  307.17124367199995 0.055 0.57286562562 1.19155593874 1 1 3 0.46 1
110 3 6 0 1 12.753 0.5 1.51959991455 0.097543226728 1 Cristina  310.0265448579994 0.055 0.430492710771 0.922056687823 1 1 3 0.46 1
111 4 6 0 1 8.3385 0.5 1.83329796791 -0.0622174300853 1 Cristina  312.65272031399945 0.055 0.690606423186 1.395515398 1 1 3 0.46 1
112 4 6 0 0 11.2815 0.5 1.66557121277 0.12594932315 1 Cristina  315.60614974500004 0.055 0.262962198592 1.03962188962 1 1 3 0.46 0
113 3 6 0 1 9.81 0.5 2.01761579514 0.326059856394 1 Cristina  318.37539627800015 0.055 0.578100166706 1.19155593874 1 1 3 0.46 1
114 4 4.5 0 0 12.753 0.5 1.37023591995 0.175221182825 1 Cristina  321.4762516739993 0.055 0.17619548288 0.695014737127 1 1 3 0.46 0
115 4 4.5 0 0 8.3385 0.5 1.74263000488 0.188067775828 1 Cristina  323.9511984849996 0.055 0.288623117386 1.05456222905 1 1 3 0.46 0
116 4 6 0 0 6.867 0.5 2.31460309029 0.130846102711 1 Cristina  326.7879275689993 0.055 0.446757365447 1.68375698758 1 1 3 0.46 0
117 4 6 0 1 11.2815 0.5 1.64664506912 0.107023179504 1 Cristina  330.2151026189995 0.055 0.499871830107 1.03962188962 1 1 3 0.46 1
118 4 4.5 0 1 8.3385 0.5 1.55332684517 -0.0012353838857 1 Cristina  332.9538953749998 0.055 0.492165860022 1.05456222905 1 1 3 0.46 1
119 3 6 0 0 12.753 0.5 1.65892314911 0.236866461286 1 Cristina  335.6008323649994 0.055 0.230885130556 0.922056687823 1 1 3 0.46 0
120 4 6 0 1 9.81 0.5 1.71697402 0.0254180812623 1 Cristina  338.3907047069997 0.055 0.543201577797 1.19155593874 1 1 3 0.46 1
121 4 6 0 1 8.3385 0.5 1.77610301971 -0.119412378282 1 Cristina  341.23002123599963 0.055 0.672225510825 1.395515398 1 1 3 0.46 1
122 4 6 0 0 8.3385 0.5 1.95286798477 0.0573525867757 1 Cristina  344.1392857820001 0.055 0.407119639969 1.395515398 1 1 3 0.46 0
123 4 4.5 0 0 9.81 0.5 1.52979016304 0.130336200498 1 Cristina  347.2204163589995 0.055 0.240606676772 0.899453962542 1 1 3 0.46 0
124 4 6 0 0 9.81 0.5 1.84390592575 0.152349987009 1 Cristina  349.85598646699964 0.055 0.306368944046 1.19155593874 1 1 3 0.46 0
125 3 4.5 0 0 12.753 0.5 1.34933495522 0.154320218088 1 Cristina  352.79659059299956 0.055 0.181769809493 0.695014737127 1 1 3 0.46 0
126 3 6 0 1 6.867 0.5 2.08104705811 -0.10270992947 1 Cristina  355.2714038799995 0.055 0.801402234155 1.68375698758 1 1 3 0.46 1
127 3 4.5 0 0 8.3385 0.5 1.70978093147 0.155218702418 1 Cristina  358.4819583190001 0.055 0.30164346948 1.05456222905 1 1 3 0.46 0
128 3 4.5 0 1 6.867 0.5 1.78014302254 0.00581214771806 1 Cristina  361.3170987479998 0.055 0.610832899749 1.27433087482 1 1 3 0.46 1
129 4 6 0 0 12.753 0.5 1.59227204323 0.170215355405 1 Cristina  364.2159334499993 0.055 0.24829940568 0.922056687823 1 1 3 0.46 0
130 4 4.5 0 1 9.81 0.5 1.466807127 0.0673531644571 1 Cristina  366.9105964089995 0.055 0.431169665209 0.899453962542 1 1 3 0.46 1
131 4 6 0 1 12.753 0.5 1.52012395859 0.0980672707648 1 Cristina  369.4849363399999 0.055 0.458740042916 0.922056687823 1 1 3 0.46 1
132 4 6 0 1 6.867 0.5 2.05977892876 -0.123978058819 1 Cristina  372.1119361329993 0.055 0.787327606975 1.68375698758 1 1 3 0.46 1
133 3 6 0 1 9.81 0.5 1.77157711983 0.0800211810853 1 Cristina  375.29698182799984 0.055 0.554118380733 1.19155593874 1 1 3 0.46 1
134 3 6 0 1 8.3385 0.5 1.96485614777 0.06934074977 1 Cristina  378.1669295369993 0.055 0.689193523631 1.395515398 1 1 3 0.46 1
135 4 4.5 0 0 6.867 0.5 1.821423769 0.047092894178 1 Cristina  381.2288495639996 0.055 0.325208583239 1.27433087482 1 1 3 0.46 0
136 3 6 0 0 12.753 0.5 1.5407679081 0.118711220274 1 Cristina  384.15765407899926 0.055 0.244145249168 0.922056687823 1 1 3 0.46 0
137 4 6 0 0 11.2815 0.5 1.70894384384 0.169321954223 1 Cristina  386.8199422179996 0.055 0.309514123735 1.03962188962 1 1 3 0.46 0
138 3 4.5 0 0 11.2815 0.5 1.39559412003 0.111467433064 1 Cristina  389.6036770459996 0.055 0.231891233781 0.784126686962 1 1 3 0.46 0
139 4 6 0 1 11.2815 0.5 1.65308094025 0.113459050628 1 Cristina  392.1021072859994 0.055 0.498406303181 1.03962188962 1 1 3 0.46 1
140 4 4.5 0 1 8.3385 0.5 1.64765191078 0.0930896817271 1 Cristina  394.8772425319994 0.055 0.489924766157 1.05456222905 1 1 3 0.46 1
141 4 4.5 0 0 11.2815 0.5 1.42452287674 0.140396189778 1 Cristina  397.6296742549994 0.055 0.229648346451 0.784126686962 1 1 3 0.46 0
142 4 4.5 0 0 8.3385 0.5 1.62926387787 0.0747016488139 1 Cristina  400.15516237500015 0.055 0.280522137734 1.05456222905 1 1 3 0.46 0
143 3 6 0 0 9.81 0.5 1.82206702232 0.130511083582 1 Cristina  402.87505863299975 0.055 0.316160073912 1.19155593874 1 1 3 0.46 0
144 3 4.5 0 0 6.867 0.5 1.87195587158 0.0976249967629 1 Cristina  405.81624682099937 0.055 0.351964843059 1.27433087482 1 1 3 0.46 0
145 4 4.5 0 1 12.753 0.5 1.36886882782 0.173854090692 1 Cristina  408.81213960900004 0.055 0.319198458683 0.695014737127 1 1 3 0.46 1
146 3 6 0 0 11.2815 0.5 1.72798395157 0.18836206195 1 Cristina  411.3041171149998 0.055 0.263403578284 1.03962188962 1 1 3 0.46 0
147 3 4.5 0 1 12.753 0.5 1.35970497131 0.164690234186 1 Cristina  414.14864327899977 0.055 0.346758396185 0.695014737127 1 1 3 0.46 1
148 3 6 0 0 6.867 0.5 2.36704897881 0.18329199123 1 Cristina  416.63662354400003 0.055 0.490220001356 1.68375698758 1 1 3 0.46 0
149 4 4.5 0 0 12.753 0.5 1.36312198639 0.168107249262 1 Cristina  420.1124269490001 0.055 0.188343865198 0.695014737127 1 1 3 0.46 0
150 3 4.5 0 1 11.2815 0.5 1.4554040432 0.171277356236 1 Cristina  422.6049872929998 0.055 0.364907682459 0.784126686962 1 1 3 0.46 1
151 3 4.5 0 0 9.81 0.5 1.58045887947 0.181004916929 1 Cristina  425.18681677599943 0.055 0.267353176774 0.899453962542 1 1 3 0.46 0
152 4 4.5 0 1 11.2815 0.5 1.47879505157 0.194668364613 1 Cristina  427.8955106349995 0.055 0.369126411802 0.784126686962 1 1 3 0.46 1
153 4 4.5 0 1 6.867 0.5 1.74263000488 -0.0317008699364 1 Cristina  430.49949738299983 0.055 0.616684652162 1.27433087482 1 1 3 0.46 1
154 3 6 0 1 11.2815 0.5 1.69541501999 0.155793130371 1 Cristina  433.3535703869993 0.055 0.467859180871 1.03962188962 1 1 3 0.46 1
155 4 6 0 0 6.867 0.5 2.38269495964 0.198937972065 1 Cristina  436.16908580499967 0.055 0.490659375959 1.68375698758 1 1 3 0.46 0
156 3 4.5 0 1 8.3385 0.5 1.68072605133 0.126163822276 1 Cristina  439.656640786 0.055 0.495247371702 1.05456222905 1 1 3 0.46 1
157 3 6 0 0 8.3385 0.5 2.00859689713 0.113081499129 1 Cristina  442.4442078789998 0.055 0.391018067617 1.395515398 1 1 3 0.46 0
158 3 6 0 1 12.753 0.5 1.66892790794 0.246871220121 1 Cristina  445.55119796799954 0.055 0.453066313839 0.922056687823 1 1 3 0.46 1
159 3 4.5 0 1 9.81 0.5 1.52637505531 0.126921092771 1 Cristina  448.3207373389996 0.055 0.414672231218 0.899453962542 1 1 3 0.46 1
160 4 4.5 0 0 12.753 0.5 1.35543584824 0.160421111109 1 Cristina  451.5533749549995 0.055 0.183466907115 0.695014737127 1 1 3 0.46 0
161 3 6 0 1 11.2815 0.5 1.68059301376 0.140971124145 1 Cristina  453.40581476899933 0.055 0.482520209808 1.03962188962 1 1 3 0.46 1
162 3 4.5 0 1 11.2815 0.5 1.42216706276 0.138040375798 1 Cristina  456.2016061129998 0.055 0.357549075396 0.784126686962 1 1 3 0.46 1
163 4 4.5 0 0 11.2815 0.5 1.43938302994 0.155256342976 1 Cristina  458.7513409389994 0.055 0.231217561486 0.784126686962 1 1 3 0.46 0
164 3 4.5 0 1 8.3385 0.5 1.7073340416 0.152771812541 1 Cristina  461.30607544399936 0.055 0.518593576481 1.05456222905 1 1 3 0.46 1
165 3 4.5 0 0 12.753 0.5 1.4798719883 0.284857251169 1 Cristina  464.13839137099967 0.055 0.185468945358 0.695014737127 1 1 3 0.46 0
166 4 4.5 0 0 9.81 0.5 1.61142206192 0.211968099378 1 Cristina  466.7204193130001 0.055 0.235000139389 0.899453962542 1 1 3 0.46 0
167 3 4.5 0 0 9.81 0.5 1.54302406311 0.143570100569 1 Cristina  469.4615561009996 0.055 0.266462997884 0.899453962542 1 1 3 0.46 0
168 3 4.5 0 1 12.753 0.5 1.42553806305 0.230523325922 1 Cristina  472.110576049 0.055 0.314363584351 0.695014737127 1 1 3 0.46 1
169 3 4.5 0 1 9.81 0.5 1.52051997185 0.121066009306 1 Cristina  474.6573825759997 0.055 0.44935427575 0.899453962542 1 1 3 0.46 1
170 3 6 0 1 6.867 0.5 2.24532413483 0.0615671472511 1 Cristina  477.2940673559997 0.055 0.788975102125 1.68375698758 1 1 3 0.46 1
171 4 4.5 0 1 6.867 0.5 1.7352809906 -0.0390498842186 1 Cristina  480.6630937729997 0.055 0.587206604218 1.27433087482 1 1 3 0.46 1
172 3 4.5 0 0 11.2815 0.5 1.3942489624 0.110122275441 1 Cristina  483.51052643299954 0.055 0.202088665301 0.784126686962 1 1 3 0.46 0
173 3 6 0 1 9.81 0.5 1.75011396408 0.0585580253388 1 Cristina  486.0056552819997 0.055 0.555475387263 1.19155593874 1 1 3 0.46 1
174 4 6 0 1 6.867 0.5 2.08611607552 -0.0976409120598 1 Cristina  488.87335600000006 0.055 0.758157758311 1.68375698758 1 1 3 0.46 1
175 4 6 0 0 6.867 0.5 2.37760591507 0.193848927494 1 Cristina  492.0564040250001 0.055 0.433728867167 1.68375698758 1 1 3 0.46 0
176 3 6 0 1 12.753 0.5 1.66576290131 0.243706213483 1 Cristina  495.5643992289997 0.055 0.422585817775 0.922056687823 1 1 3 0.46 1
177 3 6 0 0 9.81 0.5 1.83558106422 0.144025125482 1 Cristina  498.3285233859997 0.055 0.322948558849 1.19155593874 1 1 3 0.46 0
178 3 6 0 0 6.867 0.5 2.26056909561 0.076812108036 1 Cristina  501.2768082530001 0.055 0.498728722884 1.68375698758 1 1 3 0.46 0
179 4 4.5 0 1 9.81 0.5 1.5121319294 0.112677966856 1 Cristina  504.64890662699963 0.055 0.410683276619 0.899453962542 1 1 3 0.46 1
180 4 6 0 1 12.753 0.5 1.63736391068 0.215307222852 1 Cristina  507.2707891359996 0.055 0.445037069952 0.922056687823 1 1 3 0.46 1
181 3 4.5 0 0 8.3385 0.5 1.71729707718 0.162734848124 1 Cristina  510.0079831969997 0.055 0.292212480192 1.05456222905 1 1 3 0.46 0
182 4 6 0 0 8.3385 0.5 1.90516400337 0.00964860537613 1 Cristina  512.8495935249994 0.055 0.385783949513 1.395515398 1 1 3 0.46 0
183 4 4.5 0 1 8.3385 0.5 1.6461019516 0.0915397225444 1 Cristina  515.8796709239996 0.055 0.506108065039 1.05456222905 1 1 3 0.46 1
184 3 6 0 0 11.2815 0.5 1.66726207733 0.127640187713 1 Cristina  518.6477062650001 0.055 0.296488730958 1.03962188962 1 1 3 0.46 0
185 4 6 0 1 9.81 0.5 1.77695894241 0.0854030036714 1 Cristina  521.4109649559996 0.055 0.564919106505 1.19155593874 1 1 3 0.46 1
186 3 6 0 1 8.3385 0.5 1.89548015594 -3.52420512408e-05 1 Cristina  524.3018134280001 0.055 0.637408064609 1.395515398 1 1 3 0.46 1
187 3 6 0 0 8.3385 0.5 2.00953888893 0.114023490935 1 Cristina  527.3061454879999 0.055 0.364746215648 1.395515398 1 1 3 0.46 0
188 4 6 0 0 11.2815 0.5 1.85032701492 0.310705125305 1 Cristina  530.4177254789993 0.055 0.265578307206 1.03962188962 1 1 3 0.46 0
189 3 6 0 0 12.753 0.5 1.56781387329 0.145757185468 1 Cristina  533.3982848139995 0.055 0.258931908321 0.922056687823 1 1 3 0.46 0
190 4 4.5 0 0 6.867 0.5 1.91773509979 0.143404224973 1 Cristina  536.074925203 0.055 0.373267441712 1.27433087482 1 1 3 0.46 0
191 4 6 0 0 9.81 0.5 1.85159492493 0.160038986185 1 Cristina  539.1029781449997 0.055 0.330077387063 1.19155593874 1 1 3 0.46 0
192 4 6 0 0 12.753 0.5 1.60270905495 0.180652367124 1 Cristina  542.061808337 0.055 0.254122707141 0.922056687823 1 1 3 0.46 0
193 4 6 0 1 11.2815 0.5 1.57863807678 0.039016187164 1 Cristina  544.7872017089994 0.055 0.472281269993 1.03962188962 1 1 3 0.46 1
194 4 4.5 0 1 12.753 0.5 1.30615210533 0.111137368204 1 Cristina  547.4811170349994 0.055 0.341336510398 0.695014737127 1 1 3 0.46 1
195 4 6 0 1 8.3385 0.5 1.91935014725 0.0238347492512 1 Cristina  549.9036537769998 0.055 0.639883414689 1.395515398 1 1 3 0.46 1
196 4 4.5 0 0 8.3385 0.5 1.68338108063 0.128818851573 1 Cristina  552.9476836109998 0.055 0.315203963618 1.05456222905 1 1 3 0.46 0
197 3 4.5 0 0 6.867 0.5 1.86523199081 0.090901115995 1 Cristina  555.7504197039998 0.055 0.36177655226 1.27433087482 1 1 3 0.46 0
198 4 4.5 0 1 11.2815 0.5 1.41321802139 0.129091334431 1 Cristina  558.7363231299996 0.055 0.372089306468 0.784126686962 1 1 3 0.46 1
199 3 4.5 0 1 6.867 0.5 1.78888893127 0.0145580564552 1 Cristina  561.2810590569998 0.055 0.608128404322 1.27433087482 1 1 3 0.46 1
200 3 4.5 0 0 6.867 0.5 1.83773589134 0.063405016523 1 Cristina  564.1806297839994 0.055 0.334174756167 1.27433087482 1 1 3 0.46 0
201 3 4.5 0 0 9.81 0.5 1.4839360714 0.0844821088541 1 Cristina  567.1360940189998 0.055 0.230968954839 0.899453962542 1 1 3 0.46 0
202 4 4.5 0 1 9.81 0.5 1.49575304985 0.0962990873087 1 Cristina  569.7154075899998 0.055 0.406203035626 0.899453962542 1 1 3 0.46 1
203 4 4.5 0 1 6.867 0.5 1.73057293892 -0.0437579359001 1 Cristina  572.3079540399995 0.055 0.615149787495 1.27433087482 1 1 3 0.46 1
204 3 4.5 0 1 6.867 0.5 1.7679810524 -0.00634982242048 1 Cristina  575.11643706 0.055 0.632424330656 1.27433087482 1 1 3 0.46 1
205 4 6 0 0 9.81 0.5 1.78948712349 0.0979311847474 1 Cristina  578.0003485409998 0.055 0.311370892446 1.19155593874 1 1 3 0.46 0
206 4 6 0 1 6.867 0.5 2.19164705276 0.00789006518935 1 Cristina  580.9110733130001 0.055 0.838832782658 1.68375698758 1 1 3 0.46 1
207 3 4.5 0 1 12.753 0.5 1.51441693306 0.319402195932 1 Cristina  584.2209768989997 0.055 0.338605645947 0.695014737127 1 1 3 0.46 1
208 3 6 0 0 11.2815 0.5 1.7092461586 0.169624268982 1 Cristina  586.8478777139999 0.055 0.261678858503 1.03962188962 1 1 3 0.46 0
209 3 4.5 0 0 8.3385 0.5 1.70352315903 0.148960929972 1 Cristina  589.6695571829996 0.055 0.267852264068 1.05456222905 1 1 3 0.46 0
210 4 4.5 0 0 9.81 0.5 1.54887485504 0.1494208925 1 Cristina  592.4612538539996 0.055 0.267732656096 0.899453962542 1 1 3 0.46 0
211 3 4.5 0 1 11.2815 0.5 1.44127106667 0.157144379704 1 Cristina  595.1352693859999 0.055 0.388911666366 0.784126686962 1 1 3 0.46 1
212 4 4.5 0 0 6.867 0.5 1.9339389801 0.159608105283 1 Cristina  597.6720901789995 0.055 0.353008092005 1.27433087482 1 1 3 0.46 0
213 3 6 0 1 9.81 0.5 1.92849302292 0.236937084177 1 Cristina  600.7176784719995 0.055 0.563917367736 1.19155593874 1 1 3 0.46 1
214 3 6 0 0 9.81 0.5 1.85675907135 0.165203132608 1 Cristina  603.7607292980001 0.055 0.298720874747 1.19155593874 1 1 3 0.46 0
215 4 6 0 1 11.2815 0.5 1.70940685272 0.169784963104 1 Cristina  606.7348375470001 0.055 0.487677828928 1.03962188962 1 1 3 0.46 1
216 4 6 0 0 6.867 0.5 2.44734311104 0.263586123463 1 Cristina  609.5389536229995 0.055 0.426430547255 1.68375698758 1 1 3 0.46 0
217 4 6 0 1 8.3385 0.5 1.99737787247 0.101862474471 1 Cristina  613.1146488969998 0.055 0.693983963867 1.395515398 1 1 3 0.46 1
218 3 6 0 1 11.2815 0.5 1.65409016609 0.114468276474 1 Cristina  616.2203208419996 0.055 0.47075819494 1.03962188962 1 1 3 0.46 1
219 4 4.5 0 1 12.753 0.5 1.42442893982 0.229414202692 1 Cristina  619.0006630999997 0.055 0.328644575647 0.695014737127 1 1 3 0.46 1
220 4 6 0 0 8.3385 0.5 2.0840139389 0.188498540908 1 Cristina  621.534235266 0.055 0.349981517027 1.395515398 1 1 3 0.46 0
221 3 4.5 0 0 12.753 0.5 1.38881492615 0.19380018902 1 Cristina  624.7130230160001 0.055 0.176104817562 0.695014737127 1 1 3 0.46 0
222 4 4.5 0 0 8.3385 0.5 1.76458692551 0.210024696452 1 Cristina  627.2044403189993 0.055 0.307483736467 1.05456222905 1 1 3 0.46 0
223 3 6 0 0 6.867 0.5 2.31492686272 0.131169875141 1 Cristina  630.0970871949994 0.055 0.431670848513 1.68375698758 1 1 3 0.46 0
224 4 4.5 0 0 12.753 0.5 1.35093379021 0.15591905308 1 Cristina  633.5085346569995 0.055 0.175093198173 0.695014737127 1 1 3 0.46 0
225 4 6 0 1 9.81 0.5 1.71162319183 0.0200672530915 1 Cristina  635.9780775129993 0.055 0.562302620901 1.19155593874 1 1 3 0.46 1
226 4 6 0 0 12.753 0.5 1.56904888153 0.146992193708 1 Cristina  638.8146289749993 0.055 0.264625678533 0.922056687823 1 1 3 0.46 0
227 4 6 0 1 12.753 0.5 1.65497803688 0.232921349058 1 Cristina  641.4917116679999 0.055 0.443521932171 0.922056687823 1 1 3 0.46 1
228 3 6 0 0 12.753 0.5 1.62860393524 0.206547247419 1 Cristina  644.2571242779995 0.055 0.2626600024 0.922056687823 1 1 3 0.46 0
229 4 4.5 0 1 8.3385 0.5 1.62308597565 0.0685237465922 1 Cristina  646.9860054809997 0.055 0.487953670267 1.05456222905 1 1 3 0.46 1
230 3 4.5 0 1 8.3385 0.5 1.54519891739 -0.00936331166585 1 Cristina  649.7157079139997 0.055 0.526103841718 1.05456222905 1 1 3 0.46 1
231 4 6 0 0 11.2815 0.5 1.66899991035 0.129378020736 1 Cristina  652.3749962289994 0.055 0.289332913085 1.03962188962 1 1 3 0.46 0
232 3 6 0 1 12.753 0.5 1.5416469574 0.119590269575 1 Cristina  655.1635514339996 0.055 0.435800118058 0.922056687823 1 1 3 0.46 1
233 4 4.5 0 0 11.2815 0.5 1.47850608826 0.194379401295 1 Cristina  657.825796047 0.055 0.222315067226 0.784126686962 1 1 3 0.46 0
234 3 6 0 0 8.3385 0.5 1.94720101357 0.051685615569 1 Cristina  660.4359824099993 0.055 0.408933251876 1.395515398 1 1 3 0.46 0
235 3 4.5 0 0 11.2815 0.5 1.45072507858 0.166598391621 1 Cristina  663.4912686649996 0.055 0.225465096335 0.784126686962 1 1 3 0.46 0
236 3 4.5 0 1 9.81 0.5 1.50166106224 0.102207099699 1 Cristina  666.068345056 0.055 0.436500709657 0.899453962542 1 1 3 0.46 1
237 4 4.5 0 1 11.2815 0.5 1.42095398903 0.136827302067 1 Cristina  668.682956531 0.055 0.386384957065 0.784126686962 1 1 3 0.46 1
238 3 6 0 1 6.867 0.5 2.07907581329 -0.104681174282 1 Cristina  671.2127006350001 0.055 0.765971065567 1.68375698758 1 1 3 0.46 1
239 3 6 0 1 8.3385 0.5 1.9053800106 0.00986461260879 1 Cristina  674.4194523239994 0.055 0.672943598714 1.395515398 1 1 3 0.46 1
240 4 4.5 0 0 12.753 0.5 1.37894415855 0.183929421427 1 Cristina  677.441241302 0.055 0.181019092329 0.695014737127 1 1 3 0.46 0
241 3 6 0 0 6.867 0.5 2.31757712364 0.133820136066 1 Cristina  679.9342181709999 0.055 0.473720984387 1.68375698758 1 1 3 0.46 0
242 3 4.5 0 1 11.2815 0.5 1.49205183983 0.207925152867 1 Cristina  683.3837735890002 0.055 0.388374551432 0.784126686962 1 1 3 0.46 1
243 4 4.5 0 0 8.3385 0.5 1.73652219772 0.181959968669 1 Cristina  685.9794110289995 0.055 0.265128723708 1.05456222905 1 1 3 0.46 0
244 4 4.5 0 0 6.867 0.5 1.97600793839 0.201677063566 1 Cristina  688.8418774880001 0.055 0.349681996662 1.27433087482 1 1 3 0.46 0
245 3 6 0 1 12.753 0.5 1.76108503342 0.339028345594 1 Cristina  691.9182558519997 0.055 0.42017161307 0.922056687823 1 1 3 0.46 1
246 3 6 0 1 8.3385 0.5 1.87178897858 -0.0237264194194 1 Cristina  694.7857777569998 0.055 0.672160080333 1.395515398 1 1 3 0.46 1
247 3 6 0 1 6.867 0.5 2.05857300758 -0.125183979992 1 Cristina  697.7749998669997 0.055 0.783204118414 1.68375698758 1 1 3 0.46 1
248 4 6 0 0 8.3385 0.5 2.01897716522 0.123461767226 1 Cristina  700.946887526 0.055 0.405779123814 1.395515398 1 1 3 0.46 0
249 4 6 0 0 6.867 0.5 2.30105400085 0.117297013279 1 Cristina  704.0759692149995 0.055 0.455581780529 1.68375698758 1 1 3 0.46 0
250 3 6 0 1 9.81 0.5 1.83072400093 0.139168062189 1 Cristina  707.4766482750001 0.055 0.574857409425 1.19155593874 1 1 3 0.46 1
251 3 4.5 0 1 6.867 0.5 1.76000595093 -0.0143249238914 1 Cristina  710.4230133499996 0.055 0.606519786573 1.27433087482 1 1 3 0.46 1
252 4 4.5 0 1 9.81 0.5 1.542345047 0.142891084455 1 Cristina  713.3036347950001 0.055 0.421322907387 0.899453962542 1 1 3 0.46 1
253 3 6 0 0 11.2815 0.5 1.76151680946 0.221894919845 1 Cristina  715.9378633059996 0.055 0.308866176582 1.03962188962 1 1 3 0.46 0
254 4 4.5 0 0 9.81 0.5 1.60545492172 0.206000959181 1 Cristina  718.8241951370001 0.055 0.248548266746 0.899453962542 1 1 3 0.46 0
255 4 6 0 1 12.753 0.5 1.51564097404 0.093584286222 1 Cristina  721.5338719929996 0.055 0.446693570378 0.922056687823 1 1 3 0.46 1
256 4 4.5 0 1 8.3385 0.5 1.63582801819 0.0812657891337 1 Cristina  724.1565831789994 0.055 0.478914845848 1.05456222905 1 1 3 0.46 1
257 3 4.5 0 0 12.753 0.5 1.41680002213 0.221785284998 1 Cristina  726.9106229359995 0.055 0.18462629204 0.695014737127 1 1 3 0.46 0
258 3 6 0 0 9.81 0.5 1.80389404297 0.112338104227 1 Cristina  729.4461499839999 0.055 0.302812397809 1.19155593874 1 1 3 0.46 0
259 4 4.5 0 1 12.753 0.5 1.34649515152 0.151480414392 1 Cristina  732.3763732689995 0.055 0.315171084449 0.695014737127 1 1 3 0.46 1
260 3 4.5 0 0 9.81 0.5 1.57893514633 0.17948118379 1 Cristina  734.838604687 0.055 0.26921725522 0.899453962542 1 1 3 0.46 0
261 3 4.5 0 0 11.2815 0.5 1.50087094307 0.216744256108 1 Cristina  737.5253176079996 0.055 0.221780856219 0.784126686962 1 1 3 0.46 0
262 3 6 0 0 12.753 0.5 1.56917190552 0.147115217695 1 Cristina  740.1480323440001 0.055 0.241593371721 0.922056687823 1 1 3 0.46 0
263 3 4.5 0 0 6.867 0.5 1.87473011017 0.100399235349 1 Cristina  742.8104513839999 0.055 0.351348407701 1.27433087482 1 1 3 0.46 0
264 3 4.5 0 1 12.753 0.5 1.38216710091 0.187152363779 1 Cristina  745.8024552729994 0.055 0.336291899456 0.695014737127 1 1 3 0.46 1
265 4 4.5 0 1 6.867 0.5 1.76900196075 -0.00532891406477 1 Cristina  748.2897746949993 0.055 0.634161586435 1.27433087482 1 1 3 0.46 1
266 4 6 0 1 11.2815 0.5 1.63743901253 0.0978171229092 1 Cristina  751.1593813459995 0.055 0.473762566502 1.03962188962 1 1 3 0.46 1
267 4 4.5 0 0 11.2815 0.5 1.42869591713 0.144569230168 1 Cristina  753.9213626069995 0.055 0.227839421281 0.784126686962 1 1 3 0.46 0
268 3 4.5 0 1 9.81 0.5 1.5999019146 0.200447952055 1 Cristina  756.4705064209993 0.055 0.41149074965 0.899453962542 1 1 3 0.46 1
269 3 6 0 1 11.2815 0.5 1.75025892258 0.210637032959 1 Cristina  759.1880857189999 0.055 0.498614466079 1.03962188962 1 1 3 0.46 1
270 4 6 0 1 6.867 0.5 2.10504484177 -0.0787121458092 1 Cristina  762.0360876289997 0.055 0.837994287961 1.68375698758 1 1 3 0.46 1
271 4 6 0 1 8.3385 0.5 1.86803412437 -0.0274812736217 1 Cristina  766.0723670159996 0.055 0.690751759428 1.395515398 1 1 3 0.46 1
272 3 4.5 0 1 8.3385 0.5 1.67090797424 0.116345745188 1 Cristina  768.2500041189996 0.055 0.498487185307 1.05456222905 1 1 3 0.46 1
273 4 4.5 0 1 11.2815 0.5 1.40789890289 0.123772215931 1 Cristina  771.0225326949994 0.055 0.366118533564 0.784126686962 1 1 3 0.46 1
274 3 6 0 0 8.3385 0.5 1.90596294403 0.0104475460347 1 Cristina  773.5488873089998 0.055 0.396221869778 1.395515398 1 1 3 0.46 0
275 4 6 0 0 11.2815 0.5 1.63126802444 0.0916461348264 1 Cristina  776.5617326000001 0.055 0.297523033955 1.03962188962 1 1 3 0.46 0
276 4 6 0 1 9.81 0.5 1.76162695885 0.0700710201051 1 Cristina  779.3187859949994 0.055 0.552860256452 1.19155593874 1 1 3 0.46 1
277 3 4.5 0 0 8.3385 0.5 1.6344230175 0.0798607884471 1 Cristina  782.1959315670001 0.055 0.295122366612 1.05456222905 1 1 3 0.46 0
278 4 6 0 0 12.753 0.5 1.57490301132 0.152846323499 1 Cristina  784.9604594369994 0.055 0.268290282117 0.922056687823 1 1 3 0.46 0
279 4 6 0 0 9.81 0.5 1.86031007767 0.168754138925 1 Cristina  787.6523391499995 0.055 0.312591666584 1.19155593874 1 1 3 0.46 0
280 4 6 0 0 11.2815 0.5 1.66123509407 0.121613204452 1 Cristina  790.6249417559993 0.055 0.26074619209 1.03962188962 1 1 3 0.46 0
281 3 6 0 0 6.867 0.5 2.25645899773 0.0727020101509 1 Cristina  793.4142627199999 0.055 0.460669544099 1.68375698758 1 1 3 0.46 0
282 3 6 0 1 8.3385 0.5 1.83154296875 -0.0639724292461 1 Cristina  796.7847530089994 0.055 0.652611056282 1.395515398 1 1 3 0.46 1
283 4 6 0 1 6.867 0.5 2.11147689819 -0.0722800893822 1 Cristina  799.7307169159994 0.055 0.779064168471 1.68375698758 1 1 3 0.46 1
284 4 4.5 0 0 8.3385 0.5 1.70351696014 0.148954731089 1 Cristina  802.9621080919997 0.055 0.277561377658 1.05456222905 1 1 3 0.46 0
285 4 4.5 0 1 11.2815 0.5 1.44322609901 0.159099412053 1 Cristina  805.7855902909996 0.055 0.386574952197 0.784126686962 1 1 3 0.46 1
286 4 4.5 0 1 12.753 0.5 1.37510204315 0.180087306024 1 Cristina  808.3273981739994 0.055 0.318148767705 0.695014737127 1 1 3 0.46 1
287 3 4.5 0 1 11.2815 0.5 1.51469612122 0.230569434254 1 Cristina  810.80063436 0.055 0.367038441741 0.784126686962 1 1 3 0.46 1
288 3 4.5 0 0 9.81 0.5 1.59010004997 0.190646087431 1 Cristina  813.4322835189996 0.055 0.231069534506 0.899453962542 1 1 3 0.46 0
289 4 4.5 0 1 8.3385 0.5 1.62728095055 0.0727187214915 1 Cristina  816.1415380489998 0.055 0.504312048227 1.05456222905 1 1 3 0.46 1
290 4 6 0 0 8.3385 0.5 2.0290620327 0.133546634704 1 Cristina  818.8886061949997 0.055 0.416109910756 1.395515398 1 1 3 0.46 0
291 3 4.5 0 1 9.81 0.5 1.61074709892 0.211293136381 1 Cristina  822.0390494339999 0.055 0.42113705504 0.899453962542 1 1 3 0.46 1
292 4 4.5 0 0 9.81 0.5 1.55668997765 0.157236015104 1 Cristina  824.7638115 0.055 0.254866511457 0.899453962542 1 1 3 0.46 0
293 4 4.5 0 1 6.867 0.5 1.84821105003 0.0738801752144 1 Cristina  827.4376210290002 0.055 0.573746479856 1.27433087482 1 1 3 0.46 1
294 3 6 0 1 6.867 0.5 2.24588513374 0.0621281461677 1 Cristina  830.3971693879994 0.055 0.799965357897 1.68375698758 1 1 3 0.46 1
295 4 6 0 0 9.81 0.5 1.85042715073 0.158871211984 1 Cristina  833.7538829159994 0.055 0.299002952346 1.19155593874 1 1 3 0.46 0
296 4 4.5 0 1 9.81 0.5 1.44353103638 0.0440770738352 1 Cristina  836.716935552 0.055 0.425150630712 0.899453962542 1 1 3 0.46 1
297 3 6 0 0 9.81 0.5 1.7897131443 0.0981572055604 1 Cristina  839.2718780919995 0.055 0.323883242086 1.19155593874 1 1 3 0.46 0
298 4 6 0 1 11.2815 0.5 1.68523192406 0.145610034439 1 Cristina  842.1509397549999 0.055 0.503459135591 1.03962188962 1 1 3 0.46 1
299 3 4.5 0 0 11.2815 0.5 1.47335982323 0.189233136265 1 Cristina  844.9361020050001 0.055 0.230720829843 0.784126686962 1 1 3 0.46 0
300 4 4.5 0 0 6.867 0.5 1.85967803001 0.0853471551949 1 Cristina  847.5275820899997 0.055 0.373875600627 1.27433087482 1 1 3 0.46 0
301 4 6 0 0 6.867 0.5 2.31197309494 0.128216107365 1 Cristina  850.5212708210001 0.055 0.480704830685 1.68375698758 1 1 3 0.46 0
302 3 6 0 0 8.3385 0.5 2.11965203285 0.224136634856 1 Cristina  853.9384927589999 0.055 0.392087616336 1.395515398 1 1 3 0.46 0
303 4 4.5 0 0 11.2815 0.5 1.43090415001 0.146777463047 1 Cristina  857.1809238770002 0.055 0.199290887609 0.784126686962 1 1 3 0.46 0
304 3 6 0 1 12.753 0.5 1.76724290848 0.345186220655 1 Cristina  859.7136752870001 0.055 0.429044952843 0.922056687823 1 1 3 0.46 1
305 3 4.5 0 0 8.3385 0.5 1.72113490105 0.166572671992 1 Cristina  862.5974700349998 0.055 0.27522337236 1.05456222905 1 1 3 0.46 0
306 4 6 0 1 9.81 0.5 1.83203411102 0.140478172281 1 Cristina  865.4325848459994 0.055 0.561829224702 1.19155593874 1 1 3 0.46 1
307 3 6 0 1 9.81 0.5 1.81562709808 0.124071159342 1 Cristina  868.3868713809998 0.055 0.59302800074 1.19155593874 1 1 3 0.46 1
308 4 6 0 0 12.753 0.5 1.58871507645 0.166658388624 1 Cristina  871.3312803379995 0.055 0.250709263011 0.922056687823 1 1 3 0.46 0
309 3 4.5 0 1 6.867 0.5 1.89420819283 0.119877318006 1 Cristina  874.036164135 0.055 0.610095779032 1.27433087482 1 1 3 0.46 1
310 4 6 0 1 8.3385 0.5 1.94319486618 0.0476794681844 1 Cristina  877.0451555919999 0.055 0.679220650149 1.395515398 1 1 3 0.46 1
311 3 4.5 0 1 12.753 0.5 1.48804283142 0.293028094293 1 Cristina  880.0938232889994 0.055 0.33966768668 0.695014737127 1 1 3 0.46 1
312 3 4.5 0 0 12.753 0.5 1.43547606468 0.240461327555 1 Cristina  882.704386286 0.055 0.20454912867 0.695014737127 1 1 3 0.46 0
313 3 4.5 0 1 8.3385 0.5 1.65029120445 0.0957289753978 1 Cristina  885.2736124779994 0.055 0.525358946297 1.05456222905 1 1 3 0.46 1
314 4 4.5 0 0 12.753 0.5 1.41138911247 0.216374375345 1 Cristina  888.0395410609999 0.055 0.193476947821 0.695014737127 1 1 3 0.46 0
315 3 6 0 0 12.753 0.5 1.55249595642 0.130439268598 1 Cristina  890.5662157329998 0.055 0.244186808736 0.922056687823 1 1 3 0.46 0
316 4 6 0 1 12.753 0.5 1.58558893204 0.163532244215 1 Cristina  893.2138971009999 0.055 0.429337501978 0.922056687823 1 1 3 0.46 1
317 3 6 0 1 11.2815 0.5 1.74571108818 0.206089198562 1 Cristina  895.9024231200001 0.055 0.476878947399 1.03962188962 1 1 3 0.46 1
318 3 6 0 0 11.2815 0.5 1.76300382614 0.223381936523 1 Cristina  898.7749917359997 0.055 0.309630889772 1.03962188962 1 1 3 0.46 0
319 3 4.5 0 0 6.867 0.5 1.97139501572 0.197064140897 1 Cristina  901.6539890579998 0.055 0.335082013968 1.27433087482 1 1 3 0.46 0
