trial vx vy vz LongOcclusion g timeStill rTime TemporalError environment id pupiltime IOD OccludedTimeOfTrajectory FlightDuration Drag DragFirst block accuracy LongOcclusion
0 4 4.5 0 1 8.3385 0.5 7.62649607658 6.07193384753 1 Lisa  2.2880844379997143 0.064 0.497161912199 1.05456222905 1 1 2 0.22 1
1 4 4.5 0 0 6.867 0.5 1.74179005623 -0.0325408185905 1 Lisa  11.023729880999781 0.064 0.329404488254 1.27433087482 1 1 2 0.22 0
2 4 6 0 0 11.2815 0.5 1.61641788483 0.0767959952084 1 Lisa  13.886197902999811 0.064 0.275707381504 1.03962188962 1 1 2 0.22 0
3 3 6 0 1 9.81 0.5 1.74357295036 0.0520170116212 1 Lisa  16.629208829999698 0.064 0.54490808825 1.19155593874 1 1 2 0.22 1
4 3 4.5 0 0 12.753 0.5 1.23940491676 0.0443901796359 1 Lisa  19.474652732999857 0.064 0.207749868854 0.695014737127 1 1 2 0.22 0
5 3 6 0 1 12.753 0.5 1.52445292473 0.102396236906 1 Lisa  21.813191637999807 0.064 0.451881059252 0.922056687823 1 1 2 0.22 1
6 4 6 0 1 9.81 0.5 1.74924206734 0.0576861285951 1 Lisa  24.45851301399989 0.064 0.554080534115 1.19155593874 1 1 2 0.22 1
7 3 6 0 0 11.2815 0.5 1.65607213974 0.116450250122 1 Lisa  27.306358928999998 0.064 0.293257924431 1.03962188962 1 1 2 0.22 0
8 4 4.5 0 0 11.2815 0.5 1.31903004646 0.0349033595013 1 Lisa  30.078376864999882 0.064 0.206207455629 0.784126686962 1 1 2 0.22 0
9 4 4.5 0 0 8.3385 0.5 1.59150004387 0.0369378148143 1 Lisa  32.491339202999825 0.064 0.298620286192 1.05456222905 1 1 2 0.22 0
10 4 4.5 0 1 11.2815 0.5 1.33160090446 0.047474217503 1 Lisa  35.182774785999754 0.064 0.359476546421 0.784126686962 1 1 2 0.22 1
11 3 4.5 0 1 9.81 0.5 1.45378899574 0.054335033201 1 Lisa  37.61724953399971 0.064 0.446298857949 0.899453962542 1 1 2 0.22 1
12 3 6 0 0 6.867 0.5 2.2073340416 0.0235770540199 1 Lisa  40.16803274299991 0.064 0.451671663291 1.68375698758 1 1 2 0.22 0
13 4 6 0 1 8.3385 0.5 1.99292588234 0.0974104843434 1 Lisa  43.47517526199999 0.064 0.634208398552 1.395515398 1 1 2 0.22 1
14 3 4.5 0 0 11.2815 0.5 1.34615397453 0.0620272875714 1 Lisa  46.58501613599992 0.064 0.229788650982 0.784126686962 1 1 2 0.22 0
15 4 4.5 0 0 9.81 0.5 1.4958460331 0.0963920705545 1 Lisa  49.02199037199989 0.064 0.230512593431 0.899453962542 1 1 2 0.22 0
16 4 4.5 0 1 6.867 0.5 1.89903998375 0.12470910893 1 Lisa  51.634596083999895 0.064 0.585514305789 1.27433087482 1 1 2 0.22 1
17 4 6 0 0 9.81 0.5 1.74279999733 0.0512440585877 1 Lisa  54.63604875499959 0.064 0.336171307232 1.19155593874 1 1 2 0.22 0
18 3 4.5 0 1 12.753 0.5 1.28759908676 0.0925843496341 1 Lisa  57.48103756799992 0.064 0.318648968386 0.695014737127 1 1 2 0.22 1
19 3 6 0 1 11.2815 0.5 1.6491549015 0.109533011886 1 Lisa  59.88151904699998 0.064 0.509465048751 1.03962188962 1 1 2 0.22 1
20 3 4.5 0 1 8.3385 0.5 1.55699086189 0.00242863283794 1 Lisa  62.6408439959996 0.064 0.480919838127 1.05456222905 1 1 2 0.22 1
21 4 4.5 0 0 12.753 0.5 1.26722097397 0.0722062368411 1 Lisa  65.28187961599997 0.064 0.200045733569 0.695014737127 1 1 2 0.22 0
22 4 6 0 1 6.867 0.5 2.28176593781 0.0980089502296 1 Lisa  67.65925929299965 0.064 0.825529045516 1.68375698758 1 1 2 0.22 1
23 3 4.5 0 0 6.867 0.5 1.72049498558 -0.0538358892387 1 Lisa  71.04890875799993 0.064 0.362758336603 1.27433087482 1 1 2 0.22 0
24 4 6 0 0 8.3385 0.5 1.85558891296 -0.0399264850322 1 Lisa  73.88592074299959 0.064 0.399212502065 1.395515398 1 1 2 0.22 0
25 4 6 0 1 11.2815 0.5 1.64442706108 0.104805171463 1 Lisa  76.83463448699968 0.064 0.49318282856 1.03962188962 1 1 2 0.22 1
26 4 6 0 1 12.753 0.5 1.49194908142 0.0698923935981 1 Lisa  79.57192256399958 0.064 0.431572173307 0.922056687823 1 1 2 0.22 1
27 4 6 0 0 6.867 0.5 2.22259998322 0.0388429956398 1 Lisa  82.17504169699987 0.064 0.481594613421 1.68375698758 1 1 2 0.22 0
28 3 6 0 0 8.3385 0.5 1.89692783356 0.00141243556106 1 Lisa  85.49337928399973 0.064 0.355453584598 1.395515398 1 1 2 0.22 0
29 3 6 0 1 8.3385 0.5 2.0811920166 0.185676618605 1 Lisa  88.498063946 0.064 0.670069496471 1.395515398 1 1 2 0.22 1
30 3 6 0 0 12.753 0.5 1.49098706245 0.0689303746314 1 Lisa  91.67554594899957 0.064 0.231799191979 0.922056687823 1 1 2 0.22 0
31 3 4.5 0 0 9.81 0.5 1.52455401421 0.125100051664 1 Lisa  94.30349880099993 0.064 0.25491967212 0.899453962542 1 1 2 0.22 0
32 4 4.5 0 1 12.753 0.5 1.1947748661 -0.000239871023274 1 Lisa  96.92934800099965 0.064 0.347152687259 0.695014737127 1 1 2 0.22 1
33 4 6 0 0 12.753 0.5 1.49559187889 0.0735351910682 1 Lisa  99.21749678599963 0.064 0.233714665981 0.922056687823 1 1 2 0.22 0
34 3 4.5 0 1 6.867 0.5 1.84306716919 0.0687362943703 1 Lisa  101.82612921499958 0.064 0.611562487451 1.27433087482 1 1 2 0.22 1
35 3 6 0 1 6.867 0.5 2.3698990345 0.186142046925 1 Lisa  104.76933195599986 0.064 0.799082937796 1.68375698758 1 1 2 0.22 1
36 4 4.5 0 1 9.81 0.5 1.71444582939 0.31499186685 1 Lisa  108.263373107 0.064 0.424317330382 0.899453962542 1 1 2 0.22 1
37 3 6 0 0 9.81 0.5 1.8475959301 0.156039991358 1 Lisa  111.09382378699956 0.064 0.307529880115 1.19155593874 1 1 2 0.22 0
38 3 4.5 0 1 11.2815 0.5 1.38740611076 0.103279423802 1 Lisa  114.03824930699966 0.064 0.39173934012 0.784126686962 1 1 2 0.22 1
39 3 4.5 0 0 8.3385 0.5 1.65702700615 0.102464777095 1 Lisa  116.54234180799995 0.064 0.296106035172 1.05456222905 1 1 2 0.22 0
40 3 6 0 0 8.3385 0.5 1.87626004219 -0.0192553558055 1 Lisa  119.31154815299988 0.064 0.402385251592 1.395515398 1 1 2 0.22 0
41 4 6 0 1 8.3385 0.5 2.03184509277 0.136329694777 1 Lisa  122.37215055599972 0.064 0.689286135769 1.395515398 1 1 2 0.22 1
42 3 4.5 0 1 12.753 0.5 1.28401398659 0.0889992494601 1 Lisa  125.42981867599974 0.064 0.330695608239 0.695014737127 1 1 2 0.22 1
43 3 4.5 0 0 11.2815 0.5 1.35783195496 0.0737052679943 1 Lisa  127.80234290699991 0.064 0.231521287974 0.784126686962 1 1 2 0.22 0
44 4 4.5 0 0 11.2815 0.5 1.40803313255 0.123906445591 1 Lisa  130.27830631399956 0.064 0.235140565525 0.784126686962 1 1 2 0.22 0
45 4 4.5 0 1 11.2815 0.5 1.45682907104 0.172702384083 1 Lisa  132.78115687299987 0.064 0.37634046812 0.784126686962 1 1 2 0.22 1
46 4 4.5 0 0 12.753 0.5 1.3510158062 0.156001069071 1 Lisa  135.34614021299967 0.064 0.173922641295 0.695014737127 1 1 2 0.22 0
47 4 6 0 1 12.753 0.5 1.47619795799 0.0541412701697 1 Lisa  137.801904766 0.064 0.456914520048 0.922056687823 1 1 2 0.22 1
48 3 6 0 1 9.81 0.5 1.78431820869 0.0927622699525 1 Lisa  140.39459575699993 0.064 0.562906203536 1.19155593874 1 1 2 0.22 1
49 3 6 0 0 6.867 0.5 2.32204008102 0.138283093449 1 Lisa  143.28580706999992 0.064 0.452347558863 1.68375698758 1 1 2 0.22 0
50 3 4.5 0 0 8.3385 0.5 1.5941259861 0.0395637570445 1 Lisa  146.71294394400002 0.064 0.266645760323 1.05456222905 1 1 2 0.22 0
51 4 6 0 1 6.867 0.5 2.37020993233 0.186452944752 1 Lisa  149.40229362299988 0.064 0.787947633838 1.68375698758 1 1 2 0.22 1
52 3 4.5 0 0 9.81 0.5 1.53486990929 0.135415946745 1 Lisa  152.87946847099965 0.064 0.255504407389 0.899453962542 1 1 2 0.22 0
53 4 4.5 0 0 9.81 0.5 1.4718298912 0.072375928663 1 Lisa  155.5128689449998 0.064 0.249942136118 0.899453962542 1 1 2 0.22 0
54 4 6 0 0 9.81 0.5 1.74875593185 0.0571999931123 1 Lisa  158.09076376699977 0.064 0.304450518825 1.19155593874 1 1 2 0.22 0
55 3 4.5 0 1 9.81 0.5 1.48974013329 0.0902861707437 1 Lisa  160.9286094429999 0.064 0.436434910005 0.899453962542 1 1 2 0.22 1
56 3 6 0 0 11.2815 0.5 1.65744304657 0.117821156952 1 Lisa  163.5318205259996 0.064 0.294185882661 1.03962188962 1 1 2 0.22 0
57 3 4.5 0 1 6.867 0.5 1.65322399139 -0.121106883425 1 Lisa  166.29818694799997 0.064 0.616770590108 1.27433087482 1 1 2 0.22 1
58 4 4.5 0 0 8.3385 0.5 1.6136059761 0.05904374705 1 Lisa  169.0548261959998 0.064 0.30151564031 1.05456222905 1 1 2 0.22 0
59 3 6 0 0 9.81 0.5 1.72652101517 0.0349650764253 1 Lisa  171.8007225059996 0.064 0.300533631843 1.19155593874 1 1 2 0.22 0
60 4 6 0 0 8.3385 0.5 2.00351691246 0.108001514464 1 Lisa  174.6213934919997 0.064 0.406765691067 1.395515398 1 1 2 0.22 0
61 3 6 0 1 11.2815 0.5 1.69467806816 0.155056178543 1 Lisa  177.72776076899981 0.064 0.492519194727 1.03962188962 1 1 2 0.22 1
62 4 6 0 1 11.2815 0.5 1.77134108543 0.231719195816 1 Lisa  180.52483133899977 0.064 0.47510757776 1.03962188962 1 1 2 0.22 1
63 3 4.5 0 1 11.2815 0.5 1.36660313606 0.0824764491009 1 Lisa  183.42664360299977 0.064 0.355528626981 0.784126686962 1 1 2 0.22 1
64 4 6 0 0 6.867 0.5 2.18499493599 0.00123794841384 1 Lisa  185.87488289299972 0.064 0.466928974962 1.68375698758 1 1 2 0.22 0
65 3 4.5 0 0 12.753 0.5 1.31091713905 0.115902401926 1 Lisa  189.16980548999982 0.064 0.207753489008 0.695014737127 1 1 2 0.22 0
66 3 6 0 0 12.753 0.5 1.52897191048 0.106915222654 1 Lisa  191.59006735100002 0.064 0.266260434075 0.922056687823 1 1 2 0.22 0
67 3 6 0 1 6.867 0.5 2.25296616554 0.0692091779671 1 Lisa  194.2306488299996 0.064 0.773359009784 1.68375698758 1 1 2 0.22 1
68 4 6 0 0 12.753 0.5 1.45925998688 0.0372032990546 1 Lisa  197.58551437799997 0.064 0.234177925573 0.922056687823 1 1 2 0.22 0
69 3 6 0 1 12.753 0.5 1.70602703094 0.283970343122 1 Lisa  200.14781281099977 0.064 0.44958366474 0.922056687823 1 1 2 0.22 1
70 4 4.5 0 1 6.867 0.5 1.91948580742 0.1451549326 1 Lisa  202.9581688139997 0.064 0.595098041366 1.27433087482 1 1 2 0.22 1
71 3 4.5 0 0 6.867 0.5 2.05917692184 0.284846047025 1 Lisa  205.97397384299984 0.064 0.373484864516 1.27433087482 1 1 2 0.22 0
72 3 6 0 1 8.3385 0.5 2.20712995529 0.311614557296 1 Lisa  209.14211572299973 0.064 0.659698213276 1.395515398 1 1 2 0.22 1
73 4 6 0 0 11.2815 0.5 1.62632679939 0.0867049097745 1 Lisa  212.45200959399972 0.064 0.262723091744 1.03962188962 1 1 2 0.22 0
74 4 4.5 0 1 9.81 0.5 1.47143316269 0.0719792001474 1 Lisa  215.2022721459998 0.064 0.4404257562 0.899453962542 1 1 2 0.22 1
75 3 4.5 0 1 8.3385 0.5 1.64922499657 0.094662767512 1 Lisa  217.7771448239996 0.064 0.504306751672 1.05456222905 1 1 2 0.22 1
76 4 6 0 1 9.81 0.5 2.02524709702 0.333691158273 1 Lisa  220.52846642099985 0.064 0.560862086314 1.19155593874 1 1 2 0.22 1
77 4 4.5 0 1 8.3385 0.5 1.54842209816 -0.00614013089497 1 Lisa  223.65259342199988 0.064 0.484814573361 1.05456222905 1 1 2 0.22 1
78 4 4.5 0 1 12.753 0.5 1.38295197487 0.187937237741 1 Lisa  226.3187303339996 0.064 0.337077071335 0.695014737127 1 1 2 0.22 1
79 4 4.5 0 0 6.867 0.5 1.82262015343 0.048289278608 1 Lisa  228.83421763399974 0.064 0.32499612049 1.27433087482 1 1 2 0.22 0
80 4 6 0 0 8.3385 0.5 1.9551820755 0.0596666775044 1 Lisa  231.76218937999965 0.064 0.411194219793 1.395515398 1 1 2 0.22 0
81 4 4.5 0 1 8.3385 0.5 1.76525616646 0.210693937403 1 Lisa  234.80554574999996 0.064 0.504361119373 1.05456222905 1 1 2 0.22 1
82 3 4.5 0 0 6.867 0.5 1.87873983383 0.104408959013 1 Lisa  237.680627662 0.064 0.332925432777 1.27433087482 1 1 2 0.22 0
83 4 4.5 0 0 12.753 0.5 1.28003406525 0.0850193281192 1 Lisa  240.66509590799978 0.064 0.185260755203 0.695014737127 1 1 2 0.22 0
84 3 4.5 0 1 8.3385 0.5 1.62617206573 0.0716098366801 1 Lisa  243.0623233049996 0.064 0.485084476727 1.05456222905 1 1 2 0.22 1
85 3 6 0 0 8.3385 0.5 2.01543903351 0.119923635512 1 Lisa  245.81023700999958 0.064 0.410017047656 1.395515398 1 1 2 0.22 0
86 3 4.5 0 0 9.81 0.5 1.59049987793 0.191045915388 1 Lisa  248.9169179569999 0.064 0.234086723022 0.899453962542 1 1 2 0.22 0
87 4 6 0 0 11.2815 0.5 1.80235910416 0.262737214538 1 Lisa  251.61533076999967 0.064 0.299859928383 1.03962188962 1 1 2 0.22 0
88 3 6 0 1 6.867 0.5 2.47565603256 0.291899044987 1 Lisa  254.529984237 0.064 0.75955486051 1.68375698758 1 1 2 0.22 1
89 3 6 0 1 8.3385 0.5 2.28791904449 0.392403646499 1 Lisa  258.11166057499986 0.064 0.66126604655 1.395515398 1 1 2 0.22 1
90 3 6 0 1 9.81 0.5 1.82159805298 0.130042114237 1 Lisa  261.5190009119997 0.064 0.548883277692 1.19155593874 1 1 2 0.22 1
91 4 6 0 1 8.3385 0.5 2.00940012932 0.113884731322 1 Lisa  264.4461912349998 0.064 0.687118583401 1.395515398 1 1 2 0.22 1
92 4 4.5 0 1 9.81 0.5 1.49909090996 0.0996369474161 1 Lisa  267.56134105599995 0.064 0.446268355843 0.899453962542 1 1 2 0.22 1
93 4 6 0 1 9.81 0.5 1.80643892288 0.11488298414 1 Lisa  270.16272154399985 0.064 0.5495006922 1.19155593874 1 1 2 0.22 1
94 4 4.5 0 0 8.3385 0.5 1.78140306473 0.226840835673 1 Lisa  273.0845724039996 0.064 0.299566066973 1.05456222905 1 1 2 0.22 0
95 4 4.5 0 0 9.81 0.5 1.52479195595 0.125337993406 1 Lisa  275.97565670799986 0.064 0.246719098279 0.899453962542 1 1 2 0.22 0
96 4 6 0 1 12.753 0.5 1.74177598953 0.31971930171 1 Lisa  278.61124736099964 0.064 0.431558212011 0.922056687823 1 1 2 0.22 1
97 4 6 0 1 6.867 0.5 2.37954998016 0.195792992588 1 Lisa  281.45029097299994 0.064 0.764802879089 1.68375698758 1 1 2 0.22 1
98 3 4.5 0 1 9.81 0.5 1.65077996254 0.251325999998 1 Lisa  284.93256806399995 0.064 0.443041770271 0.899453962542 1 1 2 0.22 1
99 3 6 0 0 11.2815 0.5 1.64148402214 0.101862132522 1 Lisa  287.6813646849996 0.064 0.307114308117 1.03962188962 1 1 2 0.22 0
100 4 4.5 0 1 6.867 0.5 1.81020998955 0.0358791147286 1 Lisa  290.44724221199976 0.064 0.626133554416 1.27433087482 1 1 2 0.22 1
101 3 4.5 0 0 11.2815 0.5 1.30156207085 0.0174353838848 1 Lisa  293.3515197339998 0.064 0.224336513557 0.784126686962 1 1 2 0.22 0
102 3 4.5 0 0 12.753 0.5 1.62093615532 0.425921418192 1 Lisa  295.7575516869997 0.064 0.183956863601 0.695014737127 1 1 2 0.22 0
103 4 4.5 0 1 12.753 0.5 1.24122095108 0.0462062139529 1 Lisa  298.5003298219999 0.064 0.329596903695 0.695014737127 1 1 2 0.22 1
104 3 4.5 0 1 11.2815 0.5 1.36819005013 0.0840633631634 1 Lisa  300.8509537189998 0.064 0.391253930248 0.784126686962 1 1 2 0.22 1
105 4 6 0 1 11.2815 0.5 1.91174817085 0.372126281234 1 Lisa  303.31567313999994 0.064 0.497602443413 1.03962188962 1 1 2 0.22 1
106 3 6 0 0 9.81 0.5 1.87089180946 0.179335870722 1 Lisa  306.32790942899965 0.064 0.337687229609 1.19155593874 1 1 2 0.22 0
107 4 4.5 0 0 11.2815 0.5 1.37168002129 0.0875533343243 1 Lisa  309.31808899299995 0.064 0.226693824812 0.784126686962 1 1 2 0.22 0
108 4 6 0 0 9.81 0.5 1.93294501305 0.241389074304 1 Lisa  311.7997244139997 0.064 0.300838252124 1.19155593874 1 1 2 0.22 0
109 3 4.5 0 1 6.867 0.5 1.73861694336 -0.0357139314598 1 Lisa  314.8293151839998 0.064 0.575324505827 1.27433087482 1 1 2 0.22 1
110 3 6 0 1 11.2815 0.5 1.79474496841 0.255123078796 1 Lisa  317.6736649119998 0.064 0.514282696935 1.03962188962 1 1 2 0.22 1
111 4 4.5 0 0 6.867 0.5 1.86618089676 0.0918500219399 1 Lisa  320.57337676399993 0.064 0.363864665946 1.27433087482 1 1 2 0.22 0
112 4 6 0 0 6.867 0.5 2.24809503555 0.0643380479774 1 Lisa  323.5427097859997 0.064 0.449708578038 1.68375698758 1 1 2 0.22 0
113 4 6 0 0 12.753 0.5 1.63834309578 0.216286407957 1 Lisa  326.9132117649997 0.064 0.267928714029 0.922056687823 1 1 2 0.22 0
114 3 4.5 0 0 8.3385 0.5 1.65897917747 0.10441694842 1 Lisa  329.6531996239996 0.064 0.264248947214 1.05456222905 1 1 2 0.22 0
115 3 4.5 0 1 12.753 0.5 1.24591183662 0.0508970994967 1 Lisa  332.3876453319999 0.064 0.338133016842 0.695014737127 1 1 2 0.22 1
116 3 6 0 0 12.753 0.5 1.60064816475 0.178591476926 1 Lisa  334.74185689099977 0.064 0.237052286127 0.922056687823 1 1 2 0.22 0
117 3 6 0 1 12.753 0.5 1.64515209198 0.223095404157 1 Lisa  337.456107559 0.064 0.443084439292 0.922056687823 1 1 2 0.22 1
118 3 6 0 0 6.867 0.5 2.30844283104 0.124685843464 1 Lisa  340.20588346199975 0.064 0.500412114976 1.68375698758 1 1 2 0.22 0
119 4 4.5 0 1 11.2815 0.5 1.28584599495 0.00171930798763 1 Lisa  343.6265069369997 0.064 0.355113794468 0.784126686962 1 1 2 0.22 1
120 4 4.5 0 0 12.753 0.5 1.33339905739 0.138384320261 1 Lisa  346.0124779969997 0.064 0.186568167338 0.695014737127 1 1 2 0.22 0
121 4 4.5 0 0 11.2815 0.5 1.39131593704 0.107189250081 1 Lisa  348.4621216679998 0.064 0.201822197737 0.784126686962 1 1 2 0.22 0
122 3 6 0 1 12.753 0.5 1.64323616028 0.221179472456 1 Lisa  350.9429216579997 0.064 0.429292838901 0.922056687823 1 1 2 0.22 1
123 4 6 0 1 8.3385 0.5 2.12047100067 0.224955602675 1 Lisa  353.6807702019996 0.064 0.6687724989 1.395515398 1 1 2 0.22 1
124 4 4.5 0 1 8.3385 0.5 1.78415584564 0.229593616587 1 Lisa  356.925960262 0.064 0.505552621149 1.05456222905 1 1 2 0.22 1
125 4 4.5 0 1 12.753 0.5 1.45557999611 0.260565258982 1 Lisa  359.8056735099999 0.064 0.34287730798 0.695014737127 1 1 2 0.22 1
126 4 6 0 0 11.2815 0.5 1.65500497818 0.115383088562 1 Lisa  362.3645756669998 0.064 0.298432509088 1.03962188962 1 1 2 0.22 0
127 4 6 0 1 12.753 0.5 1.72640109062 0.304344402799 1 Lisa  365.1315146109996 0.064 0.420370871462 0.922056687823 1 1 2 0.22 1
128 3 6 0 1 9.81 0.5 2.00147390366 0.309917964914 1 Lisa  367.97111702799975 0.064 0.557615235057 1.19155593874 1 1 2 0.22 1
129 4 6 0 0 9.81 0.5 1.72177386284 0.0302179240968 1 Lisa  371.0810265399996 0.064 0.306178352764 1.19155593874 1 1 2 0.22 0
130 3 6 0 0 11.2815 0.5 1.69403815269 0.154416263076 1 Lisa  373.9095349909999 0.064 0.307940824687 1.03962188962 1 1 2 0.22 0
131 3 6 0 1 11.2815 0.5 1.91363716125 0.374015271637 1 Lisa  376.7006033749999 0.064 0.484222224971 1.03962188962 1 1 2 0.22 1
132 4 6 0 0 12.753 0.5 1.55682587624 0.134769188413 1 Lisa  379.7227692839997 0.064 0.275484455343 0.922056687823 1 1 2 0.22 0
133 4 4.5 0 0 6.867 0.5 1.8247089386 0.0503780637795 1 Lisa  382.3954994869996 0.064 0.340856418472 1.27433087482 1 1 2 0.22 0
134 3 4.5 0 1 11.2815 0.5 1.30448389053 0.0203572035717 1 Lisa  385.30484733000003 0.064 0.372084087599 0.784126686962 1 1 2 0.22 1
135 3 4.5 0 0 8.3385 0.5 1.72306799889 0.168505769831 1 Lisa  387.735187795 0.064 0.272275251286 1.05456222905 1 1 2 0.22 0
136 4 6 0 1 6.867 0.5 2.58665800095 0.402901013371 1 Lisa  390.5655439889997 0.064 0.81822344951 1.68375698758 1 1 2 0.22 1
137 4 4.5 0 1 11.2815 0.5 1.46074795723 0.176621270268 1 Lisa  394.2430135659997 0.064 0.38100809394 0.784126686962 1 1 2 0.22 1
138 4 6 0 1 9.81 0.5 1.98236489296 0.290808954218 1 Lisa  396.81996400299977 0.064 0.55028944556 1.19155593874 1 1 2 0.22 1
139 4 6 0 0 6.867 0.5 2.37764406204 0.193887074467 1 Lisa  399.9105321699999 0.064 0.46905556002 1.68375698758 1 1 2 0.22 0
140 4 4.5 0 1 6.867 0.5 1.90890908241 0.134578207594 1 Lisa  403.3922255509997 0.064 0.621185441257 1.27433087482 1 1 2 0.22 1
141 4 6 0 1 11.2815 0.5 1.73112607002 0.191504180404 1 Lisa  406.4226652719999 0.064 0.501338865259 1.03962188962 1 1 2 0.22 1
142 4 6 0 0 8.3385 0.5 2.04092884064 0.145413442641 1 Lisa  409.2569956479997 0.064 0.374032100936 1.395515398 1 1 2 0.22 0
143 3 4.5 0 1 9.81 0.5 1.54158401489 0.142130052351 1 Lisa  412.40544028199974 0.064 0.431603293861 0.899453962542 1 1 2 0.22 1
144 3 4.5 0 1 12.753 0.5 1.43873500824 0.243720271112 1 Lisa  415.0540995039996 0.064 0.321912903434 0.695014737127 1 1 2 0.22 1
145 3 6 0 1 8.3385 0.5 2.16457509995 0.269059701949 1 Lisa  417.5796689429999 0.064 0.637580722534 1.395515398 1 1 2 0.22 1
146 4 4.5 0 0 8.3385 0.5 1.73829221725 0.1837299882 1 Lisa  420.8559420929996 0.064 0.284793690766 1.05456222905 1 1 2 0.22 0
147 3 6 0 0 6.867 0.5 2.59489393234 0.411136944767 1 Lisa  423.70024364699975 0.064 0.471040890797 1.68375698758 1 1 2 0.22 0
148 3 6 0 0 9.81 0.5 1.83730316162 0.145747222879 1 Lisa  427.4012022529996 0.064 0.304034216323 1.19155593874 1 1 2 0.22 0
149 3 4.5 0 1 6.867 0.5 1.80271410942 0.0283832346016 1 Lisa  430.338926938 0.064 0.607854868897 1.27433087482 1 1 2 0.22 1
150 3 6 0 1 6.867 0.5 2.40418195724 0.220424969669 1 Lisa  433.2605377089999 0.064 0.813375062229 1.68375698758 1 1 2 0.22 1
151 4 4.5 0 0 9.81 0.5 1.48729491234 0.0878409497965 1 Lisa  436.760403021 0.064 0.234720683381 0.899453962542 1 1 2 0.22 0
152 3 4.5 0 0 6.867 0.5 1.83632397652 0.0619931016976 1 Lisa  439.35541719 0.064 0.375503253084 1.27433087482 1 1 2 0.22 0
153 3 4.5 0 0 9.81 0.5 1.39496707916 -0.0044868833792 1 Lisa  442.30213539999977 0.064 0.246889684345 0.899453962542 1 1 2 0.22 0
154 4 4.5 0 1 9.81 0.5 1.56207895279 0.162624990248 1 Lisa  444.80124244299986 0.064 0.44033230651 0.899453962542 1 1 2 0.22 1
155 3 6 0 0 8.3385 0.5 2.06142115593 0.165905757934 1 Lisa  447.479194689 0.064 0.364809087537 1.395515398 1 1 2 0.22 0
156 3 4.5 0 0 11.2815 0.5 1.4216029644 0.13747627744 1 Lisa  450.62965916099984 0.064 0.209348896073 0.784126686962 1 1 2 0.22 0
157 3 6 0 0 12.753 0.5 1.61906194687 0.197005259046 1 Lisa  453.1526178619997 0.064 0.274935349962 0.922056687823 1 1 2 0.22 0
158 3 4.5 0 1 8.3385 0.5 1.68208098412 0.127518755061 1 Lisa  455.87707829600004 0.064 0.497129565871 1.05456222905 1 1 2 0.22 1
159 3 4.5 0 0 12.753 0.5 1.23145103455 0.0364362974185 1 Lisa  458.6612271189997 0.064 0.186726253291 0.695014737127 1 1 2 0.22 0
160 4 6 0 0 6.867 0.5 2.24464011192 0.0608831243477 1 Lisa  460.99966858699963 0.064 0.464385080703 1.68375698758 1 1 2 0.22 0
161 4 4.5 0 1 6.867 0.5 1.79959106445 0.025260189634 1 Lisa  464.3528631869999 0.064 0.602844304038 1.27433087482 1 1 2 0.22 1
162 4 6 0 1 11.2815 0.5 1.77677488327 0.237152993652 1 Lisa  467.2515977009998 0.064 0.516175229895 1.03962188962 1 1 2 0.22 1
163 4 6 0 0 8.3385 0.5 1.92404103279 0.0285256347951 1 Lisa  470.13958626999965 0.064 0.375854776618 1.395515398 1 1 2 0.22 0
164 4 6 0 0 9.81 0.5 1.71455407143 0.0229981326844 1 Lisa  473.1597001729997 0.064 0.317637377776 1.19155593874 1 1 2 0.22 0
165 3 4.5 0 1 6.867 0.5 1.81133294106 0.0370020662361 1 Lisa  475.9816998639999 0.064 0.582626966697 1.27433087482 1 1 2 0.22 1
166 3 4.5 0 0 11.2815 0.5 1.41061401367 0.12648732671 1 Lisa  478.903465333 0.064 0.20356567926 0.784126686962 1 1 2 0.22 0
167 4 4.5 0 0 12.753 0.5 1.28228378296 0.0872690458316 1 Lisa  481.4089507089998 0.064 0.188845055233 0.695014737127 1 1 2 0.22 0
168 4 4.5 0 1 8.3385 0.5 1.64571785927 0.0911556302134 1 Lisa  483.796549961 0.064 0.475848846494 1.05456222905 1 1 2 0.22 1
169 4 6 0 0 11.2815 0.5 1.67796397209 0.138342082473 1 Lisa  486.5480191649999 0.064 0.274307462039 1.03962188962 1 1 2 0.22 0
170 3 6 0 1 8.3385 0.5 1.93517208099 0.0396566829976 1 Lisa  489.33718088099977 0.064 0.682256397117 1.395515398 1 1 2 0.22 1
171 4 4.5 0 0 11.2815 0.5 1.39907598495 0.114949297993 1 Lisa  492.3821672889999 0.064 0.229684006465 0.784126686962 1 1 2 0.22 0
172 3 4.5 0 1 12.753 0.5 1.23355412483 0.0385393877048 1 Lisa  494.8853544049998 0.064 0.322271740108 0.695014737127 1 1 2 0.22 1
173 3 4.5 0 1 9.81 0.5 1.39187288284 -0.00758107969878 1 Lisa  497.22053254599996 0.064 0.412506019863 0.899453962542 1 1 2 0.22 1
174 3 4.5 0 0 12.753 0.5 1.27760696411 0.0825922269839 1 Lisa  499.7180143839996 0.064 0.191017214163 0.695014737127 1 1 2 0.22 0
175 4 4.5 0 1 12.753 0.5 1.29341602325 0.098401286127 1 Lisa  502.0839036369998 0.064 0.336401014783 0.695014737127 1 1 2 0.22 1
176 3 6 0 0 11.2815 0.5 1.62014913559 0.0805272459714 1 Lisa  504.48080942299976 0.064 0.30320633691 1.03962188962 1 1 2 0.22 0
177 4 6 0 1 8.3385 0.5 2.02308392525 0.127568527251 1 Lisa  507.2062646559998 0.064 0.668934947108 1.395515398 1 1 2 0.22 1
178 4 6 0 1 9.81 0.5 1.73662018776 0.0450642490174 1 Lisa  510.3323337759998 0.064 0.57648104955 1.19155593874 1 1 2 0.22 1
179 4 6 0 1 12.753 0.5 1.48027205467 0.0582153668494 1 Lisa  513.1704431989997 0.064 0.439298935035 0.922056687823 1 1 2 0.22 1
180 3 4.5 0 0 8.3385 0.5 1.59113001823 0.0365677891795 1 Lisa  515.763054303 0.064 0.300422430257 1.05456222905 1 1 2 0.22 0
181 3 6 0 1 12.753 0.5 1.52291703224 0.100860344419 1 Lisa  518.456308236 0.064 0.42363648968 0.922056687823 1 1 2 0.22 1
182 4 4.5 0 1 11.2815 0.5 1.33163714409 0.047510457127 1 Lisa  521.0944471089997 0.064 0.359625848011 0.784126686962 1 1 2 0.22 1
183 4 4.5 0 0 9.81 0.5 1.46218800545 0.0627340429056 1 Lisa  523.5478749459999 0.064 0.232643112887 0.899453962542 1 1 2 0.22 0
184 3 6 0 0 6.867 0.5 2.2712829113 0.0875259237251 1 Lisa  526.1196984019998 0.064 0.484426113576 1.68375698758 1 1 2 0.22 0
185 4 4.5 0 0 6.867 0.5 1.86204910278 0.087718227964 1 Lisa  529.4784541679996 0.064 0.327619520925 1.27433087482 1 1 2 0.22 0
186 3 6 0 0 9.81 0.5 1.76505112648 0.0734951877381 1 Lisa  532.4473156509998 0.064 0.318034800437 1.19155593874 1 1 2 0.22 0
187 4 4.5 0 1 9.81 0.5 1.39098596573 -0.00846799681304 1 Lisa  535.3135282499998 0.064 0.444572628876 0.899453962542 1 1 2 0.22 1
188 4 6 0 0 12.753 0.5 1.5480530262 0.125996338377 1 Lisa  537.818430625 0.064 0.269853117232 0.922056687823 1 1 2 0.22 0
189 3 6 0 1 11.2815 0.5 1.86064195633 0.321020066711 1 Lisa  540.4746269319999 0.064 0.474406213417 1.03962188962 1 1 2 0.22 1
190 4 6 0 1 6.867 0.5 2.43456816673 0.250811179157 1 Lisa  543.4247120509999 0.064 0.831617905698 1.68375698758 1 1 2 0.22 1
191 3 6 0 1 6.867 0.5 2.37049484253 0.186737854954 1 Lisa  546.9751952469996 0.064 0.781802464941 1.68375698758 1 1 2 0.22 1
192 3 6 0 0 12.753 0.5 1.51673483849 0.0946781506629 1 Lisa  550.437447672 0.064 0.275359709797 0.922056687823 1 1 2 0.22 0
193 3 4.5 0 1 11.2815 0.5 1.36360192299 0.0794752360272 1 Lisa  553.0550158729998 0.064 0.35735029183 0.784126686962 1 1 2 0.22 1
194 4 4.5 0 0 8.3385 0.5 1.61272597313 0.0581637440745 1 Lisa  555.5227316349997 0.064 0.289729575346 1.05456222905 1 1 2 0.22 0
195 3 6 0 1 9.81 0.5 1.77158689499 0.080030956247 1 Lisa  558.250598742 0.064 0.545134963128 1.19155593874 1 1 2 0.22 1
196 3 4.5 0 0 9.81 0.5 1.49022483826 0.090770875715 1 Lisa  561.1365633679998 0.064 0.247855485649 0.899453962542 1 1 2 0.22 0
197 3 4.5 0 1 8.3385 0.5 4.67457604408 3.12001381503 1 Lisa  565.817483537 0.064 0.486873738353 1.05456222905 1 1 2 0.22 1
198 3 4.5 0 0 6.867 0.5 1.75466012955 -0.019670745272 1 Lisa  569.4754410709998 0.064 0.359343709801 1.27433087482 1 1 2 0.22 0
199 3 6 0 0 8.3385 0.5 2.01237201691 0.116856618911 1 Lisa  572.330635414 0.064 0.390717532162 1.395515398 1 1 2 0.22 0
200 3 4.5 0 0 8.3385 0.5 1.60866189003 0.0540996609751 1 Lisa  575.4425517939999 0.064 0.300737535819 1.05456222905 1 1 2 0.22 0
201 4 4.5 0 1 11.2815 0.5 1.41735100746 0.1332243205 1 Lisa  578.1486923859998 0.064 0.383982082768 0.784126686962 1 1 2 0.22 1
202 4 6 0 1 6.867 0.5 2.43725609779 0.253499110218 1 Lisa  580.6860939599997 0.064 0.784233304208 1.68375698758 1 1 2 0.22 1
203 3 6 0 0 9.81 0.5 1.78072214127 0.0891662025239 1 Lisa  584.2267094729996 0.064 0.346199556365 1.19155593874 1 1 2 0.22 0
204 4 4.5 0 0 12.753 0.5 1.30913686752 0.114122130396 1 Lisa  587.1115922789995 0.064 0.203557281261 0.695014737127 1 1 2 0.22 0
205 3 4.5 0 1 8.3385 0.5 1.6387360096 0.084173780543 1 Lisa  589.5296938359998 0.064 0.504835119356 1.05456222905 1 1 2 0.22 1
206 3 6 0 1 12.753 0.5 1.71606111526 0.294004427442 1 Lisa  592.2847370190002 0.064 0.442641359986 0.922056687823 1 1 2 0.22 1
207 4 6 0 1 12.753 0.5 1.61625790596 0.194201218137 1 Lisa  595.0991678219998 0.064 0.458137843405 0.922056687823 1 1 2 0.22 1
208 3 4.5 0 0 12.753 0.5 1.36107587814 0.166061141016 1 Lisa  597.815828234 0.064 0.185509244628 0.695014737127 1 1 2 0.22 0
209 4 4.5 0 1 6.867 0.5 1.67221689224 -0.102113982577 1 Lisa  600.2991914719996 0.064 0.608712444603 1.27433087482 1 1 2 0.22 1
210 3 4.5 0 1 11.2815 0.5 1.46189594269 0.177769255726 1 Lisa  603.0776002450002 0.064 0.353006048381 0.784126686962 1 1 2 0.22 1
211 3 6 0 0 8.3385 0.5 1.96095705032 0.0654416523274 1 Lisa  605.6508718489995 0.064 0.376851151991 1.395515398 1 1 2 0.22 0
212 3 4.5 0 1 9.81 0.5 1.42213010788 0.0226761453378 1 Lisa  608.7084981849994 0.064 0.414913137865 0.899453962542 1 1 2 0.22 1
213 3 4.5 0 0 11.2815 0.5 1.40384793282 0.119721245854 1 Lisa  611.2391752719996 0.064 0.20417158117 0.784126686962 1 1 2 0.22 0
214 3 6 0 1 8.3385 0.5 1.98914980888 0.0936344108876 1 Lisa  613.7383221279997 0.064 0.651526547716 1.395515398 1 1 2 0.22 1
215 3 6 0 0 11.2815 0.5 1.5545630455 0.0149411558835 1 Lisa  616.8238625209997 0.064 0.286674579811 1.03962188962 1 1 2 0.22 0
216 4 6 0 1 9.81 0.5 1.83434200287 0.142786064127 1 Lisa  619.5021447459994 0.064 0.57223135993 1.19155593874 1 1 2 0.22 1
217 4 6 0 1 11.2815 0.5 1.6693880558 0.129766166183 1 Lisa  622.4634946759998 0.064 0.485006495992 1.03962188962 1 1 2 0.22 1
218 3 4.5 0 0 9.81 0.5 1.22938203812 -0.170071924425 1 Lisa  625.2363761039996 0.064 0.226610730317 0.899453962542 1 1 2 0.22 0
219 3 6 0 1 9.81 0.5 1.8270740509 0.135518112161 1 Lisa  627.5888284470002 0.064 0.559600185722 1.19155593874 1 1 2 0.22 1
220 3 4.5 0 1 6.867 0.5 1.7236289978 -0.0507018770164 1 Lisa  630.5177115469996 0.064 0.611873901892 1.27433087482 1 1 2 0.22 1
221 4 6 0 0 11.2815 0.5 1.66742014885 0.127798259231 1 Lisa  633.3553946209995 0.064 0.27985153026 1.03962188962 1 1 2 0.22 0
222 3 6 0 1 11.2815 0.5 1.58929491043 0.0496730208127 1 Lisa  636.1110430509998 0.064 0.48425706388 1.03962188962 1 1 2 0.22 1
223 3 6 0 1 6.867 0.5 2.19443893433 0.0106819467506 1 Lisa  638.8054113079997 0.064 0.77424614886 1.68375698758 1 1 2 0.22 1
224 3 4.5 0 0 6.867 0.5 1.76799106598 -0.00633980884016 1 Lisa  642.1051766979999 0.064 0.376498873673 1.27433087482 1 1 2 0.22 0
225 4 4.5 0 1 12.753 0.5 1.26711201668 0.0720972795505 1 Lisa  644.9692401889997 0.064 0.32401864383 0.695014737127 1 1 2 0.22 1
226 4 4.5 0 0 6.867 0.5 1.80997204781 0.0356411729866 1 Lisa  647.344958705 0.064 0.380531478501 1.27433087482 1 1 2 0.22 0
227 3 4.5 0 1 12.753 0.5 1.35590314865 0.160888411524 1 Lisa  650.2597809190001 0.064 0.318580034725 0.695014737127 1 1 2 0.22 1
228 4 4.5 0 0 11.2815 0.5 1.37537097931 0.0912442923474 1 Lisa  652.7325146849998 0.064 0.226188881554 0.784126686962 1 1 2 0.22 0
229 4 6 0 1 8.3385 0.5 1.91924595833 0.0237305603322 1 Lisa  655.2321318980003 0.064 0.651381243448 1.395515398 1 1 2 0.22 1
230 3 6 0 0 12.753 0.5 1.4935259819 0.0714692940803 1 Lisa  658.2523364070003 0.064 0.241838750753 0.922056687823 1 1 2 0.22 0
231 4 4.5 0 0 8.3385 0.5 1.70749592781 0.152933698756 1 Lisa  660.8736761279997 0.064 0.289053320556 1.05456222905 1 1 2 0.22 0
232 4 6 0 0 9.81 0.5 1.76993012428 0.0783741855409 1 Lisa  663.6878201109994 0.064 0.30599195445 1.19155593874 1 1 2 0.22 0
233 4 4.5 0 0 9.81 0.5 1.54602813721 0.146574174665 1 Lisa  666.5708734809996 0.064 0.238416085593 0.899453962542 1 1 2 0.22 0
234 4 4.5 0 1 8.3385 0.5 1.68280482292 0.128242593867 1 Lisa  669.2138910049998 0.064 0.479107283214 1.05456222905 1 1 2 0.22 1
235 4 6 0 0 6.867 0.5 2.3557639122 0.172006924625 1 Lisa  671.9944570079997 0.064 0.476071015203 1.68375698758 1 1 2 0.22 0
236 4 4.5 0 1 9.81 0.5 1.49687600136 0.0974220388162 1 Lisa  675.4551181380002 0.064 0.424216768088 0.899453962542 1 1 2 0.22 1
237 3 6 0 0 6.867 0.5 2.38142299652 0.197666008945 1 Lisa  678.0769060299999 0.064 0.477510741303 1.68375698758 1 1 2 0.22 0
238 4 6 0 0 8.3385 0.5 2.12605285645 0.230537458449 1 Lisa  681.5579101029998 0.064 0.406793955339 1.395515398 1 1 2 0.22 0
239 4 6 0 0 12.753 0.5 1.54073190689 0.118675219068 1 Lisa  684.7853719409995 0.064 0.263822331816 0.922056687823 1 1 2 0.22 0
240 4 4.5 0 1 11.2815 0.5 1.38086390495 0.0967372179913 1 Lisa  687.445515894 0.064 0.378581203963 0.784126686962 1 1 2 0.22 1
241 4 6 0 1 6.867 0.5 2.42573595047 0.241978962894 1 Lisa  689.922482688 0.064 0.821280203694 1.68375698758 1 1 2 0.22 1
242 4 6 0 1 11.2815 0.5 1.7090549469 0.169433057281 1 Lisa  693.482229276 0.064 0.478487365222 1.03962188962 1 1 2 0.22 1
243 3 4.5 0 0 6.867 0.5 1.98961901665 0.215288141828 1 Lisa  696.279348944 0.064 0.32374322881 1.27433087482 1 1 2 0.22 0
244 4 6 0 0 11.2815 0.5 1.64606499672 0.106443107101 1 Lisa  699.3812267570001 0.064 0.310226533991 1.03962188962 1 1 2 0.22 0
245 3 4.5 0 1 8.3385 0.5 1.53562498093 -0.0189372481282 1 Lisa  702.1584996419997 0.064 0.516716097468 1.05456222905 1 1 2 0.22 1
246 3 4.5 0 1 11.2815 0.5 1.51005291939 0.225926232426 1 Lisa  704.7954441639995 0.064 0.381529979007 0.784126686962 1 1 2 0.22 1
247 4 6 0 1 12.753 0.5 1.55196094513 0.129904257307 1 Lisa  707.429470264 0.064 0.4344646934 0.922056687823 1 1 2 0.22 1
248 3 4.5 0 1 9.81 0.5 1.45575809479 0.0563041322458 1 Lisa  710.1058928279999 0.064 0.422933616316 0.899453962542 1 1 2 0.22 1
249 3 4.5 0 1 12.753 0.5 1.32439208031 0.12937734318 1 Lisa  712.6603083310001 0.064 0.344194346311 0.695014737127 1 1 2 0.22 1
250 4 4.5 0 0 9.81 0.5 1.46803689003 0.0685829274881 1 Lisa  715.0843541429995 0.064 0.268052295995 0.899453962542 1 1 2 0.22 0
251 3 4.5 0 0 8.3385 0.5 1.65537500381 0.10081277476 1 Lisa  717.6566418009998 0.064 0.267666448176 1.05456222905 1 1 2 0.22 0
252 4 6 0 1 8.3385 0.5 1.98557305336 0.0900576553639 1 Lisa  720.4030641159998 0.064 0.657069354717 1.395515398 1 1 2 0.22 1
253 3 6 0 0 8.3385 0.5 1.92429804802 0.0287826500233 1 Lisa  723.489057793 0.064 0.358141764046 1.395515398 1 1 2 0.22 0
254 3 6 0 0 11.2815 0.5 1.55420184135 0.0145799517361 1 Lisa  726.5129547939996 0.064 0.269756635301 1.03962188962 1 1 2 0.22 0
255 3 4.5 0 0 12.753 0.5 1.19065999985 -0.00435473727999 1 Lisa  729.1616723939997 0.064 0.199768227094 0.695014737127 1 1 2 0.22 0
256 4 4.5 0 1 8.3385 0.5 1.6382060051 0.0836437760417 1 Lisa  731.4478388649995 0.064 0.502814074872 1.05456222905 1 1 2 0.22 1
257 3 6 0 0 6.867 0.5 2.26901698112 0.0852599935493 1 Lisa  734.2100978119997 0.064 0.445180718912 1.68375698758 1 1 2 0.22 0
258 3 6 0 1 12.753 0.5 1.65753102303 0.235474335203 1 Lisa  737.5769029329995 0.064 0.425648017921 0.922056687823 1 1 2 0.22 1
259 4 6 0 0 9.81 0.5 1.75135612488 0.059800186136 1 Lisa  740.3529382999996 0.064 0.306179740387 1.19155593874 1 1 2 0.22 0
260 3 6 0 0 12.753 0.5 1.46987485886 0.0478181710334 1 Lisa  743.218117159 0.064 0.254790133848 0.922056687823 1 1 2 0.22 0
261 4 6 0 1 9.81 0.5 1.78371691704 0.092160978296 1 Lisa  745.8067501509995 0.064 0.548313604578 1.19155593874 1 1 2 0.22 1
262 3 4.5 0 1 6.867 0.5 1.75986719131 -0.0144636835045 1 Lisa  748.7130543419999 0.064 0.612439091891 1.27433087482 1 1 2 0.22 1
263 4 4.5 0 0 8.3385 0.5 1.64365410805 0.0890918789927 1 Lisa  751.5985829339998 0.064 0.302180168758 1.05456222905 1 1 2 0.22 0
264 3 4.5 0 0 11.2815 0.5 1.45006203651 0.165935349553 1 Lisa  754.3404244479998 0.064 0.208681925029 0.784126686962 1 1 2 0.22 0
265 4 4.5 0 1 6.867 0.5 1.6123149395 -0.16201593532 1 Lisa  756.9083898520003 0.064 0.577102378228 1.27433087482 1 1 2 0.22 1
266 3 6 0 1 9.81 0.5 1.78528809547 0.0937321567323 1 Lisa  759.6387406519998 0.064 0.564850790811 1.19155593874 1 1 2 0.22 1
267 4 4.5 0 1 12.753 0.5 1.25576615334 0.0607514162082 1 Lisa  762.5440305269994 0.064 0.339290289897 0.695014737127 1 1 2 0.22 1
268 4 6 0 0 8.3385 0.5 1.85048294067 -0.0450324573222 1 Lisa  764.9194258919997 0.064 0.394456123242 1.395515398 1 1 2 0.22 0
269 3 6 0 1 11.2815 0.5 1.54110789299 0.00148600337188 1 Lisa  767.865096642 0.064 0.488203881268 1.03962188962 1 1 2 0.22 1
270 4 6 0 0 12.753 0.5 1.50666093826 0.0846042504401 1 Lisa  770.5234329369996 0.064 0.233929954947 0.922056687823 1 1 2 0.22 0
271 4 4.5 0 1 9.81 0.5 1.37527108192 -0.0241828806174 1 Lisa  773.151690138 0.064 0.43105829922 0.899453962542 1 1 2 0.22 1
272 4 4.5 0 0 6.867 0.5 1.82553696632 0.0512060915047 1 Lisa  775.6432154559998 0.064 0.36623203199 1.27433087482 1 1 2 0.22 0
273 3 6 0 0 9.81 0.5 1.78132581711 0.0897698783662 1 Lisa  778.5519728089994 0.064 0.322460195629 1.19155593874 1 1 2 0.22 0
274 4 4.5 0 0 11.2815 0.5 1.29211401939 0.00798733243221 1 Lisa  781.4228571819995 0.064 0.210600390138 0.784126686962 1 1 2 0.22 0
275 4 4.5 0 0 12.753 0.5 1.27772498131 0.0827102441806 1 Lisa  783.8236427619995 0.064 0.181903003942 0.695014737127 1 1 2 0.22 0
276 3 6 0 1 6.867 0.5 2.24014902115 0.0563920335731 1 Lisa  786.2364466339995 0.064 0.79369964031 1.68375698758 1 1 2 0.22 1
277 3 4.5 0 0 9.81 0.5 1.46262192726 0.0631679647196 1 Lisa  789.5816968230001 0.064 0.262011497732 0.899453962542 1 1 2 0.22 0
278 4 6 0 0 6.867 0.5 2.25948309898 0.0757261114082 1 Lisa  792.1529957439998 0.064 0.424841460253 1.68375698758 1 1 2 0.22 0
279 3 6 0 1 8.3385 0.5 1.94828295708 0.052767559081 1 Lisa  795.5204494600002 0.064 0.65370820544 1.395515398 1 1 2 0.22 1
280 3 6 0 0 6.867 0.5 2.23362803459 0.0498710470161 1 Lisa  798.5761607969998 0.064 0.445013067451 1.68375698758 1 1 2 0.22 0
281 4 6 0 1 9.81 0.5 1.83607697487 0.144521036127 1 Lisa  801.9228588819997 0.064 0.579701696628 1.19155593874 1 1 2 0.22 1
282 4 4.5 0 0 12.753 0.5 1.26058411598 0.0655693788547 1 Lisa  804.8834232600002 0.064 0.188300875695 0.695014737127 1 1 2 0.22 0
283 3 6 0 1 8.3385 0.5 1.82146000862 -0.0740553893748 1 Lisa  807.2631389669996 0.064 0.653372164591 1.395515398 1 1 2 0.22 1
284 3 6 0 1 11.2815 0.5 1.64380407333 0.104182183716 1 Lisa  810.1771305089997 0.064 0.479161806508 1.03962188962 1 1 2 0.22 1
285 4 4.5 0 0 11.2815 0.5 1.25192093849 -0.0322057484699 1 Lisa  812.9421070150001 0.064 0.232019418638 0.784126686962 1 1 2 0.22 0
286 3 4.5 0 1 8.3385 0.5 1.62913298607 0.074570757014 1 Lisa  815.3067371010002 0.064 0.477093478098 1.05456222905 1 1 2 0.22 1
287 3 4.5 0 1 6.867 0.5 1.97428011894 0.199949244123 1 Lisa  818.0668280729997 0.064 0.607979378231 1.27433087482 1 1 2 0.22 1
288 4 4.5 0 0 6.867 0.5 1.83793592453 0.0636050497109 1 Lisa  821.1462266529998 0.064 0.326633599094 1.27433087482 1 1 2 0.22 0
289 3 6 0 1 6.867 0.5 2.27857303619 0.0948160486183 1 Lisa  824.1102010329996 0.064 0.801340092343 1.68375698758 1 1 2 0.22 1
290 4 4.5 0 0 9.81 0.5 10.7062060833 9.30675212076 1 Lisa  838.066542388 0.064 0.234107290456 0.899453962542 1 1 2 0.22 0
291 4 6 0 1 8.3385 0.5 1.89798402786 0.00246862986648 1 Lisa  839.3202729969998 0.064 0.664724978437 1.395515398 1 1 2 0.22 1
292 4 6 0 0 8.3385 0.5 1.95442986488 0.0589144668874 1 Lisa  842.3636853899998 0.064 0.403828651316 1.395515398 1 1 2 0.22 0
293 4 6 0 1 11.2815 0.5 1.65518093109 0.115559041473 1 Lisa  845.3890221920001 0.064 0.471890811533 1.03962188962 1 1 2 0.22 1
294 4 6 0 0 11.2815 0.5 1.6728079319 0.133186042282 1 Lisa  848.1611012060002 0.064 0.278832544311 1.03962188962 1 1 2 0.22 0
295 4 4.5 0 0 8.3385 0.5 1.62835597992 0.0737937508647 1 Lisa  850.911511716 0.064 0.290935190341 1.05456222905 1 1 2 0.22 0
296 4 6 0 0 12.753 0.5 1.53387308121 0.111816393384 1 Lisa  853.6660870579999 0.064 0.266225254725 0.922056687823 1 1 2 0.22 0
297 3 4.5 0 0 8.3385 0.5 1.28798103333 -0.26658119573 1 Lisa  856.317471974 0.064 0.308995787936 1.05456222905 1 1 2 0.22 0
298 4 4.5 0 1 6.867 0.5 1.79430198669 0.0199711118752 1 Lisa  858.7205300019996 0.064 0.598440527569 1.27433087482 1 1 2 0.22 1
299 3 4.5 0 0 11.2815 0.5 1.38776302338 0.103636336415 1 Lisa  861.6090403090002 0.064 0.233167554225 0.784126686962 1 1 2 0.22 0
300 3 6 0 1 9.81 0.5 1.94183683395 0.250280895212 1 Lisa  864.0898176129995 0.064 0.538178846775 1.19155593874 1 1 2 0.22 1
301 4 4.5 0 1 11.2815 0.5 1.41043710709 0.126310420124 1 Lisa  867.1388938119999 0.064 0.38679029864 0.784126686962 1 1 2 0.22 1
302 4 6 0 1 12.753 0.5 1.87420201302 0.452145325193 1 Lisa  869.6727168050002 0.064 0.421724840461 0.922056687823 1 1 2 0.22 1
303 3 4.5 0 1 11.2815 0.5 1.43753695488 0.153410267918 1 Lisa  872.6550314409997 0.064 0.363111995719 0.784126686962 1 1 2 0.22 1
304 4 6 0 1 6.867 0.5 2.32321095467 0.139453967091 1 Lisa  875.1988620410002 0.064 0.774199746921 1.68375698758 1 1 2 0.22 1
305 3 4.5 0 0 9.81 0.5 1.49303793907 0.0935839765299 1 Lisa  878.6327301149995 0.064 0.267466035586 0.899453962542 1 1 2 0.22 0
306 3 4.5 0 1 12.753 0.5 1.19872403145 0.00370929432096 1 Lisa  881.2318582119997 0.064 0.335815057875 0.695014737127 1 1 2 0.22 1
307 3 6 0 1 12.753 0.5 1.59687185287 0.174815165052 1 Lisa  883.5413952210001 0.064 0.457943312382 0.922056687823 1 1 2 0.22 1
308 3 6 0 0 11.2815 0.5 1.58121109009 0.0415892004697 1 Lisa  886.2358219429998 0.064 0.309331483524 1.03962188962 1 1 2 0.22 0
309 3 4.5 0 0 12.753 0.5 1.17118883133 -0.0238259057981 1 Lisa  888.9304949199995 0.064 0.193192919212 0.695014737127 1 1 2 0.22 0
310 3 4.5 0 1 9.81 0.5 1.50046896935 0.101015006803 1 Lisa  891.2216674339998 0.064 0.437757363473 0.899453962542 1 1 2 0.22 1
311 4 6 0 0 6.867 0.5 2.12431788445 -0.0594391031303 1 Lisa  893.8351188790002 0.064 0.441473883998 1.68375698758 1 1 2 0.22 0
312 4 4.5 0 1 12.753 0.5 1.22888207436 0.0338673372287 1 Lisa  897.0432819609996 0.064 0.334601788319 0.695014737127 1 1 2 0.22 1
313 3 6 0 0 9.81 0.5 1.7074739933 0.0159180545594 1 Lisa  899.3919034419996 0.064 0.340780386497 1.19155593874 1 1 2 0.22 0
314 4 6 0 0 9.81 0.5 1.7630841732 0.0715282344606 1 Lisa  902.1886994810002 0.064 0.30127031042 1.19155593874 1 1 2 0.22 0
315 4 4.5 0 1 8.3385 0.5 1.61369109154 0.0591288624827 1 Lisa  905.0904053449995 0.064 0.491209637693 1.05456222905 1 1 2 0.22 1
316 3 6 0 0 12.753 0.5 1.57099795341 0.148941265592 1 Lisa  907.7909147370001 0.064 0.23935651176 0.922056687823 1 1 2 0.22 0
317 3 4.5 0 0 6.867 0.5 1.81350708008 0.039176205259 1 Lisa  910.4869293689999 0.064 0.371997531424 1.27433087482 1 1 2 0.22 0
318 3 6 0 0 8.3385 0.5 1.92235302925 0.026837631255 1 Lisa  913.4053465409997 0.064 0.411312175554 1.395515398 1 1 2 0.22 0
319 4 4.5 0 1 9.81 0.5 1.35433411598 -0.0451198465597 1 Lisa  916.4301696820003 0.064 0.427339582623 0.899453962542 1 1 2 0.22 1
320 3 4.5 0 0 8.3385 0.5 1.56735086441 0.0127886353556 1 Lisa  918.8981539939996 0.064 0.273783120516 1.05456222905 1 1 2 0.22 0
321 4 6 0 1 11.2815 0.5 1.6573870182 0.117765128586 1 Lisa  921.5878658940001 0.064 0.511271799733 1.03962188962 1 1 2 0.22 1
322 4 6 0 0 9.81 0.5 1.67108011246 -0.0204758262847 1 Lisa  924.3608233360001 0.064 0.355292551722 1.19155593874 1 1 2 0.22 0
323 4 4.5 0 0 12.753 0.5 1.26743507385 0.0724203367251 1 Lisa  927.1530454839994 0.064 0.184534165114 0.695014737127 1 1 2 0.22 0
324 3 4.5 0 1 8.3385 0.5 1.5119869709 -0.0425752581533 1 Lisa  929.515372498 0.064 0.506594910147 1.05456222905 1 1 2 0.22 1
325 4 6 0 0 8.3385 0.5 1.89143919945 -0.00407619854843 1 Lisa  932.1374154929999 0.064 0.392915269253 1.395515398 1 1 2 0.22 0
326 4 4.5 0 1 8.3385 0.5 1.48423099518 -0.0703312338765 1 Lisa  935.1350378110001 0.064 0.52671195783 1.05456222905 1 1 2 0.22 1
327 4 6 0 1 8.3385 0.5 2.07733201981 0.18181662181 1 Lisa  937.7343419099998 0.064 0.643973736392 1.395515398 1 1 2 0.22 1
328 3 4.5 0 1 12.753 0.5 1.2784910202 0.0834762830752 1 Lisa  940.9297571739999 0.064 0.330005547713 0.695014737127 1 1 2 0.22 1
329 4 6 0 0 6.867 0.5 2.22684001923 0.0430830316505 1 Lisa  943.307968176 0.064 0.427192421021 1.68375698758 1 1 2 0.22 0
330 3 4.5 0 0 6.867 0.5 1.73744320869 -0.0368876661247 1 Lisa  946.6557344020002 0.064 0.337491785343 1.27433087482 1 1 2 0.22 0
331 4 6 0 1 6.867 0.5 2.2438158989 0.0600589113197 1 Lisa  949.5201290360001 0.064 0.804639183512 1.68375698758 1 1 2 0.22 1
332 4 4.5 0 1 11.2815 0.5 1.28298616409 -0.0011405228687 1 Lisa  952.8739062570003 0.064 0.378595620472 0.784126686962 1 1 2 0.22 1
333 3 4.5 0 0 9.81 0.5 1.47911095619 0.0796569936502 1 Lisa  955.2616235509995 0.064 0.228370701954 0.899453962542 1 1 2 0.22 0
334 4 6 0 0 12.753 0.5 1.50708985329 0.0850331654639 1 Lisa  957.8349778729998 0.064 0.267918001228 0.922056687823 1 1 2 0.22 0
335 3 6 0 0 8.3385 0.5 1.87483382225 -0.0206815757457 1 Lisa  960.4687724810001 0.064 0.404347450904 1.395515398 1 1 2 0.22 0
336 3 4.5 0 1 9.81 0.5 1.39259815216 -0.00685581038115 1 Lisa  963.4604225189996 0.064 0.449291911759 0.899453962542 1 1 2 0.22 1
337 4 4.5 0 0 6.867 0.5 1.83025288582 0.0559220109993 1 Lisa  965.9627553159999 0.064 0.349782294057 1.27433087482 1 1 2 0.22 0
338 4 4.5 0 1 9.81 0.5 1.54200100899 0.142547046446 1 Lisa  968.9131564999998 0.064 0.407275082448 0.899453962542 1 1 2 0.22 1
339 3 6 0 0 6.867 0.5 2.26719498634 0.0834379987678 1 Lisa  971.5739971040002 0.064 0.461303539913 1.68375698758 1 1 2 0.22 0
340 4 4.5 0 0 9.81 0.5 1.47891497612 0.0794610135782 1 Lisa  974.9577385579996 0.064 0.233707395161 0.899453962542 1 1 2 0.22 0
341 3 4.5 0 0 11.2815 0.5 1.3748550415 0.0907283545422 1 Lisa  977.5363400289998 0.064 0.224251329877 0.784126686962 1 1 2 0.22 0
342 3 6 0 0 12.753 0.5 1.48496508598 0.0629083981605 1 Lisa  980.0324090100003 0.064 0.253312611186 0.922056687823 1 1 2 0.22 0
343 4 4.5 0 1 6.867 0.5 1.88446617126 0.110135296445 1 Lisa  982.6099571140003 0.064 0.605685388519 1.27433087482 1 1 2 0.22 1
344 3 4.5 0 1 11.2815 0.5 1.29578399658 0.0116573096203 1 Lisa  985.6031854559997 0.064 0.3633695175 0.784126686962 1 1 2 0.22 1
345 3 6 0 1 6.867 0.5 2.36507105827 0.181314070698 1 Lisa  988.0271113959998 0.064 0.786679319079 1.68375698758 1 1 2 0.22 1
346 3 6 0 1 12.753 0.5 1.63360595703 0.211549269208 1 Lisa  991.489841437 0.064 0.451250879026 0.922056687823 1 1 2 0.22 1
347 4 6 0 0 11.2815 0.5 1.55439996719 0.0147780775754 1 Lisa  994.2375515819995 0.064 0.311601018269 1.03962188962 1 1 2 0.22 0
348 4 6 0 1 9.81 0.5 1.98009204865 0.288536109903 1 Lisa  996.8942565950001 0.064 0.546228938928 1.19155593874 1 1 2 0.22 1
349 3 6 0 1 11.2815 0.5 1.76652979851 0.226907908889 1 Lisa  999.9803319339999 0.064 0.51209652895 1.03962188962 1 1 2 0.22 1
350 3 4.5 0 0 12.753 0.5 1.25315499306 0.0581402559299 1 Lisa  1002.8351800089995 0.064 0.178204179105 0.695014737127 1 1 2 0.22 0
351 4 6 0 1 12.753 0.5 1.6170091629 0.19495247508 1 Lisa  1005.1833679040001 0.064 0.456578574991 0.922056687823 1 1 2 0.22 1
352 4 4.5 0 0 8.3385 0.5 1.65050387383 0.0959416447703 1 Lisa  1007.9070048019994 0.064 0.298523030609 1.05456222905 1 1 2 0.22 0
353 3 6 0 1 9.81 0.5 1.78849411011 0.0969381713655 1 Lisa  1010.6748531200001 0.064 0.558713165227 1.19155593874 1 1 2 0.22 1
354 3 6 0 0 9.81 0.5 1.83238887787 0.140832939127 1 Lisa  1013.568902518 0.064 0.33550878579 1.19155593874 1 1 2 0.22 0
355 4 4.5 0 1 12.753 0.5 1.27559399605 0.0805792589206 1 Lisa  1016.5184385229995 0.064 0.321227869942 0.695014737127 1 1 2 0.22 1
356 4 4.5 0 0 11.2815 0.5 1.32353687286 0.0394101859021 1 Lisa  1018.8792537270001 0.064 0.222405317399 0.784126686962 1 1 2 0.22 0
357 3 6 0 0 11.2815 0.5 1.74058699608 0.20096510646 1 Lisa  1021.3160746759995 0.064 0.302261487755 1.03962188962 1 1 2 0.22 0
358 3 6 0 1 8.3385 0.5 1.96006798744 0.064552589446 1 Lisa  1024.149989011 0.064 0.645548823941 1.395515398 1 1 2 0.22 1
359 3 4.5 0 1 6.867 0.5 1.94793486595 0.173603991132 1 Lisa  1027.216208588 0.064 0.612355078954 1.27433087482 1 1 2 0.22 1
360 4 4.5 0 0 12.753 0.5 1.27324104309 0.0782263059634 1 Lisa  1030.2618775559995 0.064 0.194629608246 0.695014737127 1 1 2 0.22 0
361 3 4.5 0 1 6.867 0.5 2.02531504631 0.250984171491 1 Lisa  1032.642704287 0.064 0.600583322676 1.27433087482 1 1 2 0.22 1
362 4 4.5 0 0 6.867 0.5 1.79932999611 0.0249991212898 1 Lisa  1035.7702429069996 0.064 0.334389537738 1.27433087482 1 1 2 0.22 0
363 4 4.5 0 1 11.2815 0.5 1.51177597046 0.227649283497 1 Lisa  1038.6947612029999 0.064 0.367841523117 0.784126686962 1 1 2 0.22 1
364 3 6 0 1 12.753 0.5 1.61983513832 0.197778450498 1 Lisa  1041.3177540819997 0.064 0.458722808731 0.922056687823 1 1 2 0.22 1
365 3 6 0 1 6.867 0.5 2.27366995811 0.0899129705391 1 Lisa  1044.0388543899999 0.064 0.828628982138 1.68375698758 1 1 2 0.22 1
366 3 6 0 1 8.3385 0.5 2.00961112976 0.114095731765 1 Lisa  1047.412051894 0.064 0.642298783321 1.395515398 1 1 2 0.22 1
367 4 4.5 0 1 9.81 0.5 1.38816905022 -0.0112849123251 1 Lisa  1050.5392947250002 0.064 0.425842806696 0.899453962542 1 1 2 0.22 1
368 4 6 0 1 11.2815 0.5 1.68156003952 0.141938149902 1 Lisa  1053.0447208320002 0.064 0.509478933266 1.03962188962 1 1 2 0.22 1
369 3 6 0 0 8.3385 0.5 1.935297966 0.0397825680074 1 Lisa  1055.8201198569996 0.064 0.399175870705 1.395515398 1 1 2 0.22 0
370 3 4.5 0 0 6.867 0.5 1.81500101089 0.0406701360756 1 Lisa  1058.8867591159997 0.064 0.363167574413 1.27433087482 1 1 2 0.22 0
371 3 4.5 0 0 8.3385 0.5 1.5208568573 -0.033705371755 1 Lisa  1061.8079223429995 0.064 0.312952106597 1.05456222905 1 1 2 0.22 0
372 3 6 0 1 11.2815 0.5 1.66881299019 0.12919110057 1 Lisa  1064.4372859119994 0.064 0.493192286174 1.03962188962 1 1 2 0.22 1
373 3 6 0 0 9.81 0.5 1.7423119545 0.0507560157563 1 Lisa  1067.2038806259998 0.064 0.347737736243 1.19155593874 1 1 2 0.22 0
374 4 6 0 1 9.81 0.5 1.81008005142 0.11852411268 1 Lisa  1070.068496295 0.064 0.585355246179 1.19155593874 1 1 2 0.22 1
375 4 6 0 0 9.81 0.5 1.76652407646 0.0749681377198 1 Lisa  1072.9753395359994 0.064 0.355878764681 1.19155593874 1 1 2 0.22 0
376 3 6 0 0 12.753 0.5 1.51950001717 0.0974433293433 1 Lisa  1075.8398234340002 0.064 0.24122172088 0.922056687823 1 1 2 0.22 0
377 4 4.5 0 1 12.753 0.5 1.28007817268 0.0850634355563 1 Lisa  1078.476522336 0.064 0.325609578452 0.695014737127 1 1 2 0.22 1
378 4 6 0 1 8.3385 0.5 1.96722602844 0.0717106304463 1 Lisa  1080.8715814299994 0.064 0.676884768058 1.395515398 1 1 2 0.22 1
379 4 6 0 0 12.753 0.5 1.49306488037 0.0710081925483 1 Lisa  1083.9360416419995 0.064 0.236773612653 0.922056687823 1 1 2 0.22 0
380 3 6 0 0 11.2815 0.5 1.58836698532 0.0487450957028 1 Lisa  1086.5384461539998 0.064 0.285530498918 1.03962188962 1 1 2 0.22 0
381 4 6 0 0 11.2815 0.5 1.70391607285 0.164294183227 1 Lisa  1089.2471524679995 0.064 0.29029038716 1.03962188962 1 1 2 0.22 0
382 3 4.5 0 1 12.753 0.5 1.28662014008 0.0916054029483 1 Lisa  1092.048087221 0.064 0.31615720548 0.695014737127 1 1 2 0.22 1
383 3 4.5 0 1 11.2815 0.5 1.31106996536 0.0269432784008 1 Lisa  1094.4517751759995 0.064 0.36320498243 0.784126686962 1 1 2 0.22 1
384 4 4.5 0 1 6.867 0.5 1.83389592171 0.059565046888 1 Lisa  1096.865302307 0.064 0.600463113662 1.27433087482 1 1 2 0.22 1
385 3 4.5 0 0 11.2815 0.5 1.37011194229 0.0859852553295 1 Lisa  1099.8027322339994 0.064 0.218368878996 0.784126686962 1 1 2 0.22 0
386 3 4.5 0 0 9.81 0.5 1.52187609673 0.122422134184 1 Lisa  1102.293856493 0.064 0.234374538374 0.899453962542 1 1 2 0.22 0
387 3 6 0 0 6.867 0.5 2.25451993942 0.0707629518471 1 Lisa  1104.9199148899997 0.064 0.489619389796 1.68375698758 1 1 2 0.22 0
388 4 6 0 1 12.753 0.5 1.40234494209 -0.0197117457299 1 Lisa  1108.2703456939998 0.064 0.427778063335 0.922056687823 1 1 2 0.22 1
389 3 4.5 0 0 12.753 0.5 1.311866045 0.116851307871 1 Lisa  1110.7841106409996 0.064 0.188076923767 0.695014737127 1 1 2 0.22 0
390 4 4.5 0 1 8.3385 0.5 1.58188390732 0.0273216782634 1 Lisa  1113.204701265 0.064 0.481257906465 1.05456222905 1 1 2 0.22 1
391 4 4.5 0 0 11.2815 0.5 1.27989315987 -0.00423352709538 1 Lisa  1115.8981186789997 0.064 0.210100713004 0.784126686962 1 1 2 0.22 0
392 4 6 0 1 6.867 0.5 2.31274390221 0.128986914631 1 Lisa  1118.2664718839997 0.064 0.769691486165 1.68375698758 1 1 2 0.22 1
393 3 4.5 0 1 9.81 0.5 1.58475089073 0.18529692819 1 Lisa  1121.6859285969995 0.064 0.416278030034 0.899453962542 1 1 2 0.22 1
394 3 6 0 1 9.81 0.5 1.87111401558 0.179558076837 1 Lisa  1124.378013898 0.064 0.565652846645 1.19155593874 1 1 2 0.22 1
395 4 4.5 0 0 8.3385 0.5 1.5794479847 0.0248857556407 1 Lisa  1127.3516780199998 0.064 0.266177919108 1.05456222905 1 1 2 0.22 0
396 3 4.5 0 1 8.3385 0.5 1.6458799839 0.0913177548472 1 Lisa  1130.0519012819996 0.064 0.513528015208 1.05456222905 1 1 2 0.22 1
397 4 6 0 0 8.3385 0.5 1.98551893234 0.0900035343465 1 Lisa  1132.8239296499996 0.064 0.356961813337 1.395515398 1 1 2 0.22 0
398 4 4.5 0 0 9.81 0.5 1.48066401482 0.0812100522745 1 Lisa  1135.9015565519994 0.064 0.262727566018 0.899453962542 1 1 2 0.22 0
399 4 6 0 0 6.867 0.5 2.39805006981 0.214293082233 1 Lisa  1138.4884762129996 0.064 0.455371079462 1.68375698758 1 1 2 0.22 0
400 4 4.5 0 0 12.753 0.5 1.2706079483 0.0755932111758 1 Lisa  1142.0132818089996 0.064 0.192344024558 0.695014737127 1 1 2 0.22 0
401 3 6 0 1 6.867 0.5 2.41683006287 0.233073075291 1 Lisa  1144.3815089250002 0.064 0.813834895235 1.68375698758 1 1 2 0.22 1
402 3 6 0 0 8.3385 0.5 2.10653614998 0.211020751983 1 Lisa  1147.9165095409999 0.064 0.405452755825 1.395515398 1 1 2 0.22 0
403 4 4.5 0 1 11.2815 0.5 1.39907002449 0.114943337529 1 Lisa  1151.1249795570002 0.064 0.374079405857 0.784126686962 1 1 2 0.22 1
404 4 4.5 0 0 11.2815 0.5 1.47909903526 0.194972348301 1 Lisa  1153.6185523779995 0.064 0.233368527661 0.784126686962 1 1 2 0.22 0
405 4 6 0 0 11.2815 0.5 1.66092300415 0.121301114532 1 Lisa  1156.183332906 0.064 0.290075265218 1.03962188962 1 1 2 0.22 0
406 3 4.5 0 0 8.3385 0.5 20.1455972195 18.5910349904 1 Lisa  1178.7914983789997 0.064 0.286102154294 1.05456222905 1 1 2 0.22 0
407 3 4.5 0 1 6.867 0.5 20.1455972195 18.5910349904 1 Lisa  1180.023318517 0.064 0.598894461257 1.27433087482 1 1 2 0.22 1
408 3 4.5 0 1 12.753 0.5 1.35598683357 0.160972096445 1 Lisa  1180.187977001 0.064 0.336582838844 0.695014737127 1 1 2 0.22 1
409 3 4.5 0 0 12.753 0.5 1.32966089249 0.134646155359 1 Lisa  1182.6626154589994 0.064 0.200496612549 0.695014737127 1 1 2 0.22 0
410 4 4.5 0 1 6.867 0.5 1.81290698051 0.0385761056954 1 Lisa  1185.0784258490003 0.064 0.583534334367 1.27433087482 1 1 2 0.22 1
411 3 6 0 1 9.81 0.5 1.92589116096 0.234335222223 1 Lisa  1187.996030874 0.064 0.577462535184 1.19155593874 1 1 2 0.22 1
412 4 4.5 0 1 12.753 0.5 1.34078598022 0.145771243097 1 Lisa  1191.0321617439995 0.064 0.322604205173 0.695014737127 1 1 2 0.22 1
413 4 4.5 0 1 9.81 0.5 1.44511914253 0.0456651799906 1 Lisa  1193.4712330780003 0.064 0.41613965565 0.899453962542 1 1 2 0.22 1
414 3 4.5 0 1 11.2815 0.5 1.48886203766 0.204735350697 1 Lisa  1196.0206409490002 0.064 0.369231993868 0.784126686962 1 1 2 0.22 1
415 3 4.5 0 0 6.867 0.5 1.87397098541 0.0996401105934 1 Lisa  1198.622297111 0.064 0.326853708465 1.27433087482 1 1 2 0.22 0
416 4 4.5 0 0 8.3385 0.5 1.63311910629 0.078556877238 1 Lisa  1201.6019665369995 0.064 0.266745639842 1.05456222905 1 1 2 0.22 0
417 3 6 0 1 11.2815 0.5 1.74730300903 0.207681119415 1 Lisa  1204.3529026790002 0.064 0.475664690076 1.03962188962 1 1 2 0.22 1
418 4 6 0 1 8.3385 0.5 2.14573812485 0.250222726851 1 Lisa  1207.189356371 0.064 0.633991548241 1.395515398 1 1 2 0.22 1
419 3 4.5 0 0 11.2815 0.5 1.39578509331 0.111658406346 1 Lisa  1210.4424149369997 0.064 0.218897232902 0.784126686962 1 1 2 0.22 0
420 4 6 0 0 8.3385 0.5 1.97767710686 0.0821617088612 1 Lisa  1212.958249155 0.064 0.393516537351 1.395515398 1 1 2 0.22 0
421 3 4.5 0 0 9.81 0.5 1.52911996841 0.129666005873 1 Lisa  1216.0261583419997 0.064 0.265060550929 0.899453962542 1 1 2 0.22 0
422 3 6 0 0 12.753 0.5 1.6240439415 0.201987253675 1 Lisa  1218.6614257949996 0.064 0.2701796852 0.922056687823 1 1 2 0.22 0
423 4 6 0 1 12.753 0.5 1.58886504173 0.16680835391 1 Lisa  1221.411721677 0.064 0.446999673971 0.922056687823 1 1 2 0.22 1
424 3 6 0 0 9.81 0.5 1.80563807487 0.114082136133 1 Lisa  1224.1061713 0.064 0.3233788456 1.19155593874 1 1 2 0.22 0
425 3 6 0 1 8.3385 0.5 2.25928616524 0.363770767241 1 Lisa  1227.03866448 0.064 0.678413421071 1.395515398 1 1 2 0.22 1
426 4 6 0 0 9.81 0.5 1.93721103668 0.24565509794 1 Lisa  1230.4069262889998 0.064 0.314489841618 1.19155593874 1 1 2 0.22 0
427 4 6 0 0 12.753 0.5 1.54738998413 0.125333296308 1 Lisa  1233.4738889439996 0.064 0.238190479692 0.922056687823 1 1 2 0.22 0
428 4 6 0 1 6.867 0.5 2.59133696556 0.407579977985 1 Lisa  1236.121785575 0.064 0.803127470897 1.68375698758 1 1 2 0.22 1
429 4 4.5 0 1 8.3385 0.5 1.70445108414 0.149888855082 1 Lisa  1239.8170042969996 0.064 0.47763771681 1.05456222905 1 1 2 0.22 1
430 4 6 0 1 9.81 0.5 1.90692591667 0.21536997793 1 Lisa  1242.6215493680002 0.064 0.549129081594 1.19155593874 1 1 2 0.22 1
431 4 6 0 0 6.867 0.5 2.29550790787 0.111750920292 1 Lisa  1245.642929779 0.064 0.46958003031 1.68375698758 1 1 2 0.22 0
432 3 6 0 0 11.2815 0.5 1.68397212029 0.144350230667 1 Lisa  1249.0316796779998 0.064 0.271718441003 1.03962188962 1 1 2 0.22 0
433 4 4.5 0 0 6.867 0.5 1.82773280144 0.0534019266182 1 Lisa  1251.822127628 0.064 0.339113356654 1.27433087482 1 1 2 0.22 0
434 4 4.5 0 0 9.81 0.5 1.52360200882 0.124148046278 1 Lisa  1254.7500370979997 0.064 0.237306065032 0.899453962542 1 1 2 0.22 0
435 3 4.5 0 1 8.3385 0.5 1.71743297577 0.162870746714 1 Lisa  1257.3792695399998 0.064 0.491848046479 1.05456222905 1 1 2 0.22 1
436 3 4.5 0 1 9.81 0.5 1.61502599716 0.21557203462 1 Lisa  1260.199428336 0.064 0.445895989561 0.899453962542 1 1 2 0.22 1
437 3 6 0 0 6.867 0.5 2.40726804733 0.223511059757 1 Lisa  1262.9302671059995 0.064 0.450395466221 1.68375698758 1 1 2 0.22 0
438 3 6 0 1 12.753 0.5 1.57902622223 0.156969534406 1 Lisa  1266.4480182469997 0.064 0.453420582066 0.922056687823 1 1 2 0.22 1
439 4 6 0 1 11.2815 0.5 1.69560790062 0.155986011001 1 Lisa  1269.1386577349995 0.064 0.506431537162 1.03962188962 1 1 2 0.22 1
440 4 4.5 0 0 11.2815 0.5 1.36177515984 0.0776484728741 1 Lisa  1271.935827245 0.064 0.19779044269 0.784126686962 1 1 2 0.22 0
441 4 6 0 1 12.753 0.5 1.66395711899 0.241900431165 1 Lisa  1274.406835029 0.064 0.434204360525 0.922056687823 1 1 2 0.22 1
442 3 6 0 1 12.753 0.5 1.63556194305 0.213505255231 1 Lisa  1277.1920392729999 0.064 0.447082055998 0.922056687823 1 1 2 0.22 1
443 3 4.5 0 1 12.753 0.5 1.30635714531 0.111342408182 1 Lisa  1279.9341991689998 0.064 0.315695384407 0.695014737127 1 1 2 0.22 1
444 4 6 0 1 9.81 0.5 1.66628289223 -0.0252730465148 1 Lisa  1282.3375537209995 0.064 0.548403374293 1.19155593874 1 1 2 0.22 1
445 3 4.5 0 1 11.2815 0.5 1.3305990696 0.0464723826336 1 Lisa  1285.1150228679999 0.064 0.379574107737 0.784126686962 1 1 2 0.22 1
446 3 6 0 0 6.867 0.5 2.24348402023 0.0597270326576 1 Lisa  1287.5401951019994 0.064 0.49897945988 1.68375698758 1 1 2 0.22 0
447 4 4.5 0 0 8.3385 0.5 1.62190413475 0.0673419056956 1 Lisa  1290.897658682 0.064 0.314373910593 1.05456222905 1 1 2 0.22 0
448 4 4.5 0 1 12.753 0.5 1.27833104134 0.0833163042087 1 Lisa  1293.633924113 0.064 0.312805656246 0.695014737127 1 1 2 0.22 1
449 3 4.5 0 0 8.3385 0.5 1.60810804367 0.0535458146159 1 Lisa  1296.0643657869996 0.064 0.316242229574 1.05456222905 1 1 2 0.22 0
450 3 4.5 0 0 6.867 0.5 1.80753302574 0.0332021509224 1 Lisa  1298.7407508329998 0.064 0.343254839429 1.27433087482 1 1 2 0.22 0
451 3 4.5 0 1 6.867 0.5 1.93472003937 0.160389164549 1 Lisa  1301.6533945820001 0.064 0.615572299638 1.27433087482 1 1 2 0.22 1
452 4 4.5 0 1 6.867 0.5 1.87128090858 0.0969500337654 1 Lisa  1304.7023327369998 0.064 0.600776229788 1.27433087482 1 1 2 0.22 1
453 3 4.5 0 0 11.2815 0.5 1.35420393944 0.0700772524762 1 Lisa  1307.683924821 0.064 0.210589675992 0.784126686962 1 1 2 0.22 0
454 4 6 0 0 11.2815 0.5 1.68973088264 0.150108993026 1 Lisa  1310.1447135789995 0.064 0.307229287165 1.03962188962 1 1 2 0.22 0
455 4 6 0 0 9.81 0.5 1.82372903824 0.132173099497 1 Lisa  1312.958093024 0.064 0.335484004101 1.19155593874 1 1 2 0.22 0
456 4 6 0 0 6.867 0.5 2.33153700829 0.14778002071 1 Lisa  1315.8715746729995 0.064 0.42102388816 1.68375698758 1 1 2 0.22 0
457 4 6 0 1 11.2815 0.5 1.7413649559 0.201743066284 1 Lisa  1319.3092682349998 0.064 0.47358445894 1.03962188962 1 1 2 0.22 1
458 3 4.5 0 1 9.81 0.5 1.42329382896 0.0238398664224 1 Lisa  1322.1583247809995 0.064 0.423524625963 0.899453962542 1 1 2 0.22 1
459 3 6 0 1 8.3385 0.5 2.07770085335 0.182185455352 1 Lisa  1324.6828900250002 0.064 0.685730881489 1.395515398 1 1 2 0.22 1
460 3 6 0 0 11.2815 0.5 1.56370902061 0.0240871309964 1 Lisa  1327.8748324400003 0.064 0.277436718226 1.03962188962 1 1 2 0.22 0
461 4 4.5 0 1 9.81 0.5 1.34284687042 -0.0566070921194 1 Lisa  1330.5626733190002 0.064 0.436951140802 0.899453962542 1 1 2 0.22 1
462 4 4.5 0 0 9.81 0.5 1.47202301025 0.0725690477121 1 Lisa  1333.005591878 0.064 0.243840767613 0.899453962542 1 1 2 0.22 0
463 4 4.5 0 0 6.867 0.5 1.83994078636 0.0656099115425 1 Lisa  1335.5886423299999 0.064 0.320614048109 1.27433087482 1 1 2 0.22 0
464 3 6 0 0 12.753 0.5 1.59020805359 0.168151365766 1 Lisa  1338.5365819899998 0.064 0.271296318479 0.922056687823 1 1 2 0.22 0
465 4 6 0 1 6.867 0.5 2.42104792595 0.237290938374 1 Lisa  1341.2366830789997 0.064 0.762665824402 1.68375698758 1 1 2 0.22 1
466 4 4.5 0 1 8.3385 0.5 1.6478741169 0.0933118878428 1 Lisa  1344.7681612710003 0.064 0.484954957783 1.05456222905 1 1 2 0.22 1
467 3 4.5 0 1 8.3385 0.5 1.5701789856 0.0156167565409 1 Lisa  1347.5173469889996 0.064 0.517986430811 1.05456222905 1 1 2 0.22 1
468 3 6 0 0 8.3385 0.5 1.90139198303 0.00587658503616 1 Lisa  1350.1971167709999 0.064 0.38963947486 1.395515398 1 1 2 0.22 0
469 4 6 0 0 8.3385 0.5 1.99655103683 0.101035638839 1 Lisa  1353.2002123370003 0.064 0.407914785864 1.395515398 1 1 2 0.22 0
470 4 4.5 0 0 12.753 0.5 1.32191514969 0.126900412561 1 Lisa  1356.3144566439996 0.064 0.189691652538 0.695014737127 1 1 2 0.22 0
471 3 6 0 1 11.2815 0.5 1.65196800232 0.112346112701 1 Lisa  1358.7310206659995 0.064 0.474774422954 1.03962188962 1 1 2 0.22 1
472 4 6 0 0 12.753 0.5 1.59656405449 0.174507366666 1 Lisa  1361.502187606 0.064 0.260079117808 0.922056687823 1 1 2 0.22 0
473 3 4.5 0 0 9.81 0.5 1.49383091927 0.094376956724 1 Lisa  1364.204605498 0.064 0.259217383286 0.899453962542 1 1 2 0.22 0
474 3 6 0 0 9.81 0.5 1.72229003906 0.0307341003205 1 Lisa  1366.8247824609998 0.064 0.335925963034 1.19155593874 1 1 2 0.22 0
475 3 6 0 1 6.867 0.5 2.27141809464 0.0876611070595 1 Lisa  1369.6520772409995 0.064 0.841781398971 1.68375698758 1 1 2 0.22 1
476 4 6 0 1 8.3385 0.5 1.99866294861 0.103147550612 1 Lisa  1373.046984134 0.064 0.639215783748 1.395515398 1 1 2 0.22 1
477 3 4.5 0 0 12.753 0.5 1.22146105766 0.0264463205356 1 Lisa  1376.1628959499994 0.064 0.194001939004 0.695014737127 1 1 2 0.22 0
478 3 6 0 1 9.81 0.5 1.7138440609 0.0222881221559 1 Lisa  1378.4827336339995 0.064 0.572694691515 1.19155593874 1 1 2 0.22 1
479 4 4.5 0 1 11.2815 0.5 1.361784935 0.0776582480358 1 Lisa  1381.318833196 0.064 0.358043442304 0.784126686962 1 1 2 0.22 1
