trial vx vy vz LongOcclusion g timeStill rTime TemporalError environment id pupiltime IOD OccludedTimeOfTrajectory FlightDuration Drag DragFirst block accuracy LongOcclusion
0 3 4.5 0 1 12.753 0.5 2.21706795692 1.0220532198 1 Cristian  2.7498301070008893 0.064 0.328230933456 0.695014737127 1 1 3 0.47 1
1 4 4.5 0 1 9.81 0.5 3.29765892029 2.10264418316 1 Cristian  6.072972700001628 0.064 0.447297721226 0.899453962542 1 1 3 0.47 1
2 3 4.5 0 1 9.81 0.5 1.62628102303 0.226827060484 1 Cristian  7.151201055999991 0.064 0.442012101154 0.899453962542 1 1 3 0.47 1
3 4 6 0 1 8.3385 0.5 1.99804091454 0.102525516539 1 Cristian  9.893097797001246 0.064 0.686915884858 1.395515398 1 1 3 0.47 1
4 4 6 0 0 9.81 0.5 1.79927301407 0.107717075327 1 Cristian  12.982347450000816 0.064 0.351425937036 1.19155593874 1 1 3 0.47 0
5 3 6 0 0 6.867 0.5 4.3770160675 2.19325907993 1 Cristian  18.600459450000926 0.064 0.497379225189 1.68375698758 1 1 3 0.47 0
6 4 6 0 0 8.3385 0.5 1.9154009819 0.019885583907 1 Cristian  21.37619278100101 0.064 0.354356046563 1.395515398 1 1 3 0.47 0
7 3 6 0 1 11.2815 0.5 1.61823892593 0.0786170363156 1 Cristian  24.392883256999994 0.064 0.481127092323 1.03962188962 1 1 3 0.47 1
8 3 4.5 0 0 8.3385 0.5 1.65829610825 0.103733879191 1 Cristian  27.122401683000135 0.064 0.31128373481 1.05456222905 1 1 3 0.47 0
9 3 4.5 0 0 12.753 0.5 1.27413487434 0.0791201372165 1 Cristian  29.893413757001326 0.064 0.181345071804 0.695014737127 1 1 3 0.47 0
10 3 6 0 1 6.867 0.5 2.05845093727 -0.125306050304 1 Cristian  32.264109419000306 0.064 0.764924457688 1.68375698758 1 1 3 0.47 1
11 3 4.5 0 0 11.2815 0.5 1.42887616158 0.144749474614 1 Cristian  35.42568742900039 0.064 0.207099561994 0.784126686962 1 1 3 0.47 0
12 4 4.5 0 1 11.2815 0.5 1.3175008297 0.0333741427349 1 Cristian  37.9574320540014 0.064 0.379976633946 0.784126686962 1 1 3 0.47 1
13 4 6 0 1 11.2815 0.5 1.51722884178 -0.0223930478366 1 Cristian  40.37053276500046 0.064 0.484929653216 1.03962188962 1 1 3 0.47 1
14 4 4.5 0 1 6.867 0.5 1.71522092819 -0.059109946627 1 Cristian  43.002473686001395 0.064 0.601419496047 1.27433087482 1 1 3 0.47 1
15 3 4.5 0 1 8.3385 0.5 1.49025893211 -0.0643032969411 1 Cristian  45.80164169599993 0.064 0.508108499749 1.05456222905 1 1 3 0.47 1
16 3 6 0 1 9.81 0.5 1.71742582321 0.0258698844697 1 Cristian  48.39382725200085 0.064 0.537552006177 1.19155593874 1 1 3 0.47 1
17 3 4.5 0 1 6.867 0.5 1.81458091736 0.0402500425392 1 Cristian  51.22145568000087 0.064 0.63559224551 1.27433087482 1 1 3 0.47 1
18 3 6 0 1 8.3385 0.5 1.83051586151 -0.0649995364848 1 Cristian  54.15376588100116 0.064 0.636079487306 1.395515398 1 1 3 0.47 1
19 4 4.5 0 1 8.3385 0.5 1.49987697601 -0.0546852530416 1 Cristian  57.08258811700034 0.064 0.494940647663 1.05456222905 1 1 3 0.47 1
20 3 6 0 0 9.81 0.5 1.74293088913 0.0513749503877 1 Cristian  59.67459314500047 0.064 0.309551125241 1.19155593874 1 1 3 0.47 0
21 3 4.5 0 0 6.867 0.5 1.76052093506 -0.0138099397606 1 Cristian  62.53549496100095 0.064 0.36133693693 1.27433087482 1 1 3 0.47 0
22 4 6 0 1 9.81 0.5 1.64221596718 -0.0493399715636 1 Cristian  65.4033560300013 0.064 0.557108007246 1.19155593874 1 1 3 0.47 1
23 4 4.5 0 0 6.867 0.5 1.76783919334 -0.00649168147505 1 Cristian  68.14321104800001 0.064 0.323350977343 1.27433087482 1 1 3 0.47 0
24 4 6 0 0 11.2815 0.5 1.66518688202 0.125564992401 1 Cristian  71.01793810000163 0.064 0.285968566532 1.03962188962 1 1 3 0.47 0
25 3 4.5 0 1 11.2815 0.5 1.35134792328 0.0672212363171 1 Cristian  73.77347409300091 0.064 0.380171208726 0.784126686962 1 1 3 0.47 1
26 3 6 0 0 12.753 0.5 1.51967811584 0.0976214280219 1 Cristian  76.22452355800124 0.064 0.255965927856 0.922056687823 1 1 3 0.47 0
27 4 6 0 0 12.753 0.5 1.47185611725 0.0497994294257 1 Cristian  78.83122996600105 0.064 0.261480292813 0.922056687823 1 1 3 0.47 0
28 4 6 0 1 12.753 0.5 1.42801117897 0.00595449114753 1 Cristian  81.40604194200023 0.064 0.439779813438 0.922056687823 1 1 3 0.47 1
29 4 6 0 1 6.867 0.5 2.19783186913 0.0140748815498 1 Cristian  83.95519606200105 0.064 0.780832250023 1.68375698758 1 1 3 0.47 1
30 4 4.5 0 0 12.753 0.5 1.23040318489 0.0353884477633 1 Cristian  87.26645844300037 0.064 0.194112385667 0.695014737127 1 1 3 0.47 0
31 3 6 0 0 8.3385 0.5 1.93062114716 0.0351057491597 1 Cristian  89.60690662700108 0.064 0.396548543619 1.395515398 1 1 3 0.47 0
32 3 6 0 0 11.2815 0.5 1.57301807404 0.0333961844174 1 Cristian  92.63933339000141 0.064 0.310871971312 1.03962188962 1 1 3 0.47 0
33 4 4.5 0 0 11.2815 0.5 1.39504718781 0.110920500843 1 Cristian  95.31151387800128 0.064 0.234679700541 0.784126686962 1 1 3 0.47 0
34 3 6 0 1 12.753 0.5 1.50675082207 0.0846941342445 1 Cristian  97.80689152200102 0.064 0.424808396961 0.922056687823 1 1 3 0.47 1
35 4 4.5 0 0 9.81 0.5 1.45788216591 0.058428203367 1 Cristian  100.41344591400048 0.064 0.229425015155 0.899453962542 1 1 3 0.47 0
36 4 6 0 0 6.867 0.5 2.31154203415 0.127785046574 1 Cristian  102.97012030299993 0.064 0.446517072144 1.68375698758 1 1 3 0.47 0
37 3 4.5 0 0 9.81 0.5 1.43473505974 0.0352810971964 1 Cristian  106.38423715600038 0.064 0.250598249547 0.899453962542 1 1 3 0.47 0
38 4 4.5 0 0 8.3385 0.5 1.67437291145 0.119810682398 1 Cristian  108.94459935100167 0.064 0.303770476262 1.05456222905 1 1 3 0.47 0
39 4 4.5 0 1 12.753 0.5 1.32293891907 0.12792418194 1 Cristian  111.72302435300116 0.064 0.334007549256 0.695014737127 1 1 3 0.47 1
40 4 6 0 1 9.81 0.5 1.73570585251 0.0441499137666 1 Cristian  114.17253435100065 0.064 0.591369672157 1.19155593874 1 1 3 0.47 1
41 4 6 0 1 11.2815 0.5 1.55688500404 0.0172631144254 1 Cristian  117.0173480350004 0.064 0.516966237407 1.03962188962 1 1 3 0.47 1
42 3 6 0 0 8.3385 0.5 2.04374313354 0.148227735549 1 Cristian  119.70453687600093 0.064 0.396178090387 1.395515398 1 1 3 0.47 0
43 3 6 0 0 12.753 0.5 1.44953203201 0.0274753441901 1 Cristian  122.85220122700048 0.064 0.251976320113 0.922056687823 1 1 3 0.47 0
44 4 4.5 0 1 8.3385 0.5 1.8048760891 0.250313860041 1 Cristian  125.39576710800065 0.064 0.49289199773 1.05456222905 1 1 3 0.47 1
45 3 6 0 1 8.3385 0.5 2.02568697929 0.130171581298 1 Cristian  128.3010069890006 0.064 0.63331246025 1.395515398 1 1 3 0.47 1
46 4 4.5 0 1 9.81 0.5 1.31967496872 -0.0797789938223 1 Cristian  131.4530691680011 0.064 0.438833692715 0.899453962542 1 1 3 0.47 1
47 3 6 0 1 11.2815 0.5 1.64488911629 0.105267226669 1 Cristian  133.87049591200048 0.064 0.513315492728 1.03962188962 1 1 3 0.47 1
48 4 4.5 0 0 11.2815 0.5 1.29471993446 0.0105932475018 1 Cristian  136.6311977050009 0.064 0.215666825967 0.784126686962 1 1 3 0.47 0
49 3 6 0 0 9.81 0.5 1.77306199074 0.081506051996 1 Cristian  139.0401234050005 0.064 0.323293253134 1.19155593874 1 1 3 0.47 0
50 3 4.5 0 1 6.867 0.5 1.75798106194 -0.0163498128837 1 Cristian  141.91215059300157 0.064 0.594088977812 1.27433087482 1 1 3 0.47 1
51 4 6 0 0 8.3385 0.5 1.87802004814 -0.0174953498546 1 Cristian  144.7796426060013 0.064 0.361610819065 1.395515398 1 1 3 0.47 0
52 4 4.5 0 1 12.753 0.5 1.21285390854 0.0178391714114 1 Cristian  147.76389875800123 0.064 0.323940676825 0.695014737127 1 1 3 0.47 1
53 4 4.5 0 1 6.867 0.5 1.72845315933 -0.0458777154869 1 Cristian  150.0848631000008 0.064 0.597432270054 1.27433087482 1 1 3 0.47 1
54 3 6 0 1 12.753 0.5 1.42386293411 0.00180624628974 1 Cristian  152.92654743999992 0.064 0.41512624469 0.922056687823 1 1 3 0.47 1
55 3 4.5 0 1 12.753 0.5 1.23495912552 0.0399443883914 1 Cristian  155.44692281100106 0.064 0.344810999874 0.695014737127 1 1 3 0.47 1
56 4 6 0 1 12.753 0.5 1.39435887337 -0.0276978144555 1 Cristian  157.79041343400058 0.064 0.434574234671 0.922056687823 1 1 3 0.47 1
57 3 6 0 1 9.81 0.5 1.58531594276 -0.106239995978 1 Cristian  160.28940781300116 0.064 0.547881128849 1.19155593874 1 1 3 0.47 1
58 3 6 0 1 6.867 0.5 2.14214301109 -0.0416139764824 1 Cristian  162.9913041560012 0.064 0.773668349236 1.68375698758 1 1 3 0.47 1
59 3 4.5 0 1 11.2815 0.5 1.2744410038 -0.00968568316228 1 Cristian  166.2268885700014 0.064 0.379639731158 0.784126686962 1 1 3 0.47 1
60 4 6 0 0 12.753 0.5 1.50805020332 0.0859935155006 1 Cristian  168.60795675700138 0.064 0.250385300638 0.922056687823 1 1 3 0.47 0
61 3 6 0 0 11.2815 0.5 1.62109303474 0.081471145126 1 Cristian  171.2228972820012 0.064 0.260847290047 1.03962188962 1 1 3 0.47 0
62 3 4.5 0 1 8.3385 0.5 1.69910788536 0.144545656306 1 Cristian  173.9397350650015 0.064 0.478549968113 1.05456222905 1 1 3 0.47 1
63 3 4.5 0 0 9.81 0.5 1.49669480324 0.0972408406961 1 Cristian  176.7525537270012 0.064 0.232057898598 0.899453962542 1 1 3 0.47 0
64 4 4.5 0 0 8.3385 0.5 1.53092885017 -0.0236333788808 1 Cristian  179.34335216200088 0.064 0.313661493164 1.05456222905 1 1 3 0.47 0
65 4 4.5 0 0 12.753 0.5 1.206813097 0.0117983598727 1 Cristian  181.99527951300115 0.064 0.175854497012 0.695014737127 1 1 3 0.47 0
66 4 6 0 0 6.867 0.5 2.22900104523 0.0452440576515 1 Cristian  184.2963210100006 0.064 0.423327037075 1.68375698758 1 1 3 0.47 0
67 4 6 0 1 6.867 0.5 2.25841498375 0.0746579961739 1 Cristian  187.63694625000062 0.064 0.771910400425 1.68375698758 1 1 3 0.47 1
68 4 4.5 0 0 9.81 0.5 1.46194291115 0.0624889486063 1 Cristian  191.01767515200117 0.064 0.227735548759 0.899453962542 1 1 3 0.47 0
69 3 4.5 0 1 9.81 0.5 1.53284311295 0.133389150404 1 Cristian  193.55553899900042 0.064 0.436494731083 0.899453962542 1 1 3 0.47 1
70 4 4.5 0 1 11.2815 0.5 1.30906105042 0.0249343634533 1 Cristian  196.19844983200164 0.064 0.377405894959 0.784126686962 1 1 3 0.47 1
71 3 6 0 0 6.867 0.5 2.27306699753 0.0893100099525 1 Cristian  198.59784225500152 0.064 0.484928062308 1.68375698758 1 1 3 0.47 0
72 4 4.5 0 0 6.867 0.5 1.87610602379 0.101775148969 1 Cristian  201.9982237080003 0.064 0.34193431419 1.27433087482 1 1 3 0.47 0
73 4 6 0 0 9.81 0.5 1.86293506622 0.171379127481 1 Cristian  204.9837782070008 0.064 0.315056977878 1.19155593874 1 1 3 0.47 0
74 3 4.5 0 0 8.3385 0.5 1.66229987144 0.10773764239 1 Cristian  207.96184779100076 0.064 0.289516139708 1.05456222905 1 1 3 0.47 0
75 3 4.5 0 0 12.753 0.5 1.28130888939 0.0862941522616 1 Cristian  210.73330874600106 0.064 0.183284004477 0.695014737127 1 1 3 0.47 0
76 4 6 0 0 11.2815 0.5 1.54681396484 0.00719207522552 1 Cristian  213.12311396900077 0.064 0.265623028915 1.03962188962 1 1 3 0.47 0
77 3 4.5 0 0 11.2815 0.5 1.35297894478 0.0688522578167 1 Cristian  215.77675646700118 0.064 0.20691199321 0.784126686962 1 1 3 0.47 0
78 4 6 0 1 8.3385 0.5 1.88955497742 -0.00596042057907 1 Cristian  218.25426222500028 0.064 0.687132606069 1.395515398 1 1 3 0.47 1
79 3 4.5 0 0 6.867 0.5 1.76393198967 -0.0103988851494 1 Cristian  221.25148302900016 0.064 0.339882881738 1.27433087482 1 1 3 0.47 0
80 3 4.5 0 0 11.2815 0.5 1.29244112968 0.00831444272273 1 Cristian  224.11142491100145 0.064 0.21364861022 0.784126686962 1 1 3 0.47 0
81 3 4.5 0 0 9.81 0.5 1.47180700302 0.0723530404794 1 Cristian  226.5312862210012 0.064 0.260765585714 0.899453962542 1 1 3 0.47 0
82 4 4.5 0 1 9.81 0.5 1.52208304405 0.12262908151 1 Cristian  229.1160230660007 0.064 0.411383784815 0.899453962542 1 1 3 0.47 1
83 4 4.5 0 0 6.867 0.5 1.75294995308 -0.0213809217399 1 Cristian  231.74095212800057 0.064 0.334944466909 1.27433087482 1 1 3 0.47 0
84 3 4.5 0 0 12.753 0.5 1.27194690704 0.0769321699161 1 Cristian  234.5963475690005 0.064 0.193404978276 0.695014737127 1 1 3 0.47 0
85 3 6 0 1 11.2815 0.5 1.58623814583 0.04661625621 1 Cristian  236.96444014000008 0.064 0.472693077582 1.03962188962 1 1 3 0.47 1
86 3 6 0 1 12.753 0.5 1.49527001381 0.0732133259864 1 Cristian  239.65565154400065 0.064 0.437635655388 0.922056687823 1 1 3 0.47 1
87 3 4.5 0 0 8.3385 0.5 1.67436885834 0.119806629283 1 Cristian  242.25441037300152 0.064 0.305118925128 1.05456222905 1 1 3 0.47 0
88 4 4.5 0 0 9.81 0.5 4.68981814384 3.2903641813 1 Cristian  248.35328028000004 0.064 0.253879573066 0.899453962542 1 1 3 0.47 0
89 3 6 0 0 8.3385 0.5 1.98060107231 0.0850856743153 1 Cristian  250.8319089230008 0.064 0.41446036026 1.395515398 1 1 3 0.47 0
90 4 4.5 0 1 11.2815 0.5 1.38823199272 0.10410530576 1 Cristian  253.88997091500096 0.064 0.369292966518 0.784126686962 1 1 3 0.47 1
91 4 6 0 1 12.753 0.5 1.51714801788 0.0950913300605 1 Cristian  256.4000080120004 0.064 0.427499579519 0.922056687823 1 1 3 0.47 1
92 4 6 0 0 8.3385 0.5 1.95902585983 0.0635104618367 1 Cristian  259.0324726100007 0.064 0.387265383136 1.395515398 1 1 3 0.47 0
93 4 4.5 0 0 11.2815 0.5 1.21179795265 -0.0723287343097 1 Cristian  262.10758412700125 0.064 0.207044917811 0.784126686962 1 1 3 0.47 0
94 3 4.5 0 1 8.3385 0.5 1.6340379715 0.0794757424418 1 Cristian  264.43766966800104 0.064 0.483941403592 1.05456222905 1 1 3 0.47 1
95 3 6 0 0 9.81 0.5 1.73790311813 0.0463471793916 1 Cristian  267.19839269300064 0.064 0.300502553335 1.19155593874 1 1 3 0.47 0
96 4 4.5 0 1 6.867 0.5 1.86985087395 0.095519999128 1 Cristian  270.06081951300075 0.064 0.599757435785 1.27433087482 1 1 3 0.47 1
97 3 4.5 0 0 6.867 0.5 1.81850194931 0.0441710744911 1 Cristian  273.0337903430009 0.064 0.325979372871 1.27433087482 1 1 3 0.47 0
98 3 4.5 0 1 9.81 0.5 1.42430090904 0.0248469465006 1 Cristian  275.96618129000126 0.064 0.42438728472 0.899453962542 1 1 3 0.47 1
99 4 6 0 0 6.867 0.5 2.34691095352 0.163153965946 1 Cristian  278.51195031600037 0.064 0.45358964221 1.68375698758 1 1 3 0.47 0
100 3 6 0 1 8.3385 0.5 1.76444387436 -0.131071523637 1 Cristian  281.9539771560012 0.064 0.631528120286 1.395515398 1 1 3 0.47 1
101 4 6 0 1 6.867 0.5 2.12389302254 -0.0598639650383 1 Cristian  284.8177206420005 0.064 0.797575144839 1.68375698758 1 1 3 0.47 1
102 3 6 0 0 11.2815 0.5 1.56998300552 0.0303611159055 1 Cristian  288.05289933900167 0.064 0.299610718527 1.03962188962 1 1 3 0.47 0
103 3 4.5 0 1 6.867 0.5 1.67171287537 -0.102617999453 1 Cristian  290.7288905990008 0.064 0.601010168722 1.27433087482 1 1 3 0.47 1
104 4 4.5 0 1 12.753 0.5 1.20807504654 0.0130603094119 1 Cristian  293.5004210420011 0.064 0.319855167176 0.695014737127 1 1 3 0.47 1
105 3 4.5 0 1 12.753 0.5 1.27658987045 0.0815751333255 1 Cristian  295.81141827100146 0.064 0.347241427104 0.695014737127 1 1 3 0.47 1
106 4 6 0 1 9.81 0.5 1.7579228878 0.0663669490602 1 Cristian  298.182473279001 0.064 0.569887059239 1.19155593874 1 1 3 0.47 1
107 3 4.5 0 1 11.2815 0.5 1.3032169342 0.0190902472424 1 Cristian  301.0338675210005 0.064 0.359661193511 0.784126686962 1 1 3 0.47 1
108 4 4.5 0 0 12.753 0.5 1.20619297028 0.0111782331485 1 Cristian  303.4457376670016 0.064 0.191951157127 0.695014737127 1 1 3 0.47 0
109 4 6 0 0 9.81 0.5 1.72069215775 0.0291362190034 1 Cristian  305.7275737960008 0.064 0.327361948419 1.19155593874 1 1 3 0.47 0
110 4 6 0 0 12.753 0.5 1.3890171051 -0.0330395827203 1 Cristian  308.5420759640001 0.064 0.259218787598 0.922056687823 1 1 3 0.47 0
111 3 6 0 1 9.81 0.5 1.67256593704 -0.0189900016997 1 Cristian  311.034814087001 0.064 0.553924543259 1.19155593874 1 1 3 0.47 1
112 3 6 0 0 6.867 0.5 2.1599149704 -0.0238420171776 1 Cristian  313.81072873500125 0.064 0.446384312478 1.68375698758 1 1 3 0.47 0
113 4 6 0 0 11.2815 0.5 1.48428487778 -0.0553370118411 1 Cristian  317.0994095900005 0.064 0.2851503745 1.03962188962 1 1 3 0.47 0
114 4 4.5 0 1 8.3385 0.5 1.6116309166 0.0570686875407 1 Cristian  319.7064244560006 0.064 0.478468543583 1.05456222905 1 1 3 0.47 1
115 4 6 0 1 11.2815 0.5 1.64907813072 0.109456241104 1 Cristian  322.4295016830001 0.064 0.505720348783 1.03962188962 1 1 3 0.47 1
116 4 4.5 0 0 8.3385 0.5 1.54297089577 -0.0115913332876 1 Cristian  325.1685942540007 0.064 0.266701096463 1.05456222905 1 1 3 0.47 0
117 3 6 0 0 12.753 0.5 1.48998594284 0.0679292550178 1 Cristian  327.82519718500043 0.064 0.231238691835 0.922056687823 1 1 3 0.47 0
118 3 6 0 1 6.867 0.5 2.06960296631 -0.114154021267 1 Cristian  330.4322194670003 0.064 0.771133119683 1.68375698758 1 1 3 0.47 1
119 4 6 0 1 8.3385 0.5 1.77581691742 -0.119698480577 1 Cristian  333.6047867040015 0.064 0.652102313558 1.395515398 1 1 3 0.47 1
120 4 4.5 0 1 6.867 0.5 1.6581799984 -0.116150876421 1 Cristian  336.4857779970007 0.064 0.580321393178 1.27433087482 1 1 3 0.47 1
121 4 4.5 0 0 11.2815 0.5 1.23562693596 -0.0484997510029 1 Cristian  339.24422134900124 0.064 0.198707367414 0.784126686962 1 1 3 0.47 0
122 4 4.5 0 1 9.81 0.5 1.35745501518 -0.0419989473593 1 Cristian  341.57281939400127 0.064 0.446286307399 0.899453962542 1 1 3 0.47 1
123 3 4.5 0 0 8.3385 0.5 1.47143912315 -0.0831231059011 1 Cristian  344.03323574800015 0.064 0.283346469653 1.05456222905 1 1 3 0.47 0
124 4 4.5 0 0 8.3385 0.5 1.62953186035 0.0749696312968 1 Cristian  346.617535667001 0.064 0.297368279011 1.05456222905 1 1 3 0.47 0
125 3 4.5 0 0 9.81 0.5 1.36615109444 -0.0333028681052 1 Cristian  349.34390434000125 0.064 0.240067664638 0.899453962542 1 1 3 0.47 0
126 4 6 0 0 12.753 0.5 1.5328810215 0.110824333677 1 Cristian  351.8389217990007 0.064 0.245082265583 0.922056687823 1 1 3 0.47 0
127 3 6 0 1 8.3385 0.5 1.83825302124 -0.0572623767558 1 Cristian  354.47872553600064 0.064 0.632621815312 1.395515398 1 1 3 0.47 1
128 3 6 0 1 9.81 0.5 1.69817590714 0.00661996839305 1 Cristian  357.4354812240017 0.064 0.583787113856 1.19155593874 1 1 3 0.47 1
129 3 4.5 0 1 11.2815 0.5 1.38482689857 0.100700211613 1 Cristian  360.22923214 0.064 0.383263516355 0.784126686962 1 1 3 0.47 1
130 4 4.5 0 1 11.2815 0.5 1.34517192841 0.061045241444 1 Cristian  362.7184363820015 0.064 0.384263213276 0.784126686962 1 1 3 0.47 1
131 3 6 0 0 8.3385 0.5 1.9394159317 0.0439005337056 1 Cristian  365.1724196590003 0.064 0.349793952062 1.395515398 1 1 3 0.47 0
132 3 6 0 0 9.81 0.5 1.74974703789 0.0581910991456 1 Cristian  368.2426816310017 0.064 0.351954936387 1.19155593874 1 1 3 0.47 0
133 3 6 0 1 11.2815 0.5 1.61476707458 0.0751451849667 1 Cristian  371.08501709900156 0.064 0.488553602681 1.03962188962 1 1 3 0.47 1
134 4 4.5 0 0 9.81 0.5 1.49756193161 0.0981079690683 1 Cristian  373.8090484930017 0.064 0.249426800567 0.899453962542 1 1 3 0.47 0
135 4 4.5 0 1 12.753 0.5 1.27073502541 0.0757202882785 1 Cristian  376.405921001 0.064 0.326339560137 0.695014737127 1 1 3 0.47 1
136 4 6 0 0 11.2815 0.5 1.60966300964 0.0700411200253 1 Cristian  378.7762435140012 0.064 0.263010974438 1.03962188962 1 1 3 0.47 0
137 4 6 0 1 11.2815 0.5 1.62338209152 0.083760201904 1 Cristian  381.4979298340004 0.064 0.469278996253 1.03962188962 1 1 3 0.47 1
138 3 6 0 1 12.753 0.5 1.45726704597 0.0352103581519 1 Cristian  384.2285469670005 0.064 0.422044316558 0.922056687823 1 1 3 0.47 1
139 3 6 0 1 6.867 0.5 2.14084601402 -0.0429109735527 1 Cristian  386.7784407190011 0.064 0.821975335386 1.68375698758 1 1 3 0.47 1
140 4 6 0 1 12.753 0.5 1.40415811539 -0.0178985724358 1 Cristian  390.0463763550015 0.064 0.424372157709 0.922056687823 1 1 3 0.47 1
141 3 6 0 0 12.753 0.5 1.55574607849 0.133689390668 1 Cristian  392.54631737100135 0.064 0.250677406614 0.922056687823 1 1 3 0.47 0
142 3 4.5 0 1 9.81 0.5 1.53591108322 0.13645712068 1 Cristian  395.20950759800144 0.064 0.419487656035 0.899453962542 1 1 3 0.47 1
143 4 6 0 0 8.3385 0.5 1.96574401855 0.0702286205586 1 Cristian  397.8729293560009 0.064 0.406863659048 1.395515398 1 1 3 0.47 0
144 4 6 0 1 9.81 0.5 1.70082592964 0.00926999089976 1 Cristian  400.93864157400094 0.064 0.587590766275 1.19155593874 1 1 3 0.47 1
145 3 6 0 0 6.867 0.5 2.20556783676 0.0218108491859 1 Cristian  403.76777011800004 0.064 0.430043683504 1.68375698758 1 1 3 0.47 0
146 4 4.5 0 1 8.3385 0.5 1.49423193932 -0.060330289739 1 Cristian  407.07755801200074 0.064 0.526246538333 1.05456222905 1 1 3 0.47 1
147 4 6 0 0 6.867 0.5 2.03677582741 -0.146981160168 1 Cristian  409.6932310560005 0.064 0.475513605557 1.68375698758 1 1 3 0.47 0
148 3 4.5 0 0 11.2815 0.5 1.23436307907 -0.0497636078907 1 Cristian  412.8218076450012 0.064 0.20290486195 0.784126686962 1 1 3 0.47 0
149 4 4.5 0 0 12.753 0.5 1.19322085381 -0.00179388332186 1 Cristian  415.17816631999995 0.064 0.179909766244 0.695014737127 1 1 3 0.47 0
150 3 4.5 0 1 6.867 0.5 1.64610600471 -0.128224870104 1 Cristian  417.4721445110008 0.064 0.578471095602 1.27433087482 1 1 3 0.47 1
151 3 4.5 0 0 6.867 0.5 1.81974005699 0.0454091821724 1 Cristian  420.2234486440011 0.064 0.361768994042 1.27433087482 1 1 3 0.47 0
152 4 4.5 0 0 6.867 0.5 1.67510700226 -0.0992238725609 1 Cristian  423.1512571270014 0.064 0.338248008293 1.27433087482 1 1 3 0.47 0
153 4 6 0 0 9.81 0.5 1.7367579937 0.0452020549562 1 Cristian  425.92794043200047 0.064 0.338412900001 1.19155593874 1 1 3 0.47 0
154 4 6 0 1 8.3385 0.5 1.81955504417 -0.0759603538219 1 Cristian  428.78221363800003 0.064 0.657369327428 1.395515398 1 1 3 0.47 1
155 4 6 0 1 6.867 0.5 2.26348495483 0.0797279672584 1 Cristian  431.6888475480009 0.064 0.796957038014 1.68375698758 1 1 3 0.47 1
156 3 6 0 0 11.2815 0.5 1.55847597122 0.0188540816037 1 Cristian  435.0731798600009 0.064 0.310450981402 1.03962188962 1 1 3 0.47 0
157 3 4.5 0 1 8.3385 0.5 1.46259307861 -0.0919691504415 1 Cristian  437.73163773000124 0.064 0.51081074402 1.05456222905 1 1 3 0.47 1
158 3 4.5 0 1 12.753 0.5 1.33546209335 0.140447356226 1 Cristian  440.2979852890003 0.064 0.345352611478 0.695014737127 1 1 3 0.47 1
159 3 4.5 0 0 12.753 0.5 1.20783305168 0.0128183145541 1 Cristian  442.73359777800033 0.064 0.175090264261 0.695014737127 1 1 3 0.47 0
160 4 4.5 0 0 12.753 0.5 1.15048503876 -0.0445296983701 1 Cristian  445.0321102300004 0.064 0.195575560587 0.695014737127 1 1 3 0.47 0
161 4 4.5 0 1 8.3385 0.5 1.51247310638 -0.0420891226705 1 Cristian  447.3209244100017 0.064 0.506982870023 1.05456222905 1 1 3 0.47 1
162 3 6 0 0 9.81 0.5 1.76550006866 0.0739441299226 1 Cristian  449.9128239670008 0.064 0.357090953443 1.19155593874 1 1 3 0.47 0
163 3 6 0 1 12.753 0.5 1.56937003136 0.147313343534 1 Cristian  452.7865970920011 0.064 0.415778228831 0.922056687823 1 1 3 0.47 1
164 4 6 0 0 12.753 0.5 1.49780702591 0.0757503380866 1 Cristian  455.4714014600013 0.064 0.244222068785 0.922056687823 1 1 3 0.47 0
165 3 4.5 0 1 11.2815 0.5 1.36823511124 0.0841084242749 1 Cristian  458.0724141390001 0.064 0.37348618462 0.784126686962 1 1 3 0.47 1
166 4 4.5 0 0 6.867 0.5 1.87713599205 0.102805117231 1 Cristian  460.52491860400005 0.064 0.351183769315 1.27433087482 1 1 3 0.47 0
167 3 4.5 0 1 12.753 0.5 1.35811686516 0.163102128031 1 Cristian  463.5041794940007 0.064 0.32733244079 0.695014737127 1 1 3 0.47 1
168 4 6 0 1 8.3385 0.5 1.89398503304 -0.00153036496079 1 Cristian  465.96644573100093 0.064 0.630069834906 1.395515398 1 1 3 0.47 1
169 3 4.5 0 0 12.753 0.5 1.33963108063 0.1446163435 1 Cristian  468.96909373200106 0.064 0.203522349823 0.695014737127 1 1 3 0.47 0
170 4 4.5 0 1 9.81 0.5 1.54791903496 0.148465072416 1 Cristian  471.4157119670017 0.064 0.420266324281 0.899453962542 1 1 3 0.47 1
171 4 6 0 0 8.3385 0.5 1.89542293549 -9.24625102252e-05 1 Cristian  474.0408026690002 0.064 0.381937889478 1.395515398 1 1 3 0.47 0
172 4 4.5 0 1 11.2815 0.5 1.3640499115 0.0799232245373 1 Cristian  477.03336642900103 0.064 0.385746204231 0.784126686962 1 1 3 0.47 1
173 4 6 0 0 6.867 0.5 2.24079799652 0.0570410089455 1 Cristian  479.51873071800037 0.064 0.46610214891 1.68375698758 1 1 3 0.47 0
174 3 6 0 1 11.2815 0.5 1.64181017876 0.102188289138 1 Cristian  482.8700638070004 0.064 0.485652897644 1.03962188962 1 1 3 0.47 1
175 3 6 0 0 8.3385 0.5 2.01657986641 0.121064468413 1 Cristian  485.60524006200103 0.064 0.3870172645 1.395515398 1 1 3 0.47 0
176 4 6 0 1 9.81 0.5 1.63494205475 -0.0566138839934 1 Cristian  488.7237605400005 0.064 0.561538771174 1.19155593874 1 1 3 0.47 1
177 3 4.5 0 1 8.3385 0.5 1.7062690258 0.151706796748 1 Cristian  491.4921138460013 0.064 0.483976137476 1.05456222905 1 1 3 0.47 1
178 4 4.5 0 0 9.81 0.5 1.31761288643 -0.081841076113 1 Cristian  494.28982120900037 0.064 0.265168952921 0.899453962542 1 1 3 0.47 0
179 3 6 0 1 8.3385 0.5 1.76985096931 -0.125664428681 1 Cristian  496.7130302120004 0.064 0.694421220798 1.395515398 1 1 3 0.47 1
180 4 4.5 0 1 12.753 0.5 1.31043291092 0.115418173792 1 Cristian  499.59001549500135 0.064 0.329873208961 0.695014737127 1 1 3 0.47 1
181 3 4.5 0 0 8.3385 0.5 1.628718853 0.0741566239421 1 Cristian  501.9943552200002 0.064 0.276245467183 1.05456222905 1 1 3 0.47 0
182 4 4.5 0 1 6.867 0.5 1.76966309547 -0.00466777934492 1 Cristian  504.73576386400055 0.064 0.598235098872 1.27433087482 1 1 3 0.47 1
183 4 4.5 0 0 11.2815 0.5 1.55458402634 0.270457339375 1 Cristian  507.6065432960004 0.064 0.218169672365 0.784126686962 1 1 3 0.47 0
184 4 6 0 1 11.2815 0.5 1.46217393875 -0.077447950867 1 Cristian  510.26883788300074 0.064 0.509571837576 1.03962188962 1 1 3 0.47 1
185 3 6 0 0 11.2815 0.5 1.65120005608 0.111578166458 1 Cristian  512.8292419400004 0.064 0.278545886304 1.03962188962 1 1 3 0.47 0
186 4 4.5 0 0 8.3385 0.5 1.59674596786 0.0421837388102 1 Cristian  515.5863907490002 0.064 0.278518555832 1.05456222905 1 1 3 0.47 0
187 4 6 0 1 6.867 0.5 2.15170478821 -0.0320521993675 1 Cristian  518.3012323600014 0.064 0.800556421912 1.68375698758 1 1 3 0.47 1
188 3 6 0 0 6.867 0.5 2.34624791145 0.162490923878 1 Cristian  521.5477344150004 0.064 0.440034680802 1.68375698758 1 1 3 0.47 0
189 3 4.5 0 0 6.867 0.5 1.80008792877 0.0257570539528 1 Cristian  524.985254276 0.064 0.350978100609 1.27433087482 1 1 3 0.47 0
190 3 4.5 0 0 11.2815 0.5 1.3305079937 0.0463813067364 1 Cristian  527.8837173710017 0.064 0.228630145791 0.784126686962 1 1 3 0.47 0
191 3 4.5 0 1 6.867 0.5 1.83611106873 0.0617801939064 1 Cristian  530.3172422350017 0.064 0.574352302761 1.27433087482 1 1 3 0.47 1
192 3 4.5 0 0 9.81 0.5 13.1436629295 11.744208967 1 Cristian  546.2212335510012 0.064 0.267017665228 0.899453962542 1 1 3 0.47 0
193 3 6 0 0 12.753 0.5 1.53598809242 0.1139314046 1 Cristian  547.5370327020009 0.064 0.267478850132 0.922056687823 1 1 3 0.47 0
194 3 6 0 1 6.867 0.5 2.06346297264 -0.120294014935 1 Cristian  550.1770910560008 0.064 0.78725595321 1.68375698758 1 1 3 0.47 1
195 4 6 0 0 9.81 0.5 1.73514199257 0.043586053827 1 Cristian  553.3604504220002 0.064 0.336599521188 1.19155593874 1 1 3 0.47 0
196 4 6 0 0 11.2815 0.5 1.57658696175 0.036965072128 1 Cristian  556.1860954010008 0.064 0.29865046913 1.03962188962 1 1 3 0.47 0
197 3 4.5 0 1 9.81 0.5 1.53081202507 0.131358062528 1 Cristian  558.8778091000004 0.064 0.430364541451 0.899453962542 1 1 3 0.47 1
198 4 6 0 1 12.753 0.5 1.49124693871 0.0691902508826 1 Cristian  561.5097981190011 0.064 0.423176728874 0.922056687823 1 1 3 0.47 1
199 3 6 0 1 9.81 0.5 1.70290184021 0.011345901468 1 Cristian  564.1155935700008 0.064 0.563348496712 1.19155593874 1 1 3 0.47 1
200 4 6 0 0 9.81 0.5 1.61548495293 -0.0760709858153 1 Cristian  566.9161914410015 0.064 0.305875871647 1.19155593874 1 1 3 0.47 0
201 3 6 0 0 12.753 0.5 1.54699587822 0.124939190397 1 Cristian  569.6434912560017 0.064 0.253305750618 0.922056687823 1 1 3 0.47 0
202 4 4.5 0 1 11.2815 0.5 1.36947584152 0.0853491545605 1 Cristian  572.3058725630017 0.064 0.390484815454 0.784126686962 1 1 3 0.47 1
203 3 4.5 0 1 9.81 0.5 1.63430404663 0.234850084089 1 Cristian  574.7808381520008 0.064 0.445509724194 0.899453962542 1 1 3 0.47 1
204 4 4.5 0 0 9.81 0.5 1.36202502251 -0.0374289400351 1 Cristian  577.5167710940004 0.064 0.2653469653 0.899453962542 1 1 3 0.47 0
205 3 6 0 1 11.2815 0.5 1.52588701248 -0.0137348771365 1 Cristian  579.977565481 0.064 0.488276136805 1.03962188962 1 1 3 0.47 1
206 3 4.5 0 0 6.867 0.5 1.81523299217 0.0409021173531 1 Cristian  582.623451540001 0.064 0.341932643072 1.27433087482 1 1 3 0.47 0
207 3 4.5 0 0 12.753 0.5 1.22147607803 0.026461340906 1 Cristian  585.5553943800005 0.064 0.177863090034 0.695014737127 1 1 3 0.47 0
208 3 6 0 1 9.81 0.5 1.70916700363 0.0176110648896 1 Cristian  587.8879577690004 0.064 0.595757046463 1.19155593874 1 1 3 0.47 1
209 3 4.5 0 0 11.2815 0.5 1.36311101913 0.0789843321728 1 Cristian  590.7006075510017 0.064 0.207807539184 0.784126686962 1 1 3 0.47 0
210 3 4.5 0 1 6.867 0.5 1.77564287186 0.00131199703752 1 Cristian  593.1751646100001 0.064 0.619052676287 1.27433087482 1 1 3 0.47 1
211 4 4.5 0 0 8.3385 0.5 1.68600201607 0.131439787013 1 Cristian  596.0612269960002 0.064 0.309269670968 1.05456222905 1 1 3 0.47 0
212 4 4.5 0 1 6.867 0.5 1.64818096161 -0.12614991321 1 Cristian  598.8656423660013 0.064 0.633110614528 1.27433087482 1 1 3 0.47 1
213 4 6 0 0 11.2815 0.5 1.56249690056 0.0228750109402 1 Cristian  601.5892910920011 0.064 0.29948198436 1.03962188962 1 1 3 0.47 0
214 4 6 0 1 6.867 0.5 2.00325894356 -0.180498044018 1 Cristian  604.2533764260006 0.064 0.834219461776 1.68375698758 1 1 3 0.47 1
215 4 4.5 0 0 12.753 0.5 1.30809187889 0.113077141764 1 Cristian  607.3796859220001 0.064 0.178873784499 0.695014737127 1 1 3 0.47 0
216 4 6 0 0 12.753 0.5 1.46867799759 0.0466213097663 1 Cristian  609.7881401910017 0.064 0.265905926742 0.922056687823 1 1 3 0.47 0
217 3 6 0 1 6.867 0.5 2.16220712662 -0.0215498609581 1 Cristian  612.3733042370004 0.064 0.78709556296 1.68375698758 1 1 3 0.47 1
218 3 4.5 0 1 11.2815 0.5 1.26713299751 -0.0169936894489 1 Cristian  615.6289550400015 0.064 0.389197939576 0.784126686962 1 1 3 0.47 1
219 4 6 0 1 8.3385 0.5 1.80779790878 -0.0877174892131 1 Cristian  618.016328226 0.064 0.632809549392 1.395515398 1 1 3 0.47 1
220 4 6 0 1 9.81 0.5 1.77047109604 0.0789151572969 1 Cristian  620.9292596520008 0.064 0.578447056419 1.19155593874 1 1 3 0.47 1
221 3 4.5 0 1 12.753 0.5 1.24591898918 0.0509042520541 1 Cristian  623.8000700420016 0.064 0.343012613561 0.695014737127 1 1 3 0.47 1
222 4 4.5 0 1 8.3385 0.5 1.49776697159 -0.0567952574666 1 Cristian  626.1507687470003 0.064 0.509232646754 1.05456222905 1 1 3 0.47 1
223 3 6 0 0 6.867 0.5 2.20987486839 0.0261178808174 1 Cristian  628.7487103580006 0.064 0.455685192731 1.68375698758 1 1 3 0.47 0
224 4 4.5 0 1 12.753 0.5 1.22768497467 0.032670237543 1 Cristian  632.0683599160002 0.064 0.338198130756 0.695014737127 1 1 3 0.47 1
225 3 6 0 0 8.3385 0.5 1.9216837883 0.0261683903035 1 Cristian  634.4096514590001 0.064 0.412911489515 1.395515398 1 1 3 0.47 0
226 4 6 0 0 8.3385 0.5 1.92982316017 0.0343077621754 1 Cristian  637.4453732840011 0.064 0.407593759826 1.395515398 1 1 3 0.47 0
227 3 4.5 0 1 8.3385 0.5 1.61526083946 0.0606986104075 1 Cristian  640.473027338001 0.064 0.506788678242 1.05456222905 1 1 3 0.47 1
228 3 6 0 1 12.753 0.5 1.50205397606 0.0799972882362 1 Cristian  643.1969610600008 0.064 0.459745498072 0.922056687823 1 1 3 0.47 1
229 4 6 0 0 6.867 0.5 2.18270802498 -0.0010489625969 1 Cristian  645.7978513300004 0.064 0.439967737736 1.68375698758 1 1 3 0.47 0
230 4 6 0 1 11.2815 0.5 1.67829489708 0.138673007461 1 Cristian  649.0890231740013 0.064 0.47523728516 1.03962188962 1 1 3 0.47 1
231 4 6 0 1 12.753 0.5 1.46530008316 0.0432433953376 1 Cristian  651.8808312710007 0.064 0.419508161714 0.922056687823 1 1 3 0.47 1
232 3 4.5 0 0 9.81 0.5 1.49390006065 0.0944460981119 1 Cristian  654.4481396580013 0.064 0.264928231556 0.899453962542 1 1 3 0.47 0
233 4 4.5 0 1 9.81 0.5 1.40176987648 0.00231591393831 1 Cristian  657.0332544890007 0.064 0.441825215867 0.899453962542 1 1 3 0.47 1
234 3 6 0 1 8.3385 0.5 1.87140798569 -0.0241074123088 1 Cristian  659.548745688 0.064 0.654345172572 1.395515398 1 1 3 0.47 1
235 3 6 0 0 9.81 0.5 1.76054096222 0.0689850234773 1 Cristian  662.5499670790014 0.064 0.339064021241 1.19155593874 1 1 3 0.47 0
236 4 4.5 0 0 11.2815 0.5 1.19498801231 -0.0891386746479 1 Cristian  665.4164783710003 0.064 0.218396742672 0.784126686962 1 1 3 0.47 0
237 4 4.5 0 0 6.867 0.5 1.80726790428 0.0329370294624 1 Cristian  667.7092898660012 0.064 0.348962261673 1.27433087482 1 1 3 0.47 0
238 3 4.5 0 0 8.3385 0.5 1.58779096603 0.0332287369792 1 Cristian  670.6219293780014 0.064 0.273658735991 1.05456222905 1 1 3 0.47 0
239 3 6 0 0 11.2815 0.5 1.58549499512 0.045873105499 1 Cristian  673.3077213830002 0.064 0.298080520896 1.03962188962 1 1 3 0.47 0
240 3 4.5 0 1 11.2815 0.5 1.31850194931 0.0343752623486 1 Cristian  676.0003360690007 0.064 0.353657592295 0.784126686962 1 1 3 0.47 1
241 4 4.5 0 0 8.3385 0.5 1.52468895912 -0.0298732699331 1 Cristian  678.4173215460014 0.064 0.29554076569 1.05456222905 1 1 3 0.47 0
242 4 4.5 0 1 12.753 0.5 1.19797301292 0.00295827579679 1 Cristian  681.0391291170017 0.064 0.319855774288 0.695014737127 1 1 3 0.47 1
243 3 4.5 0 1 8.3385 0.5 1.65629506111 0.101732832057 1 Cristian  683.3558074190005 0.064 0.50239775653 1.05456222905 1 1 3 0.47 1
244 3 4.5 0 0 11.2815 0.5 1.24508905411 -0.039037632854 1 Cristian  686.0944768460013 0.064 0.196569906041 0.784126686962 1 1 3 0.47 0
245 4 6 0 0 6.867 0.5 2.25564408302 0.0718870954475 1 Cristian  688.4411758350016 0.064 0.477952169654 1.68375698758 1 1 3 0.47 0
246 4 4.5 0 1 8.3385 0.5 1.54927396774 -0.00528826131184 1 Cristian  691.8125026900016 0.064 0.505607845346 1.05456222905 1 1 3 0.47 1
247 4 6 0 0 8.3385 0.5 1.94909000397 0.0535746059712 1 Cristian  694.4650176040013 0.064 0.372560573239 1.395515398 1 1 3 0.47 0
248 3 6 0 1 11.2815 0.5 1.61593484879 0.0763129591672 1 Cristian  697.5325899600011 0.064 0.489920400814 1.03962188962 1 1 3 0.47 1
249 4 6 0 1 8.3385 0.5 1.92279696465 0.0272815666493 1 Cristian  700.2638859920007 0.064 0.656108886058 1.395515398 1 1 3 0.47 1
250 3 6 0 1 9.81 0.5 1.72861194611 0.037056007364 1 Cristian  703.3090582800014 0.064 0.579831931137 1.19155593874 1 1 3 0.47 1
251 3 6 0 0 8.3385 0.5 1.97490406036 0.0793886623677 1 Cristian  706.114070734 0.064 0.413628385392 1.395515398 1 1 3 0.47 0
252 4 6 0 1 12.753 0.5 1.53389000893 0.111833321104 1 Cristian  709.2042970000002 0.064 0.416329810992 0.922056687823 1 1 3 0.47 1
253 4 6 0 0 11.2815 0.5 1.62301492691 0.0833930372922 1 Cristian  711.8405412750017 0.064 0.287837427868 1.03962188962 1 1 3 0.47 0
254 3 4.5 0 1 9.81 0.5 1.39054393768 -0.00891002485869 1 Cristian  714.569952060001 0.064 0.434551385154 0.899453962542 1 1 3 0.47 1
255 3 6 0 0 9.81 0.5 1.8224298954 0.130873956659 1 Cristian  717.0824541990005 0.064 0.314945939231 1.19155593874 1 1 3 0.47 0
256 3 6 0 1 8.3385 0.5 1.86774778366 -0.0277676143352 1 Cristian  720.0221722740007 0.064 0.681811529225 1.395515398 1 1 3 0.47 1
257 4 6 0 0 9.81 0.5 1.68820714951 -0.00334878923635 1 Cristian  722.9800274400004 0.064 0.349045247483 1.19155593874 1 1 3 0.47 0
258 4 6 0 0 12.753 0.5 1.49250411987 0.0704474320502 1 Cristian  725.7875593940007 0.064 0.2703970955 0.922056687823 1 1 3 0.47 0
259 4 4.5 0 1 9.81 0.5 1.46676516533 0.0673112027872 1 Cristian  728.3741083590012 0.064 0.411332098446 0.899453962542 1 1 3 0.47 1
260 4 4.5 0 0 11.2815 0.5 1.27561807632 -0.00850861063725 1 Cristian  730.9413626090009 0.064 0.196173360637 0.784126686962 1 1 3 0.47 0
261 3 6 0 0 12.753 0.5 1.48254299164 0.0604863038154 1 Cristian  733.3191485910011 0.064 0.270318681236 0.922056687823 1 1 3 0.47 0
262 3 6 0 1 6.867 0.5 2.04146695137 -0.142290036205 1 Cristian  735.9040679990012 0.064 0.7696898255 1.68375698758 1 1 3 0.47 1
263 3 6 0 0 11.2815 0.5 1.68293190002 0.143310010406 1 Cristian  739.0447789300015 0.064 0.286824970798 1.03962188962 1 1 3 0.47 0
264 4 6 0 1 6.867 0.5 2.16385912895 -0.0198978586235 1 Cristian  741.8545183450005 0.064 0.823881406058 1.68375698758 1 1 3 0.47 1
265 3 4.5 0 0 9.81 0.5 1.37186384201 -0.0275901205313 1 Cristian  745.1075163310015 0.064 0.225735800066 0.899453962542 1 1 3 0.47 0
266 4 4.5 0 1 6.867 0.5 1.75702691078 -0.0173039640373 1 Cristian  747.603231811001 0.064 0.630995494769 1.27433087482 1 1 3 0.47 1
267 3 4.5 0 0 12.753 0.5 1.28564190865 0.0906271715182 1 Cristian  750.4604751380011 0.064 0.191771941732 0.695014737127 1 1 3 0.47 0
268 4 4.5 0 0 12.753 0.5 1.21746301651 0.0224482793826 1 Cristian  752.8571088340013 0.064 0.184244420861 0.695014737127 1 1 3 0.47 0
269 3 4.5 0 0 8.3385 0.5 1.58312010765 0.028557878596 1 Cristian  755.1741695420005 0.064 0.30820286315 1.05456222905 1 1 3 0.47 0
270 3 4.5 0 1 12.753 0.5 1.18620610237 -0.00880863475618 1 Cristian  757.8641446440015 0.064 0.329310554111 0.695014737127 1 1 3 0.47 1
271 4 4.5 0 1 11.2815 0.5 1.27583503723 -0.00829164973027 1 Cristian  760.165762554001 0.064 0.366550793739 0.784126686962 1 1 3 0.47 1
272 3 4.5 0 0 6.867 0.5 1.80876111984 0.0344302450234 1 Cristian  762.5614821540003 0.064 0.340320562841 1.27433087482 1 1 3 0.47 0
273 3 4.5 0 1 6.867 0.5 1.7535841465 -0.0207467283195 1 Cristian  765.470510743 0.064 0.574988010262 1.27433087482 1 1 3 0.47 1
274 4 4.5 0 0 9.81 0.5 1.39781308174 -0.00164088080046 1 Cristian  768.334909008001 0.064 0.238910945376 0.899453962542 1 1 3 0.47 0
275 4 4.5 0 0 6.867 0.5 1.70505714417 -0.0692737306541 1 Cristian  770.844986307 0.064 0.369850779072 1.27433087482 1 1 3 0.47 0
276 3 6 0 1 12.753 0.5 1.55466008186 0.132603394041 1 Cristian  773.6778778440002 0.064 0.425704907451 0.922056687823 1 1 3 0.47 1
277 3 6 0 0 6.867 0.5 2.23148989677 0.0477329091988 1 Cristian  776.3546639600008 0.064 0.427430294265 1.68375698758 1 1 3 0.47 0
278 4 6 0 1 9.81 0.5 1.6812851429 -0.0102707958434 1 Cristian  779.6850672630007 0.064 0.560739118147 1.19155593874 1 1 3 0.47 1
279 4 6 0 1 11.2815 0.5 1.5474178791 0.00779598948639 1 Cristian  782.4855372870006 0.064 0.484352514184 1.03962188962 1 1 3 0.47 1
280 3 4.5 0 0 9.81 0.5 1.53107309341 0.131619130873 1 Cristian  785.1271584600017 0.064 0.25450663777 0.899453962542 1 1 3 0.47 0
281 3 6 0 0 8.3385 0.5 2.0368540287 0.141338630706 1 Cristian  787.7772718820015 0.064 0.396342086939 1.395515398 1 1 3 0.47 0
282 3 6 0 1 8.3385 0.5 1.96464705467 0.0691316566762 1 Cristian  790.8938499430005 0.064 0.681004871702 1.395515398 1 1 3 0.47 1
283 4 6 0 1 12.753 0.5 1.50302696228 0.0809702744575 1 Cristian  793.9735386320008 0.064 0.420852748385 0.922056687823 1 1 3 0.47 1
284 3 6 0 0 6.867 0.5 2.30125594139 0.117498953815 1 Cristian  796.596030699 0.064 0.439619119572 1.68375698758 1 1 3 0.47 0
285 3 4.5 0 0 8.3385 0.5 1.62048697472 0.0659247456614 1 Cristian  800.0139472540013 0.064 0.281243849961 1.05456222905 1 1 3 0.47 0
286 4 4.5 0 0 8.3385 0.5 1.63659787178 0.0820356427256 1 Cristian  802.7509309430006 0.064 0.292647435149 1.05456222905 1 1 3 0.47 0
287 3 4.5 0 1 8.3385 0.5 1.60285210609 0.0482898770396 1 Cristian  805.5198398290013 0.064 0.524871042268 1.05456222905 1 1 3 0.47 1
288 4 6 0 1 9.81 0.5 1.71673798561 0.025182046869 1 Cristian  808.2123480280006 0.064 0.556363388092 1.19155593874 1 1 3 0.47 1
289 4 4.5 0 0 12.753 0.5 1.19100999832 -0.00400473880587 1 Cristian  811.0347756370011 0.064 0.197171519998 0.695014737127 1 1 3 0.47 0
290 3 6 0 0 11.2815 0.5 1.61332798004 0.0737060904233 1 Cristian  813.3236129310008 0.064 0.308696787896 1.03962188962 1 1 3 0.47 0
291 4 6 0 1 11.2815 0.5 1.51262497902 -0.0269969105991 1 Cristian  816.0493590700007 0.064 0.489060004197 1.03962188962 1 1 3 0.47 1
292 3 4.5 0 1 6.867 0.5 1.68415904045 -0.0901718343681 1 Cristian  818.6687948150011 0.064 0.602646462967 1.27433087482 1 1 3 0.47 1
293 3 6 0 0 12.753 0.5 1.46899294853 0.0469362607093 1 Cristian  821.4669593970011 0.064 0.265360674996 0.922056687823 1 1 3 0.47 0
294 3 6 0 1 12.753 0.5 1.44005823135 0.018001543531 1 Cristian  824.0481561410015 0.064 0.456081078245 0.922056687823 1 1 3 0.47 1
295 4 6 0 0 8.3385 0.5 1.90342378616 0.00790838816727 1 Cristian  826.5887564370005 0.064 0.402833329753 1.395515398 1 1 3 0.47 0
296 3 4.5 0 0 6.867 0.5 1.7083837986 -0.0659470762199 1 Cristian  829.6078083090015 0.064 0.350305129964 1.27433087482 1 1 3 0.47 0
297 4 4.5 0 1 11.2815 0.5 1.25803613663 -0.0260905503345 1 Cristian  832.4208452230014 0.064 0.357581154006 0.784126686962 1 1 3 0.47 1
298 4 6 0 0 6.867 0.5 2.16084504128 -0.0229119463005 1 Cristian  834.7884869910013 0.064 0.450415499113 1.68375698758 1 1 3 0.47 0
299 4 4.5 0 1 9.81 0.5 1.27861905098 -0.120834911562 1 Cristian  838.0404645970011 0.064 0.446582372702 0.899453962542 1 1 3 0.47 1
300 3 6 0 1 9.81 0.5 1.59968900681 -0.0918669319365 1 Cristian  840.4342001970017 0.064 0.585202202485 1.19155593874 1 1 3 0.47 1
301 3 4.5 0 0 12.753 0.5 1.15130281448 -0.0437119226438 1 Cristian  843.1556841750007 0.064 0.204950791271 0.695014737127 1 1 3 0.47 0
302 4 4.5 0 0 9.81 0.5 1.4002931118 0.000839149259351 1 Cristian  845.3905467460008 0.064 0.253600184535 0.899453962542 1 1 3 0.47 0
303 3 4.5 0 1 12.753 0.5 1.24140095711 0.0463862199801 1 Cristian  847.9049582480002 0.064 0.328834792135 0.695014737127 1 1 3 0.47 1
304 4 4.5 0 1 8.3385 0.5 1.57259702682 0.0180347977702 1 Cristian  850.2604460580005 0.064 0.504689107926 1.05456222905 1 1 3 0.47 1
305 3 4.5 0 1 11.2815 0.5 1.28274917603 -0.00137751093632 1 Cristian  852.938553928001 0.064 0.371178890836 0.784126686962 1 1 3 0.47 1
306 4 4.5 0 1 6.867 0.5 1.7129368782 -0.0613939966148 1 Cristian  855.3363319430009 0.064 0.602654687062 1.27433087482 1 1 3 0.47 1
307 4 6 0 0 12.753 0.5 1.44722819328 0.0251715054603 1 Cristian  858.1565407360013 0.064 0.251571265454 0.922056687823 1 1 3 0.47 0
308 4 6 0 0 11.2815 0.5 1.55102300644 0.011401116821 1 Cristian  860.7218299810011 0.064 0.282684824934 1.03962188962 1 1 3 0.47 0
309 3 6 0 0 9.81 0.5 1.71781611443 0.0262601756837 1 Cristian  863.3745499290017 0.064 0.330874137354 1.19155593874 1 1 3 0.47 0
310 4 6 0 1 8.3385 0.5 1.81862711906 -0.0768882789317 1 Cristian  866.2014002690012 0.064 0.630023168618 1.395515398 1 1 3 0.47 1
311 4 6 0 0 9.81 0.5 1.73930311203 0.0477471732881 1 Cristian  869.1201238150006 0.064 0.318469389292 1.19155593874 1 1 3 0.47 0
312 3 6 0 1 6.867 0.5 2.04409384727 -0.139663140301 1 Cristian  871.9816092260007 0.064 0.802409255334 1.68375698758 1 1 3 0.47 1
313 3 4.5 0 0 11.2815 0.5 1.33402991295 0.0499032259869 1 Cristian  875.1279392210017 0.064 0.231195960195 0.784126686962 1 1 3 0.47 0
314 4 4.5 0 0 11.2815 0.5 1.33156204224 0.0474353552746 1 Cristian  877.5651208980016 0.064 0.230711893625 0.784126686962 1 1 3 0.47 0
315 4 4.5 0 1 12.753 0.5 1.19647097588 0.00145623874845 1 Cristian  880.015367121001 0.064 0.316574430914 0.695014737127 1 1 3 0.47 1
316 3 4.5 0 1 9.81 0.5 1.48671507835 0.0872611158121 1 Cristian  882.3110635070007 0.064 0.439866833432 0.899453962542 1 1 3 0.47 1
317 3 6 0 1 11.2815 0.5 1.66531705856 0.125695168945 1 Cristian  884.9097332960009 0.064 0.469096888279 1.03962188962 1 1 3 0.47 1
318 4 4.5 0 0 6.867 0.5 1.76521110535 -0.00911976947249 1 Cristian  887.6988178070005 0.064 0.371866145961 1.27433087482 1 1 3 0.47 0
319 4 6 0 1 6.867 0.5 2.18080806732 -0.00294892025376 1 Cristian  890.5642557080009 0.064 0.80628008049 1.68375698758 1 1 3 0.47 1
