trial vx vy vz LongOcclusion g timeStill rTime TemporalError environment id pupiltime IOD OccludedTimeOfTrajectory FlightDuration Drag DragFirst block accuracy LongOcclusion
0 4 4.5 0 1 -9.81 0.5 2.14771485329 0.748260890745 1 Aniol  2.9248158919999696 0.064 0.440465927286 0.899453962542 1 1 4 0.29 1
1 4 4.5 0 0 9.81 0.5 1.4392080307 0.0397540681589 1 Aniol  6.173948001999634 0.064 0.246802740171 0.899453962542 1 1 4 0.29 0
2 4 6 0 0 -9.81 0.5 1.81173276901 0.12017683027 1 Aniol  8.737773476000257 0.064 0.341598909833 1.19155593874 1 1 4 0.29 0
3 4 6 0 1 -9.81 0.5 1.66991281509 -0.021643123648 1 Aniol  11.652552303999983 0.064 0.550675218098 1.19155593874 1 1 4 0.29 1
4 4 4.5 0 0 -9.81 0.5 1.51164197922 0.112188016676 1 Aniol  14.435235728999942 0.064 0.245669355228 0.899453962542 1 1 4 0.29 0
5 3 6 0 0 -9.81 0.5 1.83967709541 0.148121156671 1 Aniol  17.059489444000064 0.064 0.31024995856 1.19155593874 1 1 4 0.29 0
6 3 6 0 1 9.81 0.5 1.72516608238 0.0336101436402 1 Aniol  20.011427696000283 0.064 0.555892857556 1.19155593874 1 1 4 0.29 1
7 3 4.5 0 0 9.81 0.5 1.4399228096 0.040468847059 1 Aniol  22.87369283099997 0.064 0.258443660694 0.899453962542 1 1 4 0.29 0
8 4 4.5 0 1 9.81 0.5 1.42461681366 0.0251628511179 1 Aniol  25.42422456500026 0.064 0.420662910248 0.899453962542 1 1 4 0.29 1
9 4 6 0 1 9.81 0.5 1.63377118111 -0.0577847576354 1 Aniol  27.961139908000405 0.064 0.581579226385 1.19155593874 1 1 4 0.29 1
10 3 6 0 0 9.81 0.5 1.76635313034 0.0747971915986 1 Aniol  30.707382171000063 0.064 0.309048005685 1.19155593874 1 1 4 0.29 0
11 4 6 0 0 9.81 0.5 1.69544506073 0.00388912198802 1 Aniol  33.56358603799981 0.064 0.299487202736 1.19155593874 1 1 4 0.29 0
12 3 4.5 0 1 -9.81 0.5 1.50617313385 0.106719171308 1 Aniol  36.37105781199989 0.064 0.425062579639 0.899453962542 1 1 4 0.29 1
13 3 4.5 0 0 -9.81 0.5 1.57918000221 0.179726039671 1 Aniol  38.99966247999964 0.064 0.226254622753 0.899453962542 1 1 4 0.29 0
14 3 6 0 1 -9.81 0.5 1.85901379585 0.167457857111 1 Aniol  41.66386514399983 0.064 0.561767086442 1.19155593874 1 1 4 0.29 1
15 3 4.5 0 1 9.81 0.5 1.41031384468 0.010859882139 1 Aniol  44.63470019000033 0.064 0.437118829941 0.899453962542 1 1 4 0.29 1
16 4 6 0 0 9.81 0.5 1.69373011589 0.00217417714854 1 Aniol  47.16449578100037 0.064 0.342434276581 1.19155593874 1 1 4 0.29 0
17 3 6 0 1 9.81 0.5 1.67016506195 -0.0213908767913 1 Aniol  49.96607216299981 0.064 0.574211265396 1.19155593874 1 1 4 0.29 1
18 4 4.5 0 0 9.81 0.5 1.45957899094 0.0601250283945 1 Aniol  52.74757307100026 0.064 0.257354071328 0.899453962542 1 1 4 0.29 0
19 3 4.5 0 1 -9.81 0.5 1.46074008942 0.0612861268747 1 Aniol  55.332355184000335 0.064 0.405984948111 0.899453962542 1 1 4 0.29 1
20 3 4.5 0 0 -9.81 0.5 1.54328513145 0.143831168913 1 Aniol  57.910787791000075 0.064 0.245227329684 0.899453962542 1 1 4 0.29 0
21 3 4.5 0 0 9.81 0.5 1.41956186295 0.0201079004038 1 Aniol  60.56759303000035 0.064 0.250371132008 0.899453962542 1 1 4 0.29 0
22 4 6 0 1 -9.81 0.5 1.82680296898 0.135247030237 1 Aniol  63.1163615129999 0.064 0.588857016399 1.19155593874 1 1 4 0.29 1
23 4 4.5 0 0 -9.81 0.5 1.51561307907 0.116159116529 1 Aniol  66.03646778999973 0.064 0.261006459852 0.899453962542 1 1 4 0.29 0
24 4 6 0 1 9.81 0.5 1.63488388062 -0.0566720581267 1 Aniol  68.6665160069997 0.064 0.55933480086 1.19155593874 1 1 4 0.29 1
25 3 6 0 1 -9.81 0.5 1.80541300774 0.113857068994 1 Aniol  71.40081266600009 0.064 0.569373017868 1.19155593874 1 1 4 0.29 1
26 4 6 0 0 -9.81 0.5 1.76118206978 0.0696261310365 1 Aniol  74.32232532299986 0.064 0.317093011869 1.19155593874 1 1 4 0.29 0
27 3 6 0 0 9.81 0.5 1.75079989433 0.0592439555909 1 Aniol  77.20523886400042 0.064 0.309828833825 1.19155593874 1 1 4 0.29 0
28 3 6 0 0 -9.81 0.5 1.80778598785 0.116230049112 1 Aniol  80.08243894299994 0.064 0.338474883728 1.19155593874 1 1 4 0.29 0
29 3 4.5 0 1 9.81 0.5 1.4081659317 0.00871196915986 1 Aniol  83.0184265429998 0.064 0.42937589821 0.899453962542 1 1 4 0.29 1
30 4 4.5 0 1 -9.81 0.5 1.64881801605 0.24936405351 1 Aniol  85.54638097499992 0.064 0.424267584732 0.899453962542 1 1 4 0.29 1
31 4 4.5 0 1 9.81 0.5 1.41628098488 0.0168270223367 1 Aniol  88.31931985699975 0.064 0.406584648476 0.899453962542 1 1 4 0.29 1
32 3 6 0 0 -9.81 0.5 1.80186796188 0.110312023142 1 Aniol  90.84287154600042 0.064 0.318149606094 1.19155593874 1 1 4 0.29 0
33 4 4.5 0 1 9.81 0.5 1.45183801651 0.0523840539682 1 Aniol  93.7624897579999 0.064 0.447782312187 0.899453962542 1 1 4 0.29 1
34 4 6 0 1 9.81 0.5 1.81639313698 0.124837198236 1 Aniol  96.34039549200043 0.064 0.568933799714 1.19155593874 1 1 4 0.29 1
35 4 6 0 1 -9.81 0.5 1.77698898315 0.0854330444123 1 Aniol  99.2645612590004 0.064 0.543446321937 1.19155593874 1 1 4 0.29 1
36 3 4.5 0 1 -9.81 0.5 1.47973585129 0.080281888746 1 Aniol  102.16177128900017 0.064 0.415678438605 0.899453962542 1 1 4 0.29 1
37 4 4.5 0 0 9.81 0.5 1.38122487068 -0.01822909186 1 Aniol  104.75626148599986 0.064 0.23762524017 0.899453962542 1 1 4 0.29 0
38 4 4.5 0 1 -9.81 0.5 1.52151203156 0.122058069013 1 Aniol  107.25674150899977 0.064 0.448175314728 0.899453962542 1 1 4 0.29 1
39 3 4.5 0 0 -9.81 0.5 1.60729193687 0.207837974333 1 Aniol  109.88865852700019 0.064 0.255267294411 0.899453962542 1 1 4 0.29 0
40 3 6 0 1 9.81 0.5 1.82126307487 0.129707136133 1 Aniol  112.61708532900047 0.064 0.566492641341 1.19155593874 1 1 4 0.29 1
41 4 6 0 0 -9.81 0.5 1.83589911461 0.144343175867 1 Aniol  115.56827912100016 0.064 0.331490867181 1.19155593874 1 1 4 0.29 0
42 3 4.5 0 0 9.81 0.5 1.50886297226 0.109409009718 1 Aniol  118.50522152299982 0.064 0.268720266882 0.899453962542 1 1 4 0.29 0
43 3 4.5 0 1 9.81 0.5 1.51171207428 0.112258111738 1 Aniol  121.1470580060004 0.064 0.434313811265 0.899453962542 1 1 4 0.29 1
44 3 6 0 1 -9.81 0.5 1.92011094093 0.228555002191 1 Aniol  123.76681887700033 0.064 0.546636104634 1.19155593874 1 1 4 0.29 1
45 4 4.5 0 0 -9.81 0.5 1.57617592812 0.176721965574 1 Aniol  126.81699545399988 0.064 0.249202727355 0.899453962542 1 1 4 0.29 0
46 3 6 0 0 9.81 0.5 1.78363108635 0.0920751476075 1 Aniol  129.52121776199965 0.064 0.334468935354 1.19155593874 1 1 4 0.29 0
47 4 6 0 0 9.81 0.5 1.91223788261 0.220681943872 1 Aniol  132.41259955399983 0.064 0.33724651092 1.19155593874 1 1 4 0.29 0
48 3 4.5 0 1 9.81 0.5 1.50828790665 0.108833944105 1 Aniol  135.4515278150002 0.064 0.443681607306 0.899453962542 1 1 4 0.29 1
49 3 6 0 0 9.81 0.5 1.73537802696 0.0438220882203 1 Aniol  138.073245607 0.064 0.305575310163 1.19155593874 1 1 4 0.29 0
50 4 6 0 0 -9.81 0.5 1.83651995659 0.144964017847 1 Aniol  140.9337992870005 0.064 0.331773755711 1.19155593874 1 1 4 0.29 0
51 4 6 0 0 9.81 0.5 1.77808594704 0.0865300082948 1 Aniol  143.8883235809999 0.064 0.309914305409 1.19155593874 1 1 4 0.29 0
52 4 4.5 0 0 -9.81 0.5 1.4874048233 0.0879508607614 1 Aniol  146.7934623379997 0.064 0.255095908901 0.899453962542 1 1 4 0.29 0
53 4 4.5 0 0 9.81 0.5 1.40552592278 0.00607196023347 1 Aniol  149.4069485279997 0.064 0.233171406399 0.899453962542 1 1 4 0.29 0
54 4 4.5 0 1 9.81 0.5 1.4296169281 0.0301629655588 1 Aniol  151.896082364 0.064 0.414257209398 0.899453962542 1 1 4 0.29 1
55 3 4.5 0 0 -9.81 0.5 1.54369306564 0.144239103102 1 Aniol  154.45166378799968 0.064 0.226207742839 0.899453962542 1 1 4 0.29 0
56 3 6 0 1 9.81 0.5 1.84076690674 0.149210967996 1 Aniol  157.11289540400048 0.064 0.555668217663 1.19155593874 1 1 4 0.29 1
57 4 6 0 1 -9.81 0.5 1.74134993553 0.0497939967897 1 Aniol  160.05805803400017 0.064 0.550126712408 1.19155593874 1 1 4 0.29 1
58 4 6 0 1 9.81 0.5 1.75209093094 0.0605349921968 1 Aniol  162.92825184100002 0.064 0.564387751768 1.19155593874 1 1 4 0.29 1
59 3 4.5 0 1 -9.81 0.5 1.49947786331 0.10002390077 1 Aniol  165.7777908449998 0.064 0.428286571979 0.899453962542 1 1 4 0.29 1
60 3 4.5 0 0 9.81 0.5 1.47388601303 0.0744320504892 1 Aniol  168.40303597100046 0.064 0.252261581945 0.899453962542 1 1 4 0.29 0
61 4 4.5 0 1 -9.81 0.5 1.52395701408 0.124503051542 1 Aniol  170.99817220800014 0.064 0.408969793347 0.899453962542 1 1 4 0.29 1
62 3 6 0 1 -9.81 0.5 1.89682412148 0.205268182733 1 Aniol  173.63826429900018 0.064 0.555532314604 1.19155593874 1 1 4 0.29 1
63 3 6 0 0 -9.81 0.5 1.84071016312 0.149154224374 1 Aniol  176.64649155900042 0.064 0.302271152347 1.19155593874 1 1 4 0.29 0
64 4 6 0 1 -9.81 0.5 1.7266600132 0.0351040744569 1 Aniol  179.62217435399998 0.064 0.541961395132 1.19155593874 1 1 4 0.29 1
65 3 6 0 0 -9.81 0.5 1.89128899574 0.199733057001 1 Aniol  182.4625806490003 0.064 0.352205551019 1.19155593874 1 1 4 0.29 0
66 4 6 0 1 9.81 0.5 1.68817186356 -0.00338407518606 1 Aniol  185.47070642400013 0.064 0.539845458001 1.19155593874 1 1 4 0.29 1
67 3 6 0 1 9.81 0.5 1.76359915733 0.0720432185914 1 Aniol  188.29125749800005 0.064 0.587901625258 1.19155593874 1 1 4 0.29 1
68 4 6 0 0 -9.81 0.5 1.84514689445 0.153590955713 1 Aniol  191.19046131899995 0.064 0.347652394989 1.19155593874 1 1 4 0.29 0
69 3 4.5 0 0 -9.81 0.5 1.53926086426 0.139806901716 1 Aniol  194.14763002200016 0.064 0.226327751521 0.899453962542 1 1 4 0.29 0
70 4 4.5 0 1 -9.81 0.5 1.51323795319 0.113783990644 1 Aniol  196.7951009620001 0.064 0.438157532057 0.899453962542 1 1 4 0.29 1
71 3 6 0 0 9.81 0.5 1.73860120773 0.0470452689912 1 Aniol  199.4139862990005 0.064 0.316199366002 1.19155593874 1 1 4 0.29 0
72 4 4.5 0 0 9.81 0.5 1.40927290916 0.00981894662263 1 Aniol  202.26085048300047 0.064 0.266190627457 0.899453962542 1 1 4 0.29 0
73 4 4.5 0 1 9.81 0.5 1.39467215538 -0.00478180716155 1 Aniol  204.79932378500052 0.064 0.434395530448 0.899453962542 1 1 4 0.29 1
74 3 6 0 1 -9.81 0.5 1.76262378693 0.0710678481843 1 Aniol  207.2995297819998 0.064 0.554904478934 1.19155593874 1 1 4 0.29 1
75 3 4.5 0 1 9.81 0.5 1.43889808655 0.0394441240061 1 Aniol  210.17181630600044 0.064 0.443262428824 0.899453962542 1 1 4 0.29 1
76 4 6 0 0 9.81 0.5 1.6661760807 -0.0253798580382 1 Aniol  212.73155121200034 0.064 0.324852641406 1.19155593874 1 1 4 0.29 0
77 3 4.5 0 0 9.81 0.5 1.38538503647 -0.0140689260733 1 Aniol  215.5068760539998 0.064 0.248252648509 0.899453962542 1 1 4 0.29 0
78 4 4.5 0 0 -9.81 0.5 1.54598712921 0.14653316667 1 Aniol  218.01390633499977 0.064 0.226993711573 0.899453962542 1 1 4 0.29 0
79 3 4.5 0 1 -9.81 0.5 1.44386386871 0.0444099061716 1 Aniol  220.67597881799975 0.064 0.444740271623 0.899453962542 1 1 4 0.29 1
80 4 6 0 0 9.81 0.5 1.73499894142 0.0434430026795 1 Aniol  223.23497763700016 0.064 0.316246804872 1.19155593874 1 1 4 0.29 0
81 3 4.5 0 1 -9.81 0.5 1.47688221931 0.0774282567728 1 Aniol  226.08375895100016 0.064 0.445802263815 0.899453962542 1 1 4 0.29 1
82 3 4.5 0 0 9.81 0.5 1.43476104736 0.0353070848215 1 Aniol  228.6771191859998 0.064 0.253081840469 0.899453962542 1 1 4 0.29 0
83 4 4.5 0 0 9.81 0.5 1.48586201668 0.0864080541361 1 Aniol  231.2262693120001 0.064 0.244520241115 0.899453962542 1 1 4 0.29 0
84 3 6 0 0 -9.81 0.5 1.80031204224 0.108756103494 1 Aniol  233.8284690800001 0.064 0.337522850458 1.19155593874 1 1 4 0.29 0
85 4 4.5 0 0 -9.81 0.5 1.51082205772 0.111368095182 1 Aniol  236.7529809739999 0.064 0.249038061778 0.899453962542 1 1 4 0.29 0
86 4 6 0 1 9.81 0.5 1.66341114044 -0.0281447983001 1 Aniol  239.38158393899994 0.064 0.587686818937 1.19155593874 1 1 4 0.29 1
87 4 4.5 0 1 -9.81 0.5 1.48407101631 0.0846170537698 1 Aniol  242.16542825000033 0.064 0.447051552193 0.899453962542 1 1 4 0.29 1
88 4 6 0 0 -9.81 0.5 1.76295304298 0.071397104242 1 Aniol  244.7742527090004 0.064 0.339031025401 1.19155593874 1 1 4 0.29 0
89 4 4.5 0 1 9.81 0.5 1.41206598282 0.0126120202768 1 Aniol  247.6601068939999 0.064 0.408478796118 0.899453962542 1 1 4 0.29 1
90 4 6 0 1 -9.81 0.5 1.75210905075 0.0605531120088 1 Aniol  250.1953095429999 0.064 0.540267297678 1.19155593874 1 1 4 0.29 1
91 3 6 0 1 -9.81 0.5 1.76972413063 0.0781681918885 1 Aniol  253.06929009800024 0.064 0.559495383315 1.19155593874 1 1 4 0.29 1
92 3 6 0 0 9.81 0.5 1.71477413177 0.0232181930329 1 Aniol  255.95822504700027 0.064 0.352842635726 1.19155593874 1 1 4 0.29 0
93 3 6 0 1 9.81 0.5 1.76436591148 0.0728099727418 1 Aniol  258.7783588909997 0.064 0.583929708346 1.19155593874 1 1 4 0.29 1
94 3 4.5 0 1 9.81 0.5 1.41527199745 0.01581803491 1 Aniol  261.6640627879997 0.064 0.424571928422 0.899453962542 1 1 4 0.29 1
95 3 4.5 0 0 -9.81 0.5 1.49845910072 0.0990051381815 1 Aniol  264.190166931 0.064 0.254950423892 0.899453962542 1 1 4 0.29 0
96 4 4.5 0 0 -9.81 0.5 1.53489112854 0.135437165998 1 Aniol  266.8205491260005 0.064 0.255857718735 0.899453962542 1 1 4 0.29 0
97 3 6 0 1 -9.81 0.5 1.83845496178 0.146899023035 1 Aniol  269.4474140100001 0.064 0.573283184987 1.19155593874 1 1 4 0.29 1
98 4 6 0 0 9.81 0.5 1.64035201073 -0.051203928015 1 Aniol  272.41067321399987 0.064 0.30620741771 1.19155593874 1 1 4 0.29 0
99 3 4.5 0 0 9.81 0.5 1.51113390923 0.111679946684 1 Aniol  275.17232746900027 0.064 0.234586057805 0.899453962542 1 1 4 0.29 0
100 4 4.5 0 1 9.81 0.5 1.4456820488 0.0462280862558 1 Aniol  277.79668283499996 0.064 0.43422030914 0.899453962542 1 1 4 0.29 1
101 4 6 0 0 -9.81 0.5 1.76917099953 0.077615060785 1 Aniol  280.36882772900026 0.064 0.310030428944 1.19155593874 1 1 4 0.29 0
102 4 6 0 1 9.81 0.5 1.73433184624 0.0427759074952 1 Aniol  283.2497731020003 0.064 0.551893055611 1.19155593874 1 1 4 0.29 1
103 4 4.5 0 1 -9.81 0.5 1.51007914543 0.11062518289 1 Aniol  286.1064409950004 0.064 0.443076250148 0.899453962542 1 1 4 0.29 1
104 4 4.5 0 0 9.81 0.5 1.47315096855 0.0736970060098 1 Aniol  288.73332179000045 0.064 0.244854842829 0.899453962542 1 1 4 0.29 0
105 3 4.5 0 1 9.81 0.5 1.41623401642 0.0167800538767 1 Aniol  291.31652775099974 0.064 0.4433694609 0.899453962542 1 1 4 0.29 1
106 3 4.5 0 1 -9.81 0.5 1.57003998756 0.170586025022 1 Aniol  293.85150123600033 0.064 0.405993219658 0.899453962542 1 1 4 0.29 1
107 4 6 0 1 -9.81 0.5 1.9050488472 0.213492908457 1 Aniol  296.53550843999983 0.064 0.541265533807 1.19155593874 1 1 4 0.29 1
108 3 6 0 0 -9.81 0.5 1.86359977722 0.17204383848 1 Aniol  299.55845858999965 0.064 0.352655669384 1.19155593874 1 1 4 0.29 0
109 3 6 0 1 9.81 0.5 1.8098859787 0.118330039957 1 Aniol  302.5432471240001 0.064 0.582564742819 1.19155593874 1 1 4 0.29 1
110 3 4.5 0 0 -9.81 0.5 1.55050802231 0.151054059767 1 Aniol  305.4552244060005 0.064 0.229674561734 0.899453962542 1 1 4 0.29 0
111 3 6 0 0 9.81 0.5 1.73819708824 0.0466411494996 1 Aniol  308.1147812300005 0.064 0.330172615042 1.19155593874 1 1 4 0.29 0
112 3 4.5 0 0 -9.81 0.5 1.54546880722 0.146014844679 1 Aniol  310.9680577469999 0.064 0.269528603556 0.899453962542 1 1 4 0.29 0
113 3 4.5 0 0 9.81 0.5 5.46993613243 4.07048216989 1 Aniol  313.64697146599974 0.064 0.24622060171 0.899453962542 1 1 4 0.29 0
114 4 6 0 1 -9.81 0.5 1.70529389381 0.0137379550721 1 Aniol  320.2324730749997 0.064 0.546442846797 1.19155593874 1 1 4 0.29 1
115 3 4.5 0 1 9.81 0.5 1.38590693474 -0.0135470278036 1 Aniol  323.0548911120004 0.064 0.439215746218 0.899453962542 1 1 4 0.29 1
116 4 4.5 0 1 -9.81 0.5 1.41524600983 0.0157920472849 1 Aniol  325.55364654799996 0.064 0.429916583139 0.899453962542 1 1 4 0.29 1
117 4 6 0 0 9.81 0.5 1.6467089653 -0.0448469734405 1 Aniol  328.10052073600036 0.064 0.332268722532 1.19155593874 1 1 4 0.29 0
118 3 6 0 0 9.81 0.5 1.70535993576 0.0138039970185 1 Aniol  330.86415007100004 0.064 0.339922563705 1.19155593874 1 1 4 0.29 0
119 4 4.5 0 0 9.81 0.5 1.34984517097 -0.0496087915671 1 Aniol  333.68618036299995 0.064 0.251394660504 0.899453962542 1 1 4 0.29 0
120 4 6 0 1 9.81 0.5 1.64809894562 -0.0434569931243 1 Aniol  336.15766275900023 0.064 0.584765989817 1.19155593874 1 1 4 0.29 1
121 4 4.5 0 1 9.81 0.5 1.37210392952 -0.0273500330221 1 Aniol  338.9335131839998 0.064 0.422280678023 0.899453962542 1 1 4 0.29 1
122 3 6 0 0 -9.81 0.5 1.77120900154 0.0796530627992 1 Aniol  341.41761773300004 0.064 0.314511713662 1.19155593874 1 1 4 0.29 0
123 4 6 0 0 -9.81 0.5 1.79764890671 0.106092967966 1 Aniol  344.2754782990005 0.064 0.333857092363 1.19155593874 1 1 4 0.29 0
124 3 4.5 0 1 -9.81 0.5 1.53870296478 0.139249002241 1 Aniol  347.20357930299997 0.064 0.41375380812 0.899453962542 1 1 4 0.29 1
125 3 6 0 1 -9.81 0.5 1.86663985252 0.175083913782 1 Aniol  349.86088989400014 0.064 0.584395198974 1.19155593874 1 1 4 0.29 1
126 3 6 0 1 9.81 0.5 1.73985385895 0.0482979202058 1 Aniol  352.853276928 0.064 0.574225380348 1.19155593874 1 1 4 0.29 1
127 4 4.5 0 0 -9.81 0.5 1.47905302048 0.0795990579355 1 Aniol  355.7114557320001 0.064 0.267741508036 0.899453962542 1 1 4 0.29 0
128 4 4.5 0 1 -9.81 0.5 1.4789249897 0.0794710271585 1 Aniol  358.31002621900006 0.064 0.430946833181 0.899453962542 1 1 4 0.29 1
129 4 4.5 0 0 -9.81 0.5 1.52785611153 0.128402148985 1 Aniol  360.9064509709997 0.064 0.262481302201 0.899453962542 1 1 4 0.29 0
130 4 6 0 0 9.81 0.5 1.70325899124 0.0117030524995 1 Aniol  363.554002418 0.064 0.340865123138 1.19155593874 1 1 4 0.29 0
131 3 6 0 0 -9.81 0.5 1.89753103256 0.20597509382 1 Aniol  366.38993714200024 0.064 0.301727527228 1.19155593874 1 1 4 0.29 0
132 3 6 0 0 9.81 0.5 1.68827295303 -0.00328298570852 1 Aniol  369.41275128300003 0.064 0.315039235419 1.19155593874 1 1 4 0.29 0
133 4 4.5 0 1 9.81 0.5 1.44298315048 0.0435291879404 1 Aniol  372.23172813400015 0.064 0.43657668891 0.899453962542 1 1 4 0.29 1
134 3 4.5 0 1 -9.81 0.5 1.56535315514 0.165899192594 1 Aniol  374.7910797989998 0.064 0.429520627145 0.899453962542 1 1 4 0.29 1
135 4 6 0 1 9.81 0.5 1.68446993828 -0.00708600046377 1 Aniol  377.4719209160003 0.064 0.565552351648 1.19155593874 1 1 4 0.29 1
136 4 4.5 0 0 9.81 0.5 1.51052117348 0.111067210935 1 Aniol  380.27683315500053 0.064 0.26440196633 0.899453962542 1 1 4 0.29 0
137 3 6 0 1 9.81 0.5 1.6649980545 -0.0265578842376 1 Aniol  382.91082578199985 0.064 0.549508130248 1.19155593874 1 1 4 0.29 1
138 4 6 0 1 -9.81 0.5 1.84784793854 0.156291999796 1 Aniol  385.7052490289998 0.064 0.551903541537 1.19155593874 1 1 4 0.29 1
139 3 4.5 0 0 9.81 0.5 1.51716303825 0.117709075712 1 Aniol  388.6715562159998 0.064 0.231997991128 0.899453962542 1 1 4 0.29 0
140 3 4.5 0 0 -9.81 0.5 1.58282494545 0.183370982908 1 Aniol  391.3216269499999 0.064 0.265928392825 0.899453962542 1 1 4 0.29 0
141 3 4.5 0 1 9.81 0.5 1.41699981689 0.0175458543527 1 Aniol  394.02004600500004 0.064 0.4425832565 0.899453962542 1 1 4 0.29 1
142 4 6 0 0 -9.81 0.5 1.8164100647 0.124854125955 1 Aniol  396.5536836649999 0.064 0.298549351523 1.19155593874 1 1 4 0.29 0
143 3 6 0 1 -9.81 0.5 104.268467903 102.576911964 1 Aniol  502.94674874700013 0.064 0.55017147794 1.19155593874 1 1 4 0.29 1
144 4 6 0 0 -9.81 0.5 104.268467903 102.576911964 1 Aniol  504.4821303730005 0.064 0.335109111683 1.19155593874 1 1 4 0.29 0
145 4 4.5 0 0 9.81 0.5 104.268467903 102.576911964 1 Aniol  505.23959876699973 0.064 0.262896778849 0.899453962542 1 1 4 0.29 0
146 3 6 0 0 -9.81 0.5 1.76032805443 0.0687721156861 1 Aniol  505.3478095800001 0.064 0.330427351627 1.19155593874 1 1 4 0.29 0
147 4 4.5 0 1 -9.81 0.5 1.44359612465 0.0441421621073 1 Aniol  508.22984816999997 0.064 0.432880814988 0.899453962542 1 1 4 0.29 1
148 4 6 0 0 9.81 0.5 1.64430308342 -0.0472528553222 1 Aniol  510.74630007500036 0.064 0.327325106755 1.19155593874 1 1 4 0.29 0
149 4 4.5 0 0 -9.81 0.5 1.4927918911 0.0933379285562 1 Aniol  513.5071216960005 0.064 0.267405285187 0.899453962542 1 1 4 0.29 0
150 3 4.5 0 0 -9.81 0.5 1.57414293289 0.17468897035 1 Aniol  516.1143228950004 0.064 0.268647417181 0.899453962542 1 1 4 0.29 0
151 3 4.5 0 1 9.81 0.5 1.44642186165 0.0469678991068 1 Aniol  518.7991547560005 0.064 0.444655986379 0.899453962542 1 1 4 0.29 1
152 4 6 0 1 9.81 0.5 1.79355287552 0.101996936777 1 Aniol  521.3268497159997 0.064 0.542904618622 1.19155593874 1 1 4 0.29 1
153 3 6 0 1 -9.81 0.5 1.87778019905 0.186224260309 1 Aniol  524.2289806750005 0.064 0.558698542941 1.19155593874 1 1 4 0.29 1
154 3 4.5 0 0 9.81 0.5 1.46495199203 0.0654980294931 1 Aniol  527.1984936999997 0.064 0.247599138703 0.899453962542 1 1 4 0.29 0
155 3 6 0 0 9.81 0.5 1.79032802582 0.0987720870759 1 Aniol  529.766308495 0.064 0.345361372511 1.19155593874 1 1 4 0.29 0
156 3 4.5 0 1 -9.81 0.5 1.50672793388 0.107273971342 1 Aniol  532.6995745490003 0.064 0.414751757514 0.899453962542 1 1 4 0.29 1
157 4 6 0 1 -9.81 0.5 1.85297608376 0.161420145014 1 Aniol  535.2894585060003 0.064 0.55298788525 1.19155593874 1 1 4 0.29 1
158 4 4.5 0 1 9.81 0.5 1.49404788017 0.0945939176309 1 Aniol  538.248176741 0.064 0.419555545756 0.899453962542 1 1 4 0.29 1
159 3 6 0 1 9.81 0.5 1.84578609467 0.154230155924 1 Aniol  540.8476332420005 0.064 0.580430318262 1.19155593874 1 1 4 0.29 1
160 4 4.5 0 0 -9.81 0.5 1.48309206963 0.0836381070841 1 Aniol  543.798720113 0.064 0.229844369513 0.899453962542 1 1 4 0.29 0
161 4 4.5 0 0 9.81 0.5 1.51295590401 0.113501941465 1 Aniol  546.389555187 0.064 0.22526640403 0.899453962542 1 1 4 0.29 0
162 3 6 0 0 -9.81 0.5 1.82885909081 0.137303152063 1 Aniol  549.0010028639999 0.064 0.327432581186 1.19155593874 1 1 4 0.29 0
163 3 6 0 0 9.81 0.5 1.73230886459 0.0407529258515 1 Aniol  551.9378136320001 0.064 0.334254736827 1.19155593874 1 1 4 0.29 0
164 3 4.5 0 0 -9.81 0.5 1.55302405357 0.153570091032 1 Aniol  554.7784864739997 0.064 0.252945244006 0.899453962542 1 1 4 0.29 0
165 3 4.5 0 0 9.81 0.5 1.47876882553 0.0793148629892 1 Aniol  557.4122782430004 0.064 0.248292482319 0.899453962542 1 1 4 0.29 0
166 3 6 0 1 -9.81 0.5 1.8882920742 0.196736135462 1 Aniol  559.9826363510001 0.064 0.543709782531 1.19155593874 1 1 4 0.29 1
167 4 4.5 0 1 9.81 0.5 1.41597485542 0.0165208928812 1 Aniol  562.9773742019997 0.064 0.44597457664 0.899453962542 1 1 4 0.29 1
168 4 6 0 0 9.81 0.5 1.53460693359 -0.156949005148 1 Aniol  565.4960648470005 0.064 0.302987890735 1.19155593874 1 1 4 0.29 0
169 4 4.5 0 1 -9.81 0.5 1.51368403435 0.114230071806 1 Aniol  568.1435886270001 0.064 0.443767432615 0.899453962542 1 1 4 0.29 1
170 3 6 0 1 9.81 0.5 1.87575697899 0.184201040247 1 Aniol  570.759654689 0.064 0.567682582242 1.19155593874 1 1 4 0.29 1
171 4 6 0 1 9.81 0.5 1.70313096046 0.0115750217225 1 Aniol  573.740659862 0.064 0.593597104659 1.19155593874 1 1 4 0.29 1
172 4 6 0 0 -9.81 0.5 1.8419251442 0.150369205454 1 Aniol  576.5315462549997 0.064 0.307186312996 1.19155593874 1 1 4 0.29 0
173 4 6 0 1 -9.81 0.5 1.79878401756 0.107228078821 1 Aniol  579.4639838630001 0.064 0.55833146527 1.19155593874 1 1 4 0.29 1
174 3 4.5 0 1 -9.81 0.5 1.60193395615 0.202479993604 1 Aniol  582.3807863760003 0.064 0.439272058993 0.899453962542 1 1 4 0.29 1
175 3 4.5 0 1 9.81 0.5 1.5144598484 0.115005885862 1 Aniol  585.0807602880004 0.064 0.409171325601 0.899453962542 1 1 4 0.29 1
176 3 4.5 0 0 9.81 0.5 1.43684196472 0.0373880021799 1 Aniol  587.7137904950005 0.064 0.225627648241 0.899453962542 1 1 4 0.29 0
177 3 4.5 0 1 9.81 0.5 1.49049401283 0.0910400502908 1 Aniol  590.2610641219999 0.064 0.411016848744 0.899453962542 1 1 4 0.29 1
178 4 6 0 1 9.81 0.5 1.70366692543 0.0121109866883 1 Aniol  592.8547922590005 0.064 0.552607229862 1.19155593874 1 1 4 0.29 1
179 4 4.5 0 0 -9.81 0.5 1.584649086 0.185195123457 1 Aniol  595.6632056819999 0.064 0.246925543816 0.899453962542 1 1 4 0.29 0
180 3 6 0 0 -9.81 0.5 1.84457397461 0.153018035867 1 Aniol  598.3521531329998 0.064 0.32583748872 1.19155593874 1 1 4 0.29 0
181 4 4.5 0 1 9.81 0.5 1.52717399597 0.12772003343 1 Aniol  601.296568793 0.064 0.408449587912 0.899453962542 1 1 4 0.29 1
182 4 6 0 0 9.81 0.5 1.78953909874 0.0979831599977 1 Aniol  603.9238726390004 0.064 0.352982495757 1.19155593874 1 1 4 0.29 0
183 3 4.5 0 0 -9.81 0.5 1.60481119156 0.205357229017 1 Aniol  606.8181594710004 0.064 0.253501044772 0.899453962542 1 1 4 0.29 0
184 3 6 0 1 9.81 0.5 2.05766701698 0.366111078241 1 Aniol  609.5323326489997 0.064 0.558041591486 1.19155593874 1 1 4 0.29 1
185 3 6 0 1 -9.81 0.5 1.70771002769 0.0161540889527 1 Aniol  612.7060509399998 0.064 0.559241882474 1.19155593874 1 1 4 0.29 1
186 3 6 0 0 9.81 0.5 1.73755788803 0.046001949289 1 Aniol  615.4970370589999 0.064 0.333882336813 1.19155593874 1 1 4 0.29 0
187 4 6 0 1 -9.81 0.5 1.73836803436 0.0468120956208 1 Aniol  618.3475142400002 0.064 0.561266110821 1.19155593874 1 1 4 0.29 1
188 4 6 0 0 -9.81 0.5 1.81942892075 0.127872982004 1 Aniol  621.1897753029998 0.064 0.32793855806 1.19155593874 1 1 4 0.29 0
189 4 4.5 0 1 -9.81 0.5 1.35028004646 -0.0491739160788 1 Aniol  624.1102839490004 0.064 0.404975979858 0.899453962542 1 1 4 0.29 1
190 4 4.5 0 0 9.81 0.5 1.49464797974 0.0951940171945 1 Aniol  626.5649295230005 0.064 0.233200509222 0.899453962542 1 1 4 0.29 0
191 3 4.5 0 1 -9.81 0.5 1.56409597397 0.164642011427 1 Aniol  629.1741933740004 0.064 0.44381279749 0.899453962542 1 1 4 0.29 1
192 3 4.5 0 1 -9.81 0.5 1.51490402222 0.115450059675 1 Aniol  631.847148246 0.064 0.429049352117 0.899453962542 1 1 4 0.29 1
193 4 6 0 0 -9.81 0.5 1.82651281357 0.134956874826 1 Aniol  634.4634258229999 0.064 0.313282011501 1.19155593874 1 1 4 0.29 0
194 4 4.5 0 0 9.81 0.5 1.50694108009 0.107487117552 1 Aniol  637.3945063840001 0.064 0.230290951035 0.899453962542 1 1 4 0.29 0
195 3 6 0 0 9.81 0.5 1.77699279785 0.0854368591096 1 Aniol  640.0043546469997 0.064 0.307811229228 1.19155593874 1 1 4 0.29 0
196 4 6 0 0 9.81 0.5 1.77485013008 0.0832941913392 1 Aniol  642.9005444209997 0.064 0.320659718896 1.19155593874 1 1 4 0.29 0
197 4 4.5 0 1 9.81 0.5 1.47584009171 0.0763861291635 1 Aniol  645.7973095509997 0.064 0.423412367845 0.899453962542 1 1 4 0.29 1
198 4 6 0 1 9.81 0.5 1.79843187332 0.10687593458 1 Aniol  648.3661884570001 0.064 0.582637070189 1.19155593874 1 1 4 0.29 1
199 3 6 0 1 9.81 0.5 1.76610803604 0.0745520972993 1 Aniol  651.2658472230005 0.064 0.55483073577 1.19155593874 1 1 4 0.29 1
200 4 4.5 0 0 -9.81 0.5 1.54109883308 0.141644870542 1 Aniol  654.1556956860004 0.064 0.251608034855 0.899453962542 1 1 4 0.29 0
201 4 4.5 0 1 -9.81 0.5 1.50795006752 0.108496104978 1 Aniol  656.8162425350001 0.064 0.429439252058 0.899453962542 1 1 4 0.29 1
202 3 6 0 0 -9.81 0.5 1.93935513496 0.247799196222 1 Aniol  659.4276752240003 0.064 0.304468354514 1.19155593874 1 1 4 0.29 0
203 3 6 0 1 -9.81 0.5 1.79198002815 0.100424089411 1 Aniol  662.4702213540004 0.064 0.552839939928 1.19155593874 1 1 4 0.29 1
204 3 4.5 0 0 9.81 0.5 1.57138514519 0.171931182646 1 Aniol  665.372163348 0.064 0.240357809345 0.899453962542 1 1 4 0.29 0
205 3 4.5 0 1 9.81 0.5 1.56340003014 0.163946067594 1 Aniol  668.0474348890002 0.064 0.41087960895 0.899453962542 1 1 4 0.29 1
206 4 6 0 1 -9.81 0.5 1.87611889839 0.18456295965 1 Aniol  670.7239149110001 0.064 0.553364132637 1.19155593874 1 1 4 0.29 1
207 3 4.5 0 0 -9.81 0.5 1.63276600838 0.233312045835 1 Aniol  673.700544888 0.064 0.244310682811 0.899453962542 1 1 4 0.29 0
208 4 4.5 0 1 9.81 0.5 1.51578903198 0.116335069441 1 Aniol  676.4474710499999 0.064 0.430811563401 0.899453962542 1 1 4 0.29 1
209 4 6 0 0 9.81 0.5 1.76794886589 0.0763929271485 1 Aniol  679.0657525490005 0.064 0.298181251562 1.19155593874 1 1 4 0.29 0
210 3 6 0 1 -9.81 0.5 1.89955496788 0.207999029138 1 Aniol  681.9422741019998 0.064 0.540351694056 1.19155593874 1 1 4 0.29 1
211 4 4.5 0 0 9.81 0.5 1.47333693504 0.0738829725015 1 Aniol  684.9411407980006 0.064 0.248649279738 0.899453962542 1 1 4 0.29 0
212 3 4.5 0 0 -9.81 0.5 1.60223507881 0.20278111627 1 Aniol  687.4927231299998 0.064 0.250637129509 0.899453962542 1 1 4 0.29 0
213 4 4.5 0 1 -9.81 0.5 1.61310315132 0.21364918878 1 Aniol  690.1958484859997 0.064 0.438546760239 0.899453962542 1 1 4 0.29 1
214 3 6 0 0 9.81 0.5 1.76606488228 0.0745089435365 1 Aniol  692.9090841919997 0.064 0.30999816809 1.19155593874 1 1 4 0.29 0
215 4 4.5 0 0 -9.81 0.5 1.60793709755 0.208483135008 1 Aniol  695.7728065010006 0.064 0.25985187971 0.899453962542 1 1 4 0.29 0
216 3 6 0 0 -9.81 0.5 1.83469796181 0.143142023065 1 Aniol  698.484734787 0.064 0.346997239877 1.19155593874 1 1 4 0.29 0
217 3 4.5 0 1 -9.81 0.5 1.60495591164 0.205501949095 1 Aniol  701.4386266689999 0.064 0.44972378945 0.899453962542 1 1 4 0.29 1
218 4 6 0 0 -9.81 0.5 1.89822912216 0.20667318342 1 Aniol  704.1111820830001 0.064 0.351692025043 1.19155593874 1 1 4 0.29 0
219 4 6 0 1 -9.81 0.5 1.86156201363 0.170006074884 1 Aniol  707.0874382620004 0.064 0.557229432069 1.19155593874 1 1 4 0.29 1
220 3 4.5 0 1 9.81 0.5 1.51910710335 0.119653140806 1 Aniol  710.0564103790002 0.064 0.419971560822 0.899453962542 1 1 4 0.29 1
221 3 6 0 1 9.81 0.5 1.80525803566 0.113702096918 1 Aniol  712.6588023160002 0.064 0.582301203734 1.19155593874 1 1 4 0.29 1
222 4 6 0 1 9.81 0.5 1.7427110672 0.0511551284577 1 Aniol  715.5689837299997 0.064 0.548329110384 1.19155593874 1 1 4 0.29 1
223 3 4.5 0 0 9.81 0.5 1.47289514542 0.0734411828745 1 Aniol  718.4077570730005 0.064 0.264175613036 0.899453962542 1 1 4 0.29 0
224 4 6 0 1 9.81 0.5 1.77383303642 0.0822770976808 1 Aniol  720.9740428530004 0.064 0.554093654727 1.19155593874 1 1 4 0.29 1
225 4 6 0 1 -9.81 0.5 1.87480592728 0.183249988535 1 Aniol  723.8449572 0.064 0.540488545355 1.19155593874 1 1 4 0.29 1
226 4 4.5 0 0 9.81 0.5 1.47368192673 0.0742279641855 1 Aniol  726.8102970669997 0.064 0.268831138243 0.899453962542 1 1 4 0.29 0
227 4 4.5 0 1 -9.81 0.5 1.47037601471 0.0709220521677 1 Aniol  729.3905732399999 0.064 0.435048881149 0.899453962542 1 1 4 0.29 1
228 3 6 0 0 -9.81 0.5 1.84197807312 0.150422134378 1 Aniol  731.9652752520005 0.064 0.317013384833 1.19155593874 1 1 4 0.29 0
229 3 6 0 0 9.81 0.5 1.77256798744 0.0810120487001 1 Aniol  734.911265402 0.064 0.332481943047 1.19155593874 1 1 4 0.29 0
230 3 4.5 0 1 -9.81 0.5 1.53249287605 0.133038913511 1 Aniol  737.7828939199999 0.064 0.406322371476 0.899453962542 1 1 4 0.29 1
231 3 4.5 0 1 9.81 0.5 1.47590684891 0.0764528863657 1 Aniol  740.4196728920006 0.064 0.42271385302 0.899453962542 1 1 4 0.29 1
232 4 6 0 0 9.81 0.5 1.77580499649 0.0842490577485 1 Aniol  742.9920292510005 0.064 0.303688052437 1.19155593874 1 1 4 0.29 0
233 3 4.5 0 0 9.81 0.5 1.46323394775 0.0637799852121 1 Aniol  745.8674361370004 0.064 0.22625344182 0.899453962542 1 1 4 0.29 0
234 4 6 0 0 -9.81 0.5 1.81666016579 0.125104227045 1 Aniol  748.4294955690002 0.064 0.29844290727 1.19155593874 1 1 4 0.29 0
235 4 4.5 0 1 9.81 0.5 1.46347498894 0.0640210263956 1 Aniol  751.3494930879997 0.064 0.449353210391 0.899453962542 1 1 4 0.29 1
236 4 4.5 0 0 -9.81 0.5 1.4807779789 0.0813240163553 1 Aniol  753.9293735090005 0.064 0.255937417051 0.899453962542 1 1 4 0.29 0
237 3 6 0 1 -9.81 0.5 1.93074607849 0.239190139749 1 Aniol  756.5113014660001 0.064 0.564457667273 1.19155593874 1 1 4 0.29 1
238 3 4.5 0 0 -9.81 0.5 1.52009105682 0.120637094282 1 Aniol  759.5484016649998 0.064 0.259675937446 0.899453962542 1 1 4 0.29 0
239 3 6 0 1 9.81 0.5 1.70690584183 0.0153499030854 1 Aniol  762.1840210350001 0.064 0.551923647492 1.19155593874 1 1 4 0.29 1
240 4 4.5 0 1 9.81 0.5 1.41986513138 0.0204111688364 1 Aniol  764.9730999969997 0.064 0.441660922245 0.899453962542 1 1 4 0.29 1
241 3 4.5 0 1 -9.81 0.5 1.56852912903 0.169075166487 1 Aniol  767.4956736530003 0.064 0.430638401173 0.899453962542 1 1 4 0.29 1
242 3 6 0 0 -9.81 0.5 1.93140506744 0.239849128702 1 Aniol  770.164155763 0.064 0.32336733119 1.19155593874 1 1 4 0.29 0
243 4 6 0 1 9.81 0.5 1.67902493477 -0.0125310039733 1 Aniol  773.2062509610005 0.064 0.565333039476 1.19155593874 1 1 4 0.29 1
244 4 4.5 0 1 -9.81 0.5 1.55468916893 0.155235206388 1 Aniol  775.9978992229999 0.064 0.408807255254 0.899453962542 1 1 4 0.29 1
245 4 6 0 0 -9.81 0.5 1.9008769989 0.209321060159 1 Aniol  778.6613303180002 0.064 0.313107756273 1.19155593874 1 1 4 0.29 0
246 3 6 0 1 9.81 0.5 1.78685903549 0.09530309675 1 Aniol  781.6493939689999 0.064 0.586473963551 1.19155593874 1 1 4 0.29 1
247 3 4.5 0 1 9.81 0.5 1.43800902367 0.0385550611246 1 Aniol  784.5343357910006 0.064 0.432909149518 0.899453962542 1 1 4 0.29 1
248 3 6 0 1 -9.81 0.5 1.85547304153 0.163917102792 1 Aniol  787.0777456160004 0.064 0.582940964565 1.19155593874 1 1 4 0.29 1
249 4 4.5 0 0 9.81 0.5 1.58360505104 0.184151088499 1 Aniol  790.0536909490002 0.064 0.255475451007 0.899453962542 1 1 4 0.29 0
250 4 6 0 1 -9.81 0.5 1.95037007332 0.258814134577 1 Aniol  792.7319469780005 0.064 0.591092228285 1.19155593874 1 1 4 0.29 1
251 4 4.5 0 0 -9.81 0.5 1.43201994896 0.0325659864176 1 Aniol  795.8073697420004 0.064 0.249936705016 0.899453962542 1 1 4 0.29 0
252 3 4.5 0 0 9.81 0.5 1.45128297806 0.0518290155161 1 Aniol  798.3377875900005 0.064 0.238550326251 0.899453962542 1 1 4 0.29 0
253 4 6 0 0 9.81 0.5 1.75291609764 0.061360158899 1 Aniol  800.9063159509997 0.064 0.321556905681 1.19155593874 1 1 4 0.29 0
254 3 6 0 0 9.81 0.5 1.71562695503 0.0240710162904 1 Aniol  803.7768798380002 0.064 0.327879292085 1.19155593874 1 1 4 0.29 0
255 3 4.5 0 0 -9.81 0.5 1.56341600418 0.163962041639 1 Aniol  806.5952373830005 0.064 0.234887138516 0.899453962542 1 1 4 0.29 0
256 4 6 0 0 -9.81 0.5 1.83370900154 0.142153062799 1 Aniol  809.251429848 0.064 0.349587236196 1.19155593874 1 1 4 0.29 0
257 3 4.5 0 0 9.81 0.5 1.44608283043 0.0466288678873 1 Aniol  812.1987380330002 0.064 0.227290396652 0.899453962542 1 1 4 0.29 0
258 4 4.5 0 1 -9.81 0.5 1.46446013451 0.0650061719644 1 Aniol  814.7501871730001 0.064 0.442842207442 0.899453962542 1 1 4 0.29 1
259 3 6 0 0 -9.81 0.5 1.92106580734 0.229509868601 1 Aniol  817.3147945440005 0.064 0.309756105405 1.19155593874 1 1 4 0.29 0
260 4 6 0 0 9.81 0.5 1.72764110565 0.0360851669099 1 Aniol  820.3118479719997 0.064 0.324436601747 1.19155593874 1 1 4 0.29 0
261 3 4.5 0 1 -9.81 0.5 1.51433086395 0.114876901411 1 Aniol  823.1493344629998 0.064 0.418017345072 0.899453962542 1 1 4 0.29 1
262 4 6 0 1 -9.81 0.5 1.80954694748 0.117991008737 1 Aniol  825.7563155670005 0.064 0.592186598798 1.19155593874 1 1 4 0.29 1
263 3 6 0 1 -9.81 0.5 1.87725615501 0.185700216272 1 Aniol  828.6864572040004 0.064 0.582229857364 1.19155593874 1 1 4 0.29 1
264 3 6 0 1 9.81 0.5 1.73142910004 0.0398731612947 1 Aniol  831.6565532129998 0.064 0.538933445518 1.19155593874 1 1 4 0.29 1
265 4 4.5 0 0 9.81 0.5 1.50647997856 0.10702601602 1 Aniol  834.5056499680004 0.064 0.244977538497 0.899453962542 1 1 4 0.29 0
266 3 4.5 0 1 9.81 0.5 1.50051498413 0.101061021589 1 Aniol  837.131201143 0.064 0.444422405103 0.899453962542 1 1 4 0.29 1
267 3 6 0 0 9.81 0.5 1.68536710739 -0.00618883135061 1 Aniol  839.7466971459999 0.064 0.35622886482 1.19155593874 1 1 4 0.29 0
268 4 4.5 0 1 9.81 0.5 1.4484770298 0.0490230672586 1 Aniol  842.544652474 0.064 0.423712130516 0.899453962542 1 1 4 0.29 1
269 3 4.5 0 0 -9.81 0.5 1.59565401077 0.196200048231 1 Aniol  845.0909313980001 0.064 0.234156357045 0.899453962542 1 1 4 0.29 0
270 4 4.5 0 0 -9.81 0.5 1.59460806847 0.195154105924 1 Aniol  847.7870001820002 0.064 0.246670290458 0.899453962542 1 1 4 0.29 0
271 4 6 0 1 9.81 0.5 1.66757106781 -0.0239848709319 1 Aniol  850.487103077 0.064 0.557012850403 1.19155593874 1 1 4 0.29 1
272 3 4.5 0 1 9.81 0.5 1.43754506111 0.0380910985697 1 Aniol  853.2663108900006 0.064 0.413138996645 0.899453962542 1 1 4 0.29 1
273 4 6 0 1 -9.81 0.5 1.8290848732 0.137528934457 1 Aniol  855.8129903850004 0.064 0.57910187968 1.19155593874 1 1 4 0.29 1
274 3 6 0 0 -9.81 0.5 1.81566810608 0.124112167337 1 Aniol  858.7575449710002 0.064 0.316953286918 1.19155593874 1 1 4 0.29 0
275 3 4.5 0 0 -9.81 0.5 1.52031302452 0.120859061979 1 Aniol  861.6691043820001 0.064 0.252731936259 0.899453962542 1 1 4 0.29 0
276 3 6 0 1 -9.81 0.5 1.76837515831 0.076819219568 1 Aniol  864.2949400509997 0.064 0.575355236046 1.19155593874 1 1 4 0.29 1
277 3 4.5 0 0 9.81 0.5 1.53481411934 0.135360156797 1 Aniol  867.15790948 0.064 0.236877715811 0.899453962542 1 1 4 0.29 0
278 4 4.5 0 0 9.81 0.5 1.48226904869 0.082815086149 1 Aniol  869.8191464419997 0.064 0.265906182023 0.899453962542 1 1 4 0.29 0
279 4 4.5 0 0 -9.81 0.5 1.57445120811 0.174997245573 1 Aniol  872.3984029809999 0.064 0.264446019253 0.899453962542 1 1 4 0.29 0
280 4 4.5 0 1 9.81 0.5 1.44763493538 0.0481809728372 1 Aniol  875.1006270520002 0.064 0.406831715917 0.899453962542 1 1 4 0.29 1
281 4 4.5 0 1 -9.81 0.5 1.51097607613 0.111522113584 1 Aniol  877.6735744289999 0.064 0.445298351935 0.899453962542 1 1 4 0.29 1
282 3 4.5 0 1 -9.81 0.5 1.56495285034 0.1654988878 1 Aniol  880.3070957669997 0.064 0.423867200676 0.899453962542 1 1 4 0.29 1
283 4 6 0 0 9.81 0.5 1.69822692871 0.00667098996897 1 Aniol  882.9609248659999 0.064 0.351146891841 1.19155593874 1 1 4 0.29 0
284 4 6 0 1 9.81 0.5 1.79223012924 0.1006741905 1 Aniol  885.7659257670002 0.064 0.539887246324 1.19155593874 1 1 4 0.29 1
285 3 6 0 1 9.81 0.5 1.73877716064 0.0472212219026 1 Aniol  888.6794582949997 0.064 0.571119571473 1.19155593874 1 1 4 0.29 1
286 3 6 0 0 9.81 0.5 1.74082112312 0.0492651843812 1 Aniol  891.5068253979998 0.064 0.303866191803 1.19155593874 1 1 4 0.29 0
287 4 6 0 0 -9.81 0.5 1.83945798874 0.147902049997 1 Aniol  894.3555086300003 0.064 0.339879650745 1.19155593874 1 1 4 0.29 0
288 3 4.5 0 0 9.81 0.5 1.51552414894 0.116070186399 1 Aniol  897.2995727010002 0.064 0.247705305514 0.899453962542 1 1 4 0.29 0
289 4 4.5 0 0 -9.81 0.5 1.5382130146 0.138759052061 1 Aniol  899.9439798390003 0.064 0.239632252321 0.899453962542 1 1 4 0.29 0
290 4 4.5 0 1 -9.81 0.5 1.5459728241 0.146518861555 1 Aniol  902.5870045510001 0.064 0.431217191807 0.899453962542 1 1 4 0.29 1
291 4 4.5 0 1 9.81 0.5 1.38429713249 -0.0151568300497 1 Aniol  905.2515153160002 0.064 0.425522262158 0.899453962542 1 1 4 0.29 1
292 3 6 0 1 9.81 0.5 1.75456213951 0.0630062007691 1 Aniol  907.7421386530004 0.064 0.570477124074 1.19155593874 1 1 4 0.29 1
293 4 6 0 1 9.81 0.5 1.67134404182 -0.0202118969176 1 Aniol  910.5974427600004 0.064 0.564571039894 1.19155593874 1 1 4 0.29 1
294 4 6 0 1 -9.81 0.5 1.83132386208 0.139767923334 1 Aniol  913.3762378920001 0.064 0.576046302973 1.19155593874 1 1 4 0.29 1
295 3 6 0 1 -9.81 0.5 1.89948391914 0.207927980402 1 Aniol  916.3246373800002 0.064 0.565908458476 1.19155593874 1 1 4 0.29 1
296 3 4.5 0 0 -9.81 0.5 1.60532808304 0.205874120497 1 Aniol  919.3251637969997 0.064 0.236439985071 0.899453962542 1 1 4 0.29 0
297 3 4.5 0 1 9.81 0.5 1.53520298004 0.1357490175 1 Aniol  922.0124488660003 0.064 0.428657628679 0.899453962542 1 1 4 0.29 1
298 3 6 0 0 -9.81 0.5 1.89405703545 0.202501096704 1 Aniol  924.6556764530005 0.064 0.336051995605 1.19155593874 1 1 4 0.29 0
299 4 6 0 0 9.81 0.5 1.72024703026 0.0286910915162 1 Aniol  927.6774276510005 0.064 0.355008734742 1.19155593874 1 1 4 0.29 0
300 4 6 0 0 -9.81 0.5 1.82767009735 0.136114158609 1 Aniol  930.4960506440002 0.064 0.32750606145 1.19155593874 1 1 4 0.29 0
301 4 4.5 0 0 9.81 0.5 1.47775006294 0.0782961004007 1 Aniol  933.4319426170005 0.064 0.246660426456 0.899453962542 1 1 4 0.29 0
302 3 6 0 0 9.81 0.5 1.80380582809 0.112249889353 1 Aniol  936.0168219530005 0.064 0.351990147386 1.19155593874 1 1 4 0.29 0
303 3 4.5 0 1 -9.81 0.5 1.62351989746 0.224065934919 1 Aniol  938.9493108710003 0.064 0.448397006815 0.899453962542 1 1 4 0.29 1
304 4 4.5 0 1 -9.81 0.5 1.6668419838 0.267388021253 1 Aniol  941.6865178610005 0.064 0.440798699444 0.899453962542 1 1 4 0.29 1
305 4 6 0 1 9.81 0.5 1.82645916939 0.134903230646 1 Aniol  944.4581047769998 0.064 0.583426420596 1.19155593874 1 1 4 0.29 1
306 3 6 0 0 -9.81 0.5 1.91516208649 0.223606147745 1 Aniol  947.4298202589998 0.064 0.324709063929 1.19155593874 1 1 4 0.29 0
307 4 6 0 0 9.81 0.5 1.73718190193 0.0456259631898 1 Aniol  950.4040745510001 0.064 0.348811341741 1.19155593874 1 1 4 0.29 0
308 3 4.5 0 1 9.81 0.5 1.51148700714 0.112033044599 1 Aniol  953.2457760730003 0.064 0.439914641827 0.899453962542 1 1 4 0.29 1
309 3 6 0 0 9.81 0.5 1.80901694298 0.117461004236 1 Aniol  955.8820139890004 0.064 0.348395205709 1.19155593874 1 1 4 0.29 0
310 3 4.5 0 0 -9.81 0.5 1.64784288406 0.248388921522 1 Aniol  958.7822091620001 0.064 0.232069731626 0.899453962542 1 1 4 0.29 0
311 4 4.5 0 1 9.81 0.5 1.4838540554 0.0844000928629 1 Aniol  961.5552586020003 0.064 0.432143118614 0.899453962542 1 1 4 0.29 1
312 3 4.5 0 0 9.81 0.5 1.54844403267 0.148990070127 1 Aniol  964.1442480289998 0.064 0.257880105741 0.899453962542 1 1 4 0.29 0
313 3 6 0 1 9.81 0.5 1.80020713806 0.10865119932 1 Aniol  966.8007420129998 0.064 0.551044091224 1.19155593874 1 1 4 0.29 1
314 4 4.5 0 0 9.81 0.5 1.48523283005 0.0857788675058 1 Aniol  969.7330771010002 0.064 0.238790822741 0.899453962542 1 1 4 0.29 0
315 4 4.5 0 0 -9.81 0.5 1.58546900749 0.18601504495 1 Aniol  972.2802283840001 0.064 0.240727589939 0.899453962542 1 1 4 0.29 0
316 4 6 0 0 -9.81 0.5 1.87706494331 0.185509004572 1 Aniol  974.9746671180001 0.064 0.335212840722 1.19155593874 1 1 4 0.29 0
317 4 6 0 1 -9.81 0.5 1.9060049057 0.214448966959 1 Aniol  977.9680966639999 0.064 0.589464338691 1.19155593874 1 1 4 0.29 1
318 3 6 0 1 -9.81 0.5 1.83066892624 0.139112987497 1 Aniol  980.9709876659999 0.064 0.585912776649 1.19155593874 1 1 4 0.29 1
319 3 4.5 0 1 -9.81 0.5 1.62751412392 0.228060161375 1 Aniol  983.8816844270004 0.064 0.427853268211 0.899453962542 1 1 4 0.29 1
320 3 4.5 0 0 9.81 0.5 1.51338911057 0.113935148023 1 Aniol  986.614159918 0.064 0.228674651917 0.899453962542 1 1 4 0.29 0
321 3 6 0 0 9.81 0.5 1.86647391319 0.174917974451 1 Aniol  989.2346757679998 0.064 0.345033185068 1.19155593874 1 1 4 0.29 0
322 3 6 0 1 9.81 0.5 1.76380991936 0.0722539806153 1 Aniol  992.2352487730004 0.064 0.583626238451 1.19155593874 1 1 4 0.29 1
323 4 6 0 0 -9.81 0.5 1.89963293076 0.208076992014 1 Aniol  995.1023271980002 0.064 0.332989809159 1.19155593874 1 1 4 0.29 0
324 4 4.5 0 0 9.81 0.5 1.46000480652 0.0605508439768 1 Aniol  998.6676026519999 0.064 0.239092598144 0.899453962542 1 1 4 0.29 0
325 4 4.5 0 1 9.81 0.5 1.50361204147 0.104158078932 1 Aniol  1000.6866286280001 0.064 0.418585651403 0.899453962542 1 1 4 0.29 1
326 3 4.5 0 1 9.81 0.5 1.49888801575 0.0994340532053 1 Aniol  1003.2995870189998 0.064 0.433121149904 0.899453962542 1 1 4 0.29 1
327 3 4.5 0 0 -9.81 0.5 1.57235407829 0.172900115751 1 Aniol  1005.910836647 0.064 0.241880839734 0.899453962542 1 1 4 0.29 0
328 3 6 0 1 -9.81 0.5 1.77033495903 0.0787790202882 1 Aniol  1008.5914198840001 0.064 0.562924006174 1.19155593874 1 1 4 0.29 1
329 4 4.5 0 1 -9.81 0.5 1.53845596313 0.139002000593 1 Aniol  1011.4706966189997 0.064 0.441465676549 0.899453962542 1 1 4 0.29 1
330 4 4.5 0 0 -9.81 0.5 1.57442808151 0.174974118971 1 Aniol  1014.1235309100002 0.064 0.242859583858 0.899453962542 1 1 4 0.29 0
331 4 6 0 1 9.81 0.5 1.75480699539 0.0632510566499 1 Aniol  1016.8206980260002 0.064 0.553208395359 1.19155593874 1 1 4 0.29 1
332 3 4.5 0 1 -9.81 0.5 1.51239800453 0.11294404199 1 Aniol  1019.6609595079999 0.064 0.429435636407 0.899453962542 1 1 4 0.29 1
333 4 6 0 0 9.81 0.5 1.77631402016 0.0847580814149 1 Aniol  1022.2845097990003 0.064 0.302702624544 1.19155593874 1 1 4 0.29 0
334 3 6 0 0 -9.81 0.5 2.08548879623 0.393932857492 1 Aniol  1025.1611958160001 0.064 0.338218010867 1.19155593874 1 1 4 0.29 0
335 4 6 0 1 -9.81 0.5 1.8596868515 0.16813091276 1 Aniol  1028.3636457560006 0.064 0.566070292981 1.19155593874 1 1 4 0.29 1
336 3 6 0 0 9.81 0.5 1.8147289753 0.123173036554 1 Aniol  1031.338660667 0.064 0.339546560485 1.19155593874 1 1 4 0.29 0
337 4 6 0 1 9.81 0.5 1.70873785019 0.0171819114472 1 Aniol  1034.2489261350001 0.064 0.557509930936 1.19155593874 1 1 4 0.29 1
338 4 6 0 0 -9.81 0.5 1.80548191071 0.113925971964 1 Aniol  1037.0820113520003 0.064 0.348216651946 1.19155593874 1 1 4 0.29 0
339 3 4.5 0 1 9.81 0.5 1.43173599243 0.0322820298898 1 Aniol  1039.972418247 0.064 0.431314928312 0.899453962542 1 1 4 0.29 1
340 4 6 0 0 9.81 0.5 1.73355603218 0.0420000934388 1 Aniol  1042.5129022440005 0.064 0.320868276039 1.19155593874 1 1 4 0.29 0
341 4 4.5 0 1 -9.81 0.5 1.50056195259 0.101107990049 1 Aniol  1045.3641577010003 0.064 0.427915437834 0.899453962542 1 1 4 0.29 1
342 4 6 0 1 -9.81 0.5 1.85989499092 0.168339052179 1 Aniol  1047.988664636 0.064 0.546411949936 1.19155593874 1 1 4 0.29 1
343 3 4.5 0 0 9.81 0.5 1.48609614372 0.0866421811807 1 Aniol  1050.9201591359997 0.064 0.228752698132 0.899453962542 1 1 4 0.29 0
344 3 6 0 0 -9.81 0.5 1.88055706024 0.1890011215 1 Aniol  1053.4879112930003 0.064 0.335261682147 1.19155593874 1 1 4 0.29 0
345 3 6 0 1 9.81 0.5 1.86493802071 0.173382081964 1 Aniol  1056.4542364030003 0.064 0.576123778095 1.19155593874 1 1 4 0.29 1
346 4 4.5 0 0 -9.81 0.5 1.57112216949 0.171668206953 1 Aniol  1059.4462486660004 0.064 0.259230414678 0.899453962542 1 1 4 0.29 0
347 4 4.5 0 1 9.81 0.5 1.47287607193 0.0734221093881 1 Aniol  1062.1129427810001 0.064 0.44573316008 0.899453962542 1 1 4 0.29 1
348 3 4.5 0 0 -9.81 0.5 1.59582805634 0.196374093794 1 Aniol  1064.6883163769999 0.064 0.228577219769 0.899453962542 1 1 4 0.29 0
349 4 4.5 0 0 9.81 0.5 1.50325298309 0.103799020551 1 Aniol  1067.4109689770003 0.064 0.234442802845 0.899453962542 1 1 4 0.29 0
350 3 4.5 0 1 -9.81 0.5 1.65556883812 0.256114875578 1 Aniol  1069.9668195270006 0.064 0.44967257012 0.899453962542 1 1 4 0.29 1
351 3 6 0 1 -9.81 0.5 1.90120601654 0.209650077799 1 Aniol  1072.7245618940005 0.064 0.585993783885 1.19155593874 1 1 4 0.29 1
352 4 4.5 0 1 -9.81 0.5 1.58803200722 0.188578044676 1 Aniol  1075.7435952619999 0.064 0.407902498055 0.899453962542 1 1 4 0.29 1
353 4 6 0 1 -9.81 0.5 1.91966605186 0.228110113123 1 Aniol  1078.4273312289997 0.064 0.588472062886 1.19155593874 1 1 4 0.29 1
354 3 6 0 0 -9.81 0.5 1.87926292419 0.187706985452 1 Aniol  1081.4528094879997 0.064 0.313157844084 1.19155593874 1 1 4 0.29 0
355 4 4.5 0 1 9.81 0.5 1.4724149704 0.0729610078562 1 Aniol  1084.4365732590004 0.064 0.411866170429 0.899453962542 1 1 4 0.29 1
356 3 4.5 0 0 -9.81 0.5 1.5746319294 0.175177966856 1 Aniol  1087.0311233339999 0.064 0.258028984195 0.899453962542 1 1 4 0.29 0
357 3 6 0 0 9.81 0.5 1.74068689346 0.0491309547212 1 Aniol  1089.7076369120005 0.064 0.300289911497 1.19155593874 1 1 4 0.29 0
358 4 6 0 0 9.81 0.5 1.7363679409 0.0448120021607 1 Aniol  1092.543993763 0.064 0.307621802322 1.19155593874 1 1 4 0.29 0
359 3 4.5 0 1 9.81 0.5 1.45068311691 0.051229154371 1 Aniol  1095.3906115520003 0.064 0.405903441538 0.899453962542 1 1 4 0.29 1
360 3 6 0 1 9.81 0.5 197.656671047 195.965115108 1 Aniol  1281.8884137780005 0.064 0.540265749256 1.19155593874 1 1 4 0.29 1
361 4 4.5 0 0 9.81 0.5 1.41125798225 0.0118040197122 1 Aniol  1296.789471956 0.064 0.233084957744 0.899453962542 1 1 4 0.29 0
362 3 4.5 0 0 9.81 0.5 1.5188639164 0.119409953855 1 Aniol  1299.2723631979998 0.064 0.240145725111 0.899453962542 1 1 4 0.29 0
363 4 6 0 0 -9.81 0.5 1.77606892586 0.0845129871156 1 Aniol  1301.9202551540002 0.064 0.314002336028 1.19155593874 1 1 4 0.29 0
364 3 4.5 0 1 -9.81 0.5 1.5777618885 0.178307925962 1 Aniol  1304.8124564320005 0.064 0.44732518357 0.899453962542 1 1 4 0.29 1
365 3 6 0 1 -9.81 0.5 1.73861384392 0.0470579051759 1 Aniol  1307.5042237630005 0.064 0.560068052676 1.19155593874 1 1 4 0.29 1
366 4 6 0 1 9.81 0.5 1.71569299698 0.0241370582368 1 Aniol  1310.3534022720005 0.064 0.543567708179 1.19155593874 1 1 4 0.29 1
367 4 4.5 0 0 -9.81 0.5 1.49694490433 0.0974909417856 1 Aniol  1313.1771505010001 0.064 0.232056944302 0.899453962542 1 1 4 0.29 0
368 4 4.5 0 0 -9.81 0.5 1.465239048 0.0657850854624 1 Aniol  1315.7753462649998 0.064 0.254135425455 0.899453962542 1 1 4 0.29 0
369 4 6 0 0 9.81 0.5 1.687073946 -0.00448199274282 1 Aniol  1318.361320727 0.064 0.309858011531 1.19155593874 1 1 4 0.29 0
370 3 6 0 1 -9.81 0.5 1.76805996895 0.0765040302064 1 Aniol  1321.1485594820006 0.064 0.558275854175 1.19155593874 1 1 4 0.29 1
371 4 4.5 0 1 -9.81 0.5 1.49596810341 0.096514140867 1 Aniol  1324.0364854600002 0.064 0.433103767582 0.899453962542 1 1 4 0.29 1
372 3 6 0 0 -9.81 0.5 1.7330520153 0.0414960765626 1 Aniol  1326.6725432330004 0.064 0.326631356529 1.19155593874 1 1 4 0.29 0
373 4 6 0 1 -9.81 0.5 1.75610804558 0.064552106836 1 Aniol  1329.5207151940003 0.064 0.587121823606 1.19155593874 1 1 4 0.29 1
374 4 4.5 0 1 9.81 0.5 1.40044283867 0.000988876127027 1 Aniol  1332.3818410969998 0.064 0.410429103944 0.899453962542 1 1 4 0.29 1
375 3 6 0 0 9.81 0.5 1.74899482727 0.0574388885285 1 Aniol  1334.906566879 0.064 0.313392711844 1.19155593874 1 1 4 0.29 0
376 3 4.5 0 1 -9.81 0.5 1.52084684372 0.121392881178 1 Aniol  1337.7900378740005 0.064 0.417250407091 0.899453962542 1 1 4 0.29 1
377 3 6 0 1 9.81 0.5 1.73881101608 0.0472550773408 1 Aniol  1340.4071217210003 0.064 0.590083815031 1.19155593874 1 1 4 0.29 1
378 4 4.5 0 0 9.81 0.5 1.42895197868 0.0294980161417 1 Aniol  1343.268260199 0.064 0.256267891856 0.899453962542 1 1 4 0.29 0
379 4 6 0 0 -9.81 0.5 1.79870390892 0.107147970178 1 Aniol  1345.823956155 0.064 0.316248235245 1.19155593874 1 1 4 0.29 0
380 4 6 0 1 9.81 0.5 1.69240498543 0.000849046685892 1 Aniol  1348.743705762 0.064 0.537678511417 1.19155593874 1 1 4 0.29 1
381 3 4.5 0 1 9.81 0.5 1.44136285782 0.0419088952768 1 Aniol  1351.5668791180005 0.064 0.409308947062 0.899453962542 1 1 4 0.29 1
382 3 4.5 0 0 -9.81 0.5 1.53724908829 0.137795125746 1 Aniol  1354.1826910070004 0.064 0.267647359458 0.899453962542 1 1 4 0.29 0
383 3 4.5 0 0 9.81 0.5 1.50157189369 0.10211793115 1 Aniol  1356.7689712370002 0.064 0.228043906672 0.899453962542 1 1 4 0.29 0
