trial vx vy vz LongOcclusion g timeStill rTime TemporalError environment id pupiltime IOD OccludedTimeOfTrajectory FlightDuration Drag DragFirst block accuracy LongOcclusion
0 4 6 0 1 9.81 0.5 1.969217062 0.277661123254 1 Clara  2.442865038000491 0.063 0.57530759079 1.19155593874 1 1 4 0.46 1
1 4 4.5 0 0 -9.81 0.5 1.969217062 0.277661123254 1 Clara  2.442865038000491 0.063 0.57530759079 1.19155593874 1 1 4 0.46 1
2 4 6 0 0 -9.81 0.5 1.97198700905 0.280431070306 1 Clara  5.4890528680007264 0.063 0.326164093716 1.19155593874 1 1 4 0.46 0
3 3 4.5 0 1 9.81 0.5 1.57722687721 0.177772914671 1 Clara  8.554822980000608 0.063 0.413035162943 0.899453962542 1 1 4 0.46 1
4 4 6 0 0 9.81 0.5 1.86211204529 0.170556106546 1 Clara  11.227826217000256 0.063 0.312513601109 1.19155593874 1 1 4 0.46 0
5 3 6 0 1 9.81 0.5 1.8164730072 0.12491706846 1 Clara  14.200404341000649 0.063 0.595188892986 1.19155593874 1 1 4 0.46 1
6 4 6 0 1 -9.81 0.5 1.96900391579 0.277447977045 1 Clara  17.117580621000343 0.063 0.541491505407 1.19155593874 1 1 4 0.46 1
7 4 4.5 0 1 9.81 0.5 1.53901815414 0.139564191602 1 Clara  20.212528271000338 0.063 0.40647788457 0.899453962542 1 1 4 0.46 1
8 3 6 0 0 9.81 0.5 1.87010192871 0.178545989969 1 Clara  22.84072395400017 0.063 0.326113121496 1.19155593874 1 1 4 0.46 0
9 3 6 0 1 -9.81 0.5 1.90451908112 0.212963142374 1 Clara  25.826092738000625 0.063 0.560442794972 1.19155593874 1 1 4 0.46 1
10 3 4.5 0 0 9.81 0.5 1.49179196358 0.0923380010355 1 Clara  28.846769884999958 0.063 0.247750074466 0.899453962542 1 1 4 0.46 0
11 3 4.5 0 0 -9.81 0.5 1.69526791573 0.295813953184 1 Clara  31.468491755000287 0.063 0.231782198879 0.899453962542 1 1 4 0.46 0
12 3 6 0 0 -9.81 0.5 1.7286260128 0.0370700740602 1 Clara  34.2593872970001 0.063 0.322531530599 1.19155593874 1 1 4 0.46 0
13 4 4.5 0 0 9.81 0.5 1.51541018486 0.115956222318 1 Clara  37.08787416500036 0.063 0.248240659413 0.899453962542 1 1 4 0.46 0
14 4 4.5 0 1 -9.81 0.5 1.63573408127 0.236280118727 1 Clara  39.73599503500009 0.063 0.427822991305 0.899453962542 1 1 4 0.46 1
15 3 4.5 0 1 -9.81 0.5 1.65079712868 0.251343166136 1 Clara  42.4886026840004 0.063 0.421283156062 0.899453962542 1 1 4 0.46 1
16 3 6 0 0 9.81 0.5 1.80464196205 0.113086023309 1 Clara  45.26180910800031 0.063 0.300715566483 1.19155593874 1 1 4 0.46 0
17 4 4.5 0 0 9.81 0.5 1.53599691391 0.136542951368 1 Clara  48.167885492000096 0.063 0.237906988917 0.899453962542 1 1 4 0.46 0
18 3 4.5 0 1 9.81 0.5 1.59559297562 0.196139013075 1 Clara  50.82528469200042 0.063 0.411677412094 0.899453962542 1 1 4 0.46 1
19 3 6 0 1 -9.81 0.5 1.97871398926 0.287158050516 1 Clara  53.541796139000326 0.063 0.536691399265 1.19155593874 1 1 4 0.46 1
20 3 6 0 0 -9.81 0.5 2.19257521629 0.501019277551 1 Clara  56.64180300899989 0.063 0.346297608728 1.19155593874 1 1 4 0.46 0
21 3 6 0 1 9.81 0.5 1.88094902039 0.189393081644 1 Clara  59.931990508000126 0.063 0.574732493649 1.19155593874 1 1 4 0.46 1
22 4 4.5 0 1 9.81 0.5 1.57594799995 0.176494037412 1 Clara  62.940537912000764 0.063 0.42080630499 0.899453962542 1 1 4 0.46 1
23 4 4.5 0 0 -9.81 0.5 1.76431107521 0.364857112669 1 Clara  65.6349363420004 0.063 0.264631644329 0.899453962542 1 1 4 0.46 0
24 4 6 0 1 9.81 0.5 1.97492408752 0.283368148782 1 Clara  68.49443458899987 0.063 0.564771651252 1.19155593874 1 1 4 0.46 1
25 3 4.5 0 1 -9.81 0.5 1.74288082123 0.343426858686 1 Clara  71.57108661800066 0.063 0.436897501123 0.899453962542 1 1 4 0.46 1
26 4 6 0 1 -9.81 0.5 2.02366185188 0.332105913141 1 Clara  74.40701509800056 0.063 0.542068111608 1.19155593874 1 1 4 0.46 1
27 4 6 0 0 9.81 0.5 1.84709811211 0.155542173364 1 Clara  77.52847076800026 0.063 0.32676880687 1.19155593874 1 1 4 0.46 0
28 3 4.5 0 0 9.81 0.5 1.54647803307 0.147024070524 1 Clara  80.48236542599989 0.063 0.232351083407 0.899453962542 1 1 4 0.46 0
29 3 4.5 0 0 -9.81 0.5 1.6494641304 0.25001016786 1 Clara  83.14828328300064 0.063 0.246371857422 0.899453962542 1 1 4 0.46 0
30 4 6 0 0 -9.81 0.5 1.93709897995 0.245543041208 1 Clara  85.90706881200003 0.063 0.30912395688 1.19155593874 1 1 4 0.46 0
31 4 4.5 0 1 -9.81 0.5 1.65255594254 0.253101979994 1 Clara  88.95983621100004 0.063 0.413055867046 0.899453962542 1 1 4 0.46 1
32 3 6 0 0 9.81 0.5 1.9168419838 0.225286045053 1 Clara  91.716639364 0.063 0.336285803584 1.19155593874 1 1 4 0.46 0
33 4 4.5 0 1 -9.81 0.5 1.7677500248 0.368296062254 1 Clara  94.737008909 0.063 0.426834224311 0.899453962542 1 1 4 0.46 1
34 3 4.5 0 1 9.81 0.5 1.5697851181 0.170331155561 1 Clara  97.62048317600056 0.063 0.409392928313 0.899453962542 1 1 4 0.46 1
35 3 4.5 0 0 -9.81 0.5 1.80410981178 0.404655849241 1 Clara  100.32480402100009 0.063 0.25836871396 0.899453962542 1 1 4 0.46 0
36 4 4.5 0 1 9.81 0.5 1.38487696648 -0.0145769960654 1 Clara  103.22598829800063 0.063 0.425001970833 0.899453962542 1 1 4 0.46 1
37 3 4.5 0 0 9.81 0.5 1.49645996094 0.0970059983957 1 Clara  105.7385846520001 0.063 0.248668653411 0.899453962542 1 1 4 0.46 0
38 4 4.5 0 0 9.81 0.5 1.43548798561 0.0360340230692 1 Clara  108.36463567400006 0.063 0.259231171094 0.899453962542 1 1 4 0.46 0
39 4 6 0 1 9.81 0.5 1.81394290924 0.122386970499 1 Clara  110.88955707600053 0.063 0.594215467926 1.19155593874 1 1 4 0.46 1
40 3 6 0 1 -9.81 0.5 2.10278391838 0.411227979639 1 Clara  113.82473708199996 0.063 0.560660498667 1.19155593874 1 1 4 0.46 1
41 3 6 0 1 9.81 0.5 1.84757018089 0.156014242151 1 Clara  117.06126299000061 0.063 0.576919392293 1.19155593874 1 1 4 0.46 1
42 3 6 0 0 -9.81 0.5 2.02769899368 0.336143054941 1 Clara  120.0090257970005 0.063 0.302858181986 1.19155593874 1 1 4 0.46 0
43 4 4.5 0 0 -9.81 0.5 1.72973799706 0.330284034513 1 Clara  123.15427751400057 0.063 0.229217156213 0.899453962542 1 1 4 0.46 0
44 3 4.5 0 1 -9.81 0.5 1.67154288292 0.272088920378 1 Clara  125.9812525289999 0.063 0.444302311715 0.899453962542 1 1 4 0.46 1
45 4 6 0 0 -9.81 0.5 1.98680996895 0.295254030206 1 Clara  128.7502113440005 0.063 0.341782815953 1.19155593874 1 1 4 0.46 0
46 4 6 0 1 -9.81 0.5 1.79936504364 0.107809104898 1 Clara  131.84473881100075 0.063 0.589423217134 1.19155593874 1 1 4 0.46 1
47 4 6 0 0 9.81 0.5 1.88679099083 0.195235052088 1 Clara  134.75596047700037 0.063 0.320374978328 1.19155593874 1 1 4 0.46 0
48 4 6 0 0 9.81 0.5 1.94148302078 0.249927082041 1 Clara  137.74728243700065 0.063 0.309149390475 1.19155593874 1 1 4 0.46 0
49 3 6 0 0 -9.81 0.5 2.04373502731 0.352179088571 1 Clara  140.78503487200032 0.063 0.314814251498 1.19155593874 1 1 4 0.46 0
50 3 4.5 0 1 -9.81 0.5 1.81324982643 0.413795863889 1 Clara  143.94313075300033 0.063 0.413085267606 0.899453962542 1 1 4 0.46 1
51 4 4.5 0 0 -9.81 0.5 1.6416888237 0.242234861158 1 Clara  146.86584612000024 0.063 0.261477033554 0.899453962542 1 1 4 0.46 0
52 4 6 0 1 -9.81 0.5 1.81997084618 0.128414907434 1 Clara  149.603883279 0.063 0.581044725027 1.19155593874 1 1 4 0.46 1
53 3 6 0 1 -9.81 0.5 1.85271501541 0.161159076669 1 Clara  152.53758073900008 0.063 0.555826796521 1.19155593874 1 1 4 0.46 1
54 4 4.5 0 1 9.81 0.5 1.52062511444 0.121171151899 1 Clara  155.51599457000066 0.063 0.448481622305 0.899453962542 1 1 4 0.46 1
55 3 6 0 1 9.81 0.5 1.84023189545 0.148675956705 1 Clara  158.14376315400023 0.063 0.595311636593 1.19155593874 1 1 4 0.46 1
56 4 4.5 0 0 9.81 0.5 1.52372193336 0.124267970823 1 Clara  161.08476744700056 0.063 0.229497009698 0.899453962542 1 1 4 0.46 0
57 4 6 0 1 9.81 0.5 1.86497807503 0.173422136286 1 Clara  163.70453851500042 0.063 0.593458412472 1.19155593874 1 1 4 0.46 1
58 4 4.5 0 1 -9.81 0.5 1.73693609238 0.337482129835 1 Clara  166.68776477100073 0.063 0.418861212338 0.899453962542 1 1 4 0.46 1
59 3 4.5 0 0 9.81 0.5 1.65307402611 0.253620063566 1 Clara  169.52298407200033 0.063 0.25770211604 0.899453962542 1 1 4 0.46 0
60 3 6 0 0 9.81 0.5 1.81534981728 0.123793878534 1 Clara  172.27736790000017 0.063 0.306082184304 1.19155593874 1 1 4 0.46 0
61 3 4.5 0 1 9.81 0.5 1.50972008705 0.11026612451 1 Clara  175.21376109800076 0.063 0.424369977827 0.899453962542 1 1 4 0.46 1
62 4 6 0 0 -9.81 0.5 1.98553395271 0.293978013971 1 Clara  177.80974786800016 0.063 0.327709212635 1.19155593874 1 1 4 0.46 0
63 3 4.5 0 0 -9.81 0.5 1.63258886337 0.233134900831 1 Clara  180.8962600069999 0.063 0.230094511861 0.899453962542 1 1 4 0.46 0
64 4 6 0 1 9.81 0.5 1.76377606392 0.0722201251771 1 Clara  183.65246698200008 0.063 0.54705998663 1.19155593874 1 1 4 0.46 1
65 4 6 0 0 -9.81 0.5 1.99076104164 0.299205102899 1 Clara  186.52922544600005 0.063 0.346935402358 1.19155593874 1 1 4 0.46 0
66 4 6 0 1 -9.81 0.5 1.84226298332 0.15070704458 1 Clara  189.628857316 0.063 0.573937312642 1.19155593874 1 1 4 0.46 1
67 4 4.5 0 0 -9.81 0.5 1.74699902534 0.347545062803 1 Clara  192.57415785100056 0.063 0.246286867775 0.899453962542 1 1 4 0.46 0
68 4 4.5 0 1 9.81 0.5 1.57391500473 0.174461042188 1 Clara  195.45406512699992 0.063 0.420011717056 0.899453962542 1 1 4 0.46 1
69 3 6 0 0 9.81 0.5 1.90165805817 0.210102119425 1 Clara  198.12395746000038 0.063 0.357141939746 1.19155593874 1 1 4 0.46 0
70 3 6 0 1 9.81 0.5 1.86423397064 0.1726780319 1 Clara  201.1229822360001 0.063 0.538117030644 1.19155593874 1 1 4 0.46 1
71 3 4.5 0 0 -9.81 0.5 1.75028896332 0.350835000776 1 Clara  204.42232734800018 0.063 0.237648657081 0.899453962542 1 1 4 0.46 0
72 4 4.5 0 0 9.81 0.5 1.56959199905 0.170138036512 1 Clara  206.91016785900047 0.063 0.225886174099 0.899453962542 1 1 4 0.46 0
73 3 4.5 0 1 9.81 0.5 1.48615980148 0.0867058389414 1 Clara  209.60764144600034 0.063 0.409701402626 0.899453962542 1 1 4 0.46 1
74 3 6 0 0 -9.81 0.5 1.90282201767 0.211266078928 1 Clara  212.20486428999993 0.063 0.323023789976 1.19155593874 1 1 4 0.46 0
75 4 6 0 0 9.81 0.5 1.9024541378 0.21089819906 1 Clara  215.21994098200048 0.063 0.308435623225 1.19155593874 1 1 4 0.46 0
76 4 4.5 0 1 -9.81 0.5 1.72061419487 0.321160232328 1 Clara  218.21341816800032 0.063 0.411614514943 0.899453962542 1 1 4 0.46 1
77 3 6 0 1 -9.81 0.5 1.98838496208 0.29682902334 1 Clara  221.03783361100068 0.063 0.573686744705 1.19155593874 1 1 4 0.46 1
78 3 4.5 0 0 9.81 0.5 1.54054617882 0.141092216276 1 Clara  224.1505527899999 0.063 0.233889143689 0.899453962542 1 1 4 0.46 0
79 3 4.5 0 1 -9.81 0.5 1.68764996529 0.288196002744 1 Clara  226.80142126700048 0.063 0.407073249011 0.899453962542 1 1 4 0.46 1
80 4 4.5 0 0 -9.81 0.5 1.73842000961 0.338966047071 1 Clara  229.5837916720002 0.063 0.267170159171 0.899453962542 1 1 4 0.46 0
81 3 4.5 0 0 -9.81 0.5 1.84906888008 0.449614917539 1 Clara  232.44028313300078 0.063 0.231652938393 0.899453962542 1 1 4 0.46 0
82 3 6 0 1 9.81 0.5 1.89866709709 0.20711115835 1 Clara  235.3942643930004 0.063 0.555842495041 1.19155593874 1 1 4 0.46 1
83 3 4.5 0 0 9.81 0.5 1.5704138279 0.170959865354 1 Clara  238.3890815470004 0.063 0.236871628448 0.899453962542 1 1 4 0.46 0
84 4 6 0 0 -9.81 0.5 2.04672503471 0.355169095972 1 Clara  241.04427889599992 0.063 0.310224168 1.19155593874 1 1 4 0.46 0
85 4 4.5 0 0 9.81 0.5 1.52191495895 0.122460996412 1 Clara  244.20050906100005 0.063 0.245270725928 0.899453962542 1 1 4 0.46 0
86 4 6 0 1 -9.81 0.5 2.24903607368 0.557480134943 1 Clara  246.8247894140004 0.063 0.565652058229 1.19155593874 1 1 4 0.46 1
87 4 4.5 0 1 9.81 0.5 1.52646303177 0.127009069227 1 Clara  250.1741521640006 0.063 0.416166213702 0.899453962542 1 1 4 0.46 1
88 4 6 0 1 9.81 0.5 1.82106995583 0.129514017084 1 Clara  252.82347253400076 0.063 0.563447302242 1.19155593874 1 1 4 0.46 1
89 3 6 0 0 -9.81 0.5 2.02482700348 0.333271064737 1 Clara  255.738639702 0.063 0.307219938952 1.19155593874 1 1 4 0.46 0
90 4 4.5 0 1 -9.81 0.5 1.73518896103 0.335734998487 1 Clara  258.8646702590004 0.063 0.444359154758 0.899453962542 1 1 4 0.46 1
91 4 6 0 0 9.81 0.5 1.79792404175 0.106368103006 1 Clara  261.7370559050005 0.063 0.302038275022 1.19155593874 1 1 4 0.46 0
92 3 4.5 0 1 -9.81 0.5 1.66639018059 0.266936218046 1 Clara  264.6274780110007 0.063 0.449671558206 0.899453962542 1 1 4 0.46 1
93 3 4.5 0 1 9.81 0.5 1.53299498558 0.133541023039 1 Clara  267.40815819399995 0.063 0.433862812883 0.899453962542 1 1 4 0.46 1
94 3 6 0 0 9.81 0.5 1.86757516861 0.176019229868 1 Clara  270.04207479400065 0.063 0.322266411046 1.19155593874 1 1 4 0.46 0
95 3 6 0 1 -9.81 0.5 2.30758595467 0.616030015924 1 Clara  273.0335550740001 0.063 0.539121982326 1.19155593874 1 1 4 0.46 1
96 3 6 0 1 -9.81 0.5 1.98455405235 0.292998113611 1 Clara  276.43496922600025 0.063 0.548088538772 1.19155593874 1 1 4 0.46 1
97 3 6 0 0 9.81 0.5 1.88412380219 0.192567863443 1 Clara  279.55584321900005 0.063 0.337355205566 1.19155593874 1 1 4 0.46 0
98 4 4.5 0 1 9.81 0.5 1.59431385994 0.194859897398 1 Clara  282.53815091600063 0.063 0.406752607828 0.899453962542 1 1 4 0.46 1
99 4 6 0 1 -9.81 0.5 2.00963687897 0.318080940225 1 Clara  285.2167263800002 0.063 0.580023413028 1.19155593874 1 1 4 0.46 1
100 3 6 0 0 -9.81 0.5 2.04967999458 0.358124055841 1 Clara  288.33394596500057 0.063 0.316157833608 1.19155593874 1 1 4 0.46 0
101 3 4.5 0 1 -9.81 0.5 1.80560493469 0.406150972151 1 Clara  291.51925737700003 0.063 0.445114755198 0.899453962542 1 1 4 0.46 1
102 4 6 0 0 -9.81 0.5 2.15278482437 0.461228885629 1 Clara  294.42077216300004 0.063 0.340837933362 1.19155593874 1 1 4 0.46 0
103 3 4.5 0 1 9.81 0.5 1.71103477478 0.311580812238 1 Clara  297.68920612700003 0.063 0.424367295818 0.899453962542 1 1 4 0.46 1
104 4 4.5 0 0 9.81 0.5 1.51586008072 0.116406118177 1 Clara  300.5075564260005 0.063 0.229279352107 0.899453962542 1 1 4 0.46 0
105 4 6 0 1 9.81 0.5 1.82362914085 0.132073202112 1 Clara  303.1250210490007 0.063 0.58951895108 1.19155593874 1 1 4 0.46 1
106 4 6 0 0 9.81 0.5 1.90230202675 0.210746088007 1 Clara  306.0791027660007 0.063 0.323910856902 1.19155593874 1 1 4 0.46 0
107 3 4.5 0 0 -9.81 0.5 2.03397583961 0.634521877073 1 Clara  309.0933813340007 0.063 0.251542601099 0.899453962542 1 1 4 0.46 0
108 3 6 0 1 9.81 0.5 1.98117685318 0.289620914438 1 Clara  312.2461727400005 0.063 0.547170433979 1.19155593874 1 1 4 0.46 1
109 4 4.5 0 0 -9.81 0.5 1.83533406258 0.435880100034 1 Clara  315.3409075079999 0.063 0.226804913171 0.899453962542 1 1 4 0.46 0
110 3 4.5 0 0 9.81 0.5 1.76036310196 0.360909139417 1 Clara  318.2709807810006 0.063 0.254200311347 0.899453962542 1 1 4 0.46 0
111 4 4.5 0 1 -9.81 0.5 1.8767991066 0.477345144056 1 Clara  321.15340755300076 0.063 0.437152809266 0.899453962542 1 1 4 0.46 1
112 4 4.5 0 0 -9.81 0.5 1.73671889305 0.337264930509 1 Clara  324.134815632 0.063 0.22972863355 0.899453962542 1 1 4 0.46 0
113 3 6 0 1 9.81 0.5 1.84919595718 0.157640018442 1 Clara  326.9879560570007 0.063 0.561636075573 1.19155593874 1 1 4 0.46 1
114 3 6 0 0 -9.81 0.5 1.93345117569 0.241895236948 1 Clara  329.9499111570003 0.063 0.353467433766 1.19155593874 1 1 4 0.46 0
115 3 4.5 0 1 -9.81 0.5 1.76684117317 0.36738721063 1 Clara  332.9771239700003 0.063 0.441972905535 0.899453962542 1 1 4 0.46 1
116 3 6 0 0 9.81 0.5 1.91893196106 0.227376022318 1 Clara  335.86520618100076 0.063 0.310786559749 1.19155593874 1 1 4 0.46 0
117 3 4.5 0 1 9.81 0.5 1.5252969265 0.125842963957 1 Clara  338.8924512700005 0.063 0.438638385605 0.899453962542 1 1 4 0.46 1
118 4 6 0 1 -9.81 0.5 1.99220585823 0.300649919489 1 Clara  341.5188675210002 0.063 0.550680256826 1.19155593874 1 1 4 0.46 1
119 3 6 0 1 -9.81 0.5 2.10768890381 0.416132965067 1 Clara  344.6054327540005 0.063 0.556584286749 1.19155593874 1 1 4 0.46 1
120 4 4.5 0 0 9.81 0.5 1.66038513184 0.260931169294 1 Clara  347.8097518430004 0.063 0.259842551021 0.899453962542 1 1 4 0.46 0
121 3 4.5 0 0 9.81 0.5 1.66390800476 0.264454042219 1 Clara  350.5888224750006 0.063 0.249983440505 0.899453962542 1 1 4 0.46 0
122 4 4.5 0 1 -9.81 0.5 1.65486502647 0.255411063932 1 Clara  353.3812256710007 0.063 0.440700012409 0.899453962542 1 1 4 0.46 1
123 4 6 0 0 9.81 0.5 1.78543496132 0.093879022577 1 Clara  356.1631930809999 0.063 0.308846777632 1.19155593874 1 1 4 0.46 0
124 4 4.5 0 1 9.81 0.5 1.56546807289 0.166014110349 1 Clara  359.05530885700045 0.063 0.429866659067 0.899453962542 1 1 4 0.46 1
125 4 6 0 1 9.81 0.5 1.84552693367 0.153970994928 1 Clara  361.71583654700044 0.063 0.58452955127 1.19155593874 1 1 4 0.46 1
126 3 4.5 0 0 -9.81 0.5 1.85244584084 0.452991878294 1 Clara  364.6518786180004 0.063 0.230789193459 0.899453962542 1 1 4 0.46 0
127 4 6 0 0 -9.81 0.5 2.01914310455 0.327587165811 1 Clara  367.61447007400056 0.063 0.305191088708 1.19155593874 1 1 4 0.46 0
128 3 6 0 0 -9.81 0.5 2.01819491386 0.326638975122 1 Clara  370.7182291270001 0.063 0.313299378972 1.19155593874 1 1 4 0.46 0
129 3 4.5 0 0 9.81 0.5 1.59942293167 0.199968969129 1 Clara  373.85522947700065 0.063 0.230479857191 0.899453962542 1 1 4 0.46 0
130 4 4.5 0 1 9.81 0.5 1.59199309349 0.192539130949 1 Clara  376.5698331250005 0.063 0.421646107102 0.899453962542 1 1 4 0.46 1
131 4 4.5 0 0 -9.81 0.5 1.71998476982 0.320530807279 1 Clara  379.2754001150006 0.063 0.233323867579 0.899453962542 1 1 4 0.46 0
132 3 6 0 1 -9.81 0.5 1.89544200897 0.20388607023 1 Clara  382.1113617280007 0.063 0.5809206089 1.19155593874 1 1 4 0.46 1
133 3 6 0 1 9.81 0.5 2.03621411324 0.344658174494 1 Clara  385.1032487400007 0.063 0.541603551938 1.19155593874 1 1 4 0.46 1
134 3 4.5 0 0 -9.81 0.5 1.71477103233 0.315317069792 1 Clara  388.24018317800073 0.063 0.265231765514 0.899453962542 1 1 4 0.46 0
135 4 6 0 1 -9.81 0.5 1.96706199646 0.275506057718 1 Clara  391.06163895100053 0.063 0.586860606186 1.19155593874 1 1 4 0.46 1
136 4 4.5 0 0 9.81 0.5 1.41056418419 0.011110221647 1 Clara  394.1397225690007 0.063 0.25290585317 0.899453962542 1 1 4 0.46 0
137 4 4.5 0 1 -9.81 0.5 1.63927817345 0.239824210905 1 Clara  396.6744950910006 0.063 0.405799970301 0.899453962542 1 1 4 0.46 1
138 3 4.5 0 1 9.81 0.5 1.56860303879 0.169149076246 1 Clara  399.4086741380006 0.063 0.448039205941 0.899453962542 1 1 4 0.46 1
139 3 4.5 0 1 -9.81 0.5 1.71992707253 0.320473109983 1 Clara  402.0688962210006 0.063 0.426187291582 0.899453962542 1 1 4 0.46 1
140 4 6 0 0 9.81 0.5 1.88310194016 0.191546001413 1 Clara  404.89443137000035 0.063 0.299782133884 1.19155593874 1 1 4 0.46 0
141 3 6 0 0 9.81 0.5 1.82375884056 0.132202901819 1 Clara  407.9000018249999 0.063 0.304998494908 1.19155593874 1 1 4 0.46 0
142 4 6 0 1 9.81 0.5 1.75723195076 0.0656760120179 1 Clara  410.86145422500067 0.063 0.544481171967 1.19155593874 1 1 4 0.46 1
143 4 6 0 0 -9.81 0.5 1.77348709106 0.0819311523225 1 Clara  413.725779978 0.063 0.31686081914 1.19155593874 1 1 4 0.46 0
144 3 4.5 0 0 -9.81 0.5 1.68241214752 0.28295818498 1 Clara  416.60809317000076 0.063 0.232371194358 0.899453962542 1 1 4 0.46 0
145 4 4.5 0 0 9.81 0.5 1.41031002998 0.0108560674417 1 Clara  419.3971832740008 0.063 0.264373470369 0.899453962542 1 1 4 0.46 0
146 3 6 0 0 -9.81 0.5 2.05660295486 0.365047016123 1 Clara  421.9067468840003 0.063 0.345237899763 1.19155593874 1 1 4 0.46 0
147 4 6 0 1 -9.81 0.5 1.86667609215 0.175120153406 1 Clara  425.0628442719999 0.063 0.592981241843 1.19155593874 1 1 4 0.46 1
148 4 6 0 1 9.81 0.5 1.77622795105 0.0846720123078 1 Clara  428.0340208030002 0.063 0.579739371552 1.19155593874 1 1 4 0.46 1
149 3 6 0 0 9.81 0.5 1.94115805626 0.249602117517 1 Clara  430.92072882200046 0.063 0.324140266026 1.19155593874 1 1 4 0.46 0
150 3 4.5 0 0 9.81 0.5 1.52867293358 0.129218971037 1 Clara  433.99433375600074 0.063 0.249436295222 0.899453962542 1 1 4 0.46 0
151 4 6 0 0 9.81 0.5 1.89224815369 0.200692214945 1 Clara  436.5988553220004 0.063 0.344291666529 1.19155593874 1 1 4 0.46 0
152 3 4.5 0 1 -9.81 0.5 1.83530187607 0.435847913526 1 Clara  439.59102640900073 0.063 0.435786172039 0.899453962542 1 1 4 0.46 1
153 3 4.5 0 1 9.81 0.5 1.59247088432 0.193016921781 1 Clara  442.52921630400033 0.063 0.421181248096 0.899453962542 1 1 4 0.46 1
154 3 6 0 1 9.81 0.5 1.88410496712 0.192549028375 1 Clara  445.23014024500026 0.063 0.554940834846 1.19155593874 1 1 4 0.46 1
155 4 4.5 0 1 -9.81 0.5 1.76853203773 0.369078075193 1 Clara  448.2234480830002 0.063 0.435750875615 0.899453962542 1 1 4 0.46 1
156 4 4.5 0 1 9.81 0.5 1.56204390526 0.162589942716 1 Clara  451.09914386000037 0.063 0.408268293188 0.899453962542 1 1 4 0.46 1
157 4 4.5 0 0 -9.81 0.5 1.79867601395 0.399222051405 1 Clara  453.76273457500065 0.063 0.22654743716 0.899453962542 1 1 4 0.46 0
158 4 6 0 0 -9.81 0.5 2.14705395699 0.455498018244 1 Clara  456.6793096050005 0.063 0.299970529872 1.19155593874 1 1 4 0.46 0
159 3 6 0 1 -9.81 0.5 1.71938490868 0.0278289699342 1 Clara  459.95163546799995 0.063 0.550585139251 1.19155593874 1 1 4 0.46 1
160 4 4.5 0 1 -9.81 0.5 1.52969908714 0.130245124601 1 Clara  462.77240977900055 0.063 0.441894956835 0.899453962542 1 1 4 0.46 1
161 3 4.5 0 0 -9.81 0.5 1.66736602783 0.26791206529 1 Clara  465.4103381240002 0.063 0.266715908402 0.899453962542 1 1 4 0.46 0
162 3 6 0 1 -9.81 0.5 1.98872804642 0.297172107675 1 Clara  468.1738063540006 0.063 0.569924163778 1.19155593874 1 1 4 0.46 1
163 3 6 0 0 -9.81 0.5 2.05577611923 0.36422018049 1 Clara  471.2749517259999 0.063 0.338046987152 1.19155593874 1 1 4 0.46 0
164 4 6 0 0 -9.81 0.5 1.9648308754 0.273274936655 1 Clara  474.4340172070006 0.063 0.3390449597 1.19155593874 1 1 4 0.46 0
165 3 6 0 1 9.81 0.5 1.87154698372 0.179991044977 1 Clara  477.5024091860005 0.063 0.550203336238 1.19155593874 1 1 4 0.46 1
166 4 6 0 0 9.81 0.5 1.87296080589 0.181404867151 1 Clara  480.4726084220001 0.063 0.31998059729 1.19155593874 1 1 4 0.46 0
167 3 4.5 0 1 -9.81 0.5 2.03133106232 0.631877099775 1 Clara  483.4638179500007 0.063 0.43427427641 0.899453962542 1 1 4 0.46 1
168 4 6 0 1 -9.81 0.5 1.83149600029 0.139940061548 1 Clara  486.60233034200064 0.063 0.580097949382 1.19155593874 1 1 4 0.46 1
169 4 4.5 0 0 9.81 0.5 1.49734807014 0.0978941076029 1 Clara  489.5559863610006 0.063 0.25771369772 0.899453962542 1 1 4 0.46 0
170 4 4.5 0 1 9.81 0.5 1.40663981438 0.00718585183503 1 Clara  492.1550340390004 0.063 0.40865482579 0.899453962542 1 1 4 0.46 1
171 3 4.5 0 1 9.81 0.5 1.52592992783 0.126475965284 1 Clara  494.6689373730005 0.063 0.442918815408 0.899453962542 1 1 4 0.46 1
172 4 6 0 1 9.81 0.5 1.71621513367 0.024659194925 1 Clara  497.2909215160007 0.063 0.586478283269 1.19155593874 1 1 4 0.46 1
173 4 4.5 0 0 -9.81 0.5 1.56054401398 0.161090051435 1 Clara  500.1154097180006 0.063 0.268671481787 0.899453962542 1 1 4 0.46 0
174 3 6 0 0 9.81 0.5 1.84597992897 0.154423990228 1 Clara  502.7855974660006 0.063 0.333092869757 1.19155593874 1 1 4 0.46 0
175 3 4.5 0 0 9.81 0.5 1.50360608101 0.104152118467 1 Clara  505.72116931100027 0.063 0.242199349619 0.899453962542 1 1 4 0.46 0
176 3 4.5 0 1 9.81 0.5 1.47365999222 0.0742060296762 1 Clara  508.3488731090001 0.063 0.429809769555 0.899453962542 1 1 4 0.46 1
177 3 6 0 1 9.81 0.5 1.89124917984 0.199693241098 1 Clara  510.9030733570007 0.063 0.564498519377 1.19155593874 1 1 4 0.46 1
178 4 6 0 1 9.81 0.5 1.72169208527 0.0301361465241 1 Clara  513.9138199510007 0.063 0.540889838272 1.19155593874 1 1 4 0.46 1
179 4 6 0 0 9.81 0.5 1.69467806816 0.00312212941905 1 Clara  516.7342429050004 0.063 0.310940006383 1.19155593874 1 1 4 0.46 0
180 4 4.5 0 1 -9.81 0.5 1.71512103081 0.315667068266 1 Clara  519.5420653250003 0.063 0.412998556007 0.899453962542 1 1 4 0.46 1
181 4 4.5 0 1 9.81 0.5 1.56292700768 0.163473045133 1 Clara  522.3673206270005 0.063 0.427465634096 0.899453962542 1 1 4 0.46 1
182 3 6 0 1 -9.81 0.5 1.8379919529 0.146436014154 1 Clara  525.0332471629999 0.063 0.54392531599 1.19155593874 1 1 4 0.46 1
183 4 6 0 1 -9.81 0.5 1.76022195816 0.0686660194184 1 Clara  527.9653208210002 0.063 0.569341025971 1.19155593874 1 1 4 0.46 1
184 4 4.5 0 0 9.81 0.5 1.45635509491 0.0569011323679 1 Clara  530.8329372759999 0.063 0.235262472047 0.899453962542 1 1 4 0.46 0
185 3 6 0 0 -9.81 0.5 1.76012897491 0.0685730361726 1 Clara  533.3967308290003 0.063 0.306756465782 1.19155593874 1 1 4 0.46 0
186 3 4.5 0 0 -9.81 0.5 1.59406685829 0.19461289575 1 Clara  536.2886870930006 0.063 0.265402982056 0.899453962542 1 1 4 0.46 0
187 4 6 0 0 -9.81 0.5 1.84031295776 0.148757019022 1 Clara  538.9924820280003 0.063 0.350205998169 1.19155593874 1 1 4 0.46 0
188 3 4.5 0 0 9.81 0.5 1.60583686829 0.206382905744 1 Clara  541.9431011720008 0.063 0.252445672107 0.899453962542 1 1 4 0.46 0
189 3 6 0 0 9.81 0.5 1.7649769783 0.07342103956 1 Clara  544.6663921810004 0.063 0.299038502912 1.19155593874 1 1 4 0.46 0
190 3 4.5 0 1 -9.81 0.5 1.72440385818 0.324949895643 1 Clara  547.5541764200007 0.063 0.417646455131 0.899453962542 1 1 4 0.46 1
191 4 4.5 0 0 -9.81 0.5 1.68265604973 0.283202087187 1 Clara  550.3880533480005 0.063 0.235987781781 0.899453962542 1 1 4 0.46 0
192 4 4.5 0 1 9.81 0.5 1.47341513634 0.0739611737955 1 Clara  553.1956743370001 0.063 0.444479100868 0.899453962542 1 1 4 0.46 1
193 3 6 0 1 -9.81 0.5 1.8778719902 0.186316051462 1 Clara  555.7827528790003 0.063 0.540028094096 1.19155593874 1 1 4 0.46 1
194 4 6 0 0 9.81 0.5 1.83538103104 0.143825092294 1 Clara  558.7820849740001 0.063 0.335567503441 1.19155593874 1 1 4 0.46 0
195 3 6 0 1 9.81 0.5 1.79315590858 0.101599969843 1 Clara  561.7184375900006 0.063 0.569235846456 1.19155593874 1 1 4 0.46 1
196 3 6 0 0 -9.81 0.5 1.86711096764 0.175555028894 1 Clara  564.6217651510005 0.063 0.327130048192 1.19155593874 1 1 4 0.46 0
197 3 4.5 0 0 9.81 0.5 1.54431414604 0.1448601835 1 Clara  567.6128549740006 0.063 0.252094094945 0.899453962542 1 1 4 0.46 0
198 3 4.5 0 0 -9.81 0.5 1.60718989372 0.207735931181 1 Clara  570.2621089900003 0.063 0.251368064096 0.899453962542 1 1 4 0.46 0
199 4 4.5 0 0 -9.81 0.5 1.4965069294 0.0970529668558 1 Clara  572.9925326510001 0.063 0.263037730445 0.899453962542 1 1 4 0.46 0
200 4 4.5 0 1 -9.81 0.5 1.53589606285 0.136442100309 1 Clara  575.6188614970006 0.063 0.423388314194 0.899453962542 1 1 4 0.46 1
201 4 6 0 1 9.81 0.5 1.76846194267 0.0769060039308 1 Clara  578.282088686 0.063 0.574193218392 1.19155593874 1 1 4 0.46 1
202 4 6 0 1 -9.81 0.5 1.80009198189 0.108536043146 1 Clara  581.1762610000005 0.063 0.55302614424 1.19155593874 1 1 4 0.46 1
203 3 4.5 0 1 9.81 0.5 1.53731513023 0.137861167692 1 Clara  584.0842529270003 0.063 0.436595727253 0.899453962542 1 1 4 0.46 1
204 3 4.5 0 1 -9.81 0.5 1.77232003212 0.372866069578 1 Clara  586.7554857290006 0.063 0.445328678991 0.899453962542 1 1 4 0.46 1
205 4 4.5 0 0 9.81 0.5 1.53343605995 0.13398209741 1 Clara  589.6401888070004 0.063 0.237252919907 0.899453962542 1 1 4 0.46 0
206 4 6 0 0 -9.81 0.5 1.87267494202 0.181119003275 1 Clara  592.2814342510001 0.063 0.300079864104 1.19155593874 1 1 4 0.46 0
207 3 6 0 0 9.81 0.5 1.78944206238 0.097886123636 1 Clara  595.244092938 0.063 0.310769543774 1.19155593874 1 1 4 0.46 0
208 3 4.5 0 0 9.81 0.5 1.5241420269 0.124688064359 1 Clara  598.1544185760004 0.063 0.22703991324 0.899453962542 1 1 4 0.46 0
209 4 6 0 0 -9.81 0.5 2.0675508976 0.375994958856 1 Clara  600.7811628310001 0.063 0.356798468533 1.19155593874 1 1 4 0.46 0
210 3 4.5 0 0 -9.81 0.5 1.68776798248 0.288314019941 1 Clara  603.9314833280005 0.063 0.240104113733 0.899453962542 1 1 4 0.46 0
211 3 6 0 1 9.81 0.5 1.81313896179 0.12158302305 1 Clara  606.7317360280003 0.063 0.594433897591 1.19155593874 1 1 4 0.46 1
212 4 6 0 1 9.81 0.5 1.82748603821 0.135930099466 1 Clara  609.6690253120005 0.063 0.582617241398 1.19155593874 1 1 4 0.46 1
213 4 4.5 0 0 -9.81 0.5 1.81312990189 0.413675939344 1 Clara  612.6080365910002 0.063 0.239523718924 0.899453962542 1 1 4 0.46 0
214 3 4.5 0 1 9.81 0.5 1.56114983559 0.161695873045 1 Clara  615.5383560710006 0.063 0.411495661896 0.899453962542 1 1 4 0.46 1
215 4 4.5 0 1 9.81 0.5 1.56779694557 0.16834298303 1 Clara  618.2075629070005 0.063 0.423411298927 0.899453962542 1 1 4 0.46 1
216 3 4.5 0 1 -9.81 0.5 1.85358285904 0.454128896498 1 Clara  620.8674514100003 0.063 0.425889078404 0.899453962542 1 1 4 0.46 1
217 4 4.5 0 0 9.81 0.5 1.52710199356 0.127648031019 1 Clara  623.8342391550004 0.063 0.239160575358 0.899453962542 1 1 4 0.46 0
218 4 6 0 1 -9.81 0.5 2.00285291672 0.311296977976 1 Clara  626.4825162260004 0.063 0.58241450987 1.19155593874 1 1 4 0.46 1
219 3 6 0 0 -9.81 0.5 1.98780584335 0.296249904611 1 Clara  629.5955158420002 0.063 0.355868202328 1.19155593874 1 1 4 0.46 0
220 3 6 0 0 9.81 0.5 1.82550191879 0.133945980051 1 Clara  632.6840779490003 0.063 0.311389926515 1.19155593874 1 1 4 0.46 0
221 4 4.5 0 1 -9.81 0.5 1.65383481979 0.254380857252 1 Clara  635.6066597050003 0.063 0.421340425027 0.899453962542 1 1 4 0.46 1
222 4 6 0 0 9.81 0.5 1.76546406746 0.0739081287171 1 Clara  638.3633496960001 0.063 0.305567406655 1.19155593874 1 1 4 0.46 0
223 3 6 0 1 -9.81 0.5 1.88909387589 0.197537937143 1 Clara  641.2563907809999 0.063 0.567713655542 1.19155593874 1 1 4 0.46 1
224 3 4.5 0 1 9.81 0.5 1.52691102028 0.127457057737 1 Clara  644.2521879190008 0.063 0.429775279997 0.899453962542 1 1 4 0.46 1
225 3 4.5 0 0 9.81 0.5 1.51882886887 0.119374906324 1 Clara  646.8907610730002 0.063 0.257238236737 0.899453962542 1 1 4 0.46 0
226 4 6 0 1 9.81 0.5 1.88610482216 0.194548883417 1 Clara  649.529926487 0.063 0.590387578966 1.19155593874 1 1 4 0.46 1
227 3 6 0 0 9.81 0.5 1.71836495399 0.0268090152528 1 Clara  652.8948465500007 0.063 0.342997312699 1.19155593874 1 1 4 0.46 0
228 4 4.5 0 0 9.81 0.5 1.4522550106 0.0528010480631 1 Clara  655.3167213670004 0.063 0.260273175518 0.899453962542 1 1 4 0.46 0
229 3 6 0 1 9.81 0.5 1.8526070118 0.161051073053 1 Clara  657.8781091430001 0.063 0.582112095542 1.19155593874 1 1 4 0.46 1
230 4 4.5 0 0 -9.81 0.5 1.65485286713 0.255398904585 1 Clara  660.8576856360005 0.063 0.258287508452 0.899453962542 1 1 4 0.46 0
231 3 4.5 0 1 -9.81 0.5 1.60619688034 0.206742917799 1 Clara  663.6303188960001 0.063 0.434052833786 0.899453962542 1 1 4 0.46 1
232 4 6 0 1 -9.81 0.5 1.56239485741 -0.129161081335 1 Clara  666.3501155580007 0.063 0.561145491249 1.19155593874 1 1 4 0.46 1
233 4 4.5 0 1 9.81 0.5 1.5244269371 0.124972974561 1 Clara  669.033073691 0.063 0.424584016715 0.899453962542 1 1 4 0.46 1
234 3 6 0 0 -9.81 0.5 1.88501405716 0.193458118417 1 Clara  671.6605704910007 0.063 0.337690360299 1.19155593874 1 1 4 0.46 0
235 3 4.5 0 0 -9.81 0.5 1.62303590775 0.223581945204 1 Clara  674.6463712000004 0.063 0.241477888508 0.899453962542 1 1 4 0.46 0
236 4 4.5 0 1 -9.81 0.5 1.60429501534 0.204841052793 1 Clara  677.3888939450007 0.063 0.423489035035 0.899453962542 1 1 4 0.46 1
237 4 6 0 0 -9.81 0.5 1.93484210968 0.243286170938 1 Clara  680.1040623710005 0.063 0.309027692106 1.19155593874 1 1 4 0.46 0
238 3 6 0 1 -9.81 0.5 1.84293794632 0.151382007578 1 Clara  683.1769977390004 0.063 0.566765214705 1.19155593874 1 1 4 0.46 1
239 4 6 0 0 9.81 0.5 1.89875602722 0.20720008848 1 Clara  686.1187666710002 0.063 0.30997677809 1.19155593874 1 1 4 0.46 0
240 3 6 0 1 9.81 0.5 1.88917994499 0.19762400625 1 Clara  689.1426014220006 0.063 0.552072010155 1.19155593874 1 1 4 0.46 1
241 4 4.5 0 0 9.81 0.5 1.48495101929 0.0854970567453 1 Clara  692.137345391 0.063 0.228973733562 0.899453962542 1 1 4 0.46 0
242 3 6 0 0 9.81 0.5 1.85388898849 0.162333049753 1 Clara  694.725166106 0.063 0.343372535163 1.19155593874 1 1 4 0.46 0
243 3 4.5 0 1 9.81 0.5 1.55982089043 0.160366927885 1 Clara  697.7063996900006 0.063 0.42657071685 0.899453962542 1 1 4 0.46 1
244 4 6 0 1 -9.81 0.5 1.85697484016 0.165418901422 1 Clara  700.3869529350004 0.063 0.551266659653 1.19155593874 1 1 4 0.46 1
245 3 4.5 0 0 9.81 0.5 1.54053592682 0.141081964277 1 Clara  703.3544891930005 0.063 0.262912633016 0.899453962542 1 1 4 0.46 0
246 3 6 0 0 -9.81 0.5 1.9866540432 0.295098104456 1 Clara  705.992350816 0.063 0.323287944563 1.19155593874 1 1 4 0.46 0
247 4 4.5 0 1 -9.81 0.5 1.81773614883 0.418282186292 1 Clara  709.0945385250006 0.063 0.43734325673 0.899453962542 1 1 4 0.46 1
248 3 4.5 0 0 -9.81 0.5 1.57435393333 0.174899970793 1 Clara  712.0177774900003 0.063 0.229916103832 0.899453962542 1 1 4 0.46 0
249 4 6 0 0 -9.81 0.5 1.92723989487 0.235683956125 1 Clara  714.722031968 0.063 0.337090349878 1.19155593874 1 1 4 0.46 0
250 4 4.5 0 1 9.81 0.5 1.53206992149 0.132615958952 1 Clara  717.7641806670008 0.063 0.430234754612 0.899453962542 1 1 4 0.46 1
251 3 6 0 1 -9.81 0.5 1.8895471096 0.197991170862 1 Clara  720.4104428720002 0.063 0.560119394884 1.19155593874 1 1 4 0.46 1
252 4 6 0 0 9.81 0.5 1.79671096802 0.105155029276 1 Clara  723.413361209 0.063 0.300098182218 1.19155593874 1 1 4 0.46 0
253 3 4.5 0 1 -9.81 0.5 1.62847590446 0.229021941923 1 Clara  726.3215539490002 0.063 0.437266264121 0.899453962542 1 1 4 0.46 1
254 4 4.5 0 0 -9.81 0.5 1.55424499512 0.154791032575 1 Clara  729.073942172 0.063 0.263611340322 0.899453962542 1 1 4 0.46 0
255 4 6 0 1 9.81 0.5 1.82074308395 0.129187145212 1 Clara  731.7453971780005 0.063 0.590464758089 1.19155593874 1 1 4 0.46 1
256 4 6 0 0 -9.81 0.5 2.0410349369 0.349478998163 1 Clara  734.6726011110004 0.063 0.331549717811 1.19155593874 1 1 4 0.46 0
257 3 6 0 1 -9.81 0.5 1.85202908516 0.160473146417 1 Clara  737.8209643290002 0.063 0.586310066169 1.19155593874 1 1 4 0.46 1
258 3 6 0 0 9.81 0.5 1.87731099129 0.185755052545 1 Clara  740.7934102290001 0.063 0.303189029615 1.19155593874 1 1 4 0.46 0
259 4 4.5 0 1 9.81 0.5 1.62117195129 0.221717988752 1 Clara  743.7720167120005 0.063 0.420145026638 0.899453962542 1 1 4 0.46 1
260 4 4.5 0 1 -9.81 0.5 1.62240219116 0.22294822862 1 Clara  746.5238725250001 0.063 0.419043254748 0.899453962542 1 1 4 0.46 1
261 4 6 0 0 9.81 0.5 1.94964194298 0.258086004236 1 Clara  749.2646413030006 0.063 0.322457705096 1.19155593874 1 1 4 0.46 0
262 4 6 0 1 9.81 0.5 1.78390002251 0.0923440837647 1 Clara  752.3129993660004 0.063 0.589675556473 1.19155593874 1 1 4 0.46 1
263 3 4.5 0 1 9.81 0.5 1.68857002258 0.289116060041 1 Clara  755.20340631 0.063 0.415860334386 0.899453962542 1 1 4 0.46 1
264 3 4.5 0 1 -9.81 0.5 1.69493412971 0.295480167173 1 Clara  758.0259090140007 0.063 0.416289652167 0.899453962542 1 1 4 0.46 1
265 3 6 0 1 9.81 0.5 1.73822999001 0.0466740512635 1 Clara  760.790665085 0.063 0.585089276637 1.19155593874 1 1 4 0.46 1
266 3 4.5 0 0 -9.81 0.5 1.69523406029 0.295780097746 1 Clara  763.6368644290005 0.063 0.235138481073 0.899453962542 1 1 4 0.46 0
267 4 4.5 0 0 -9.81 0.5 1.60142207146 0.201968108915 1 Clara  766.44520044 0.063 0.26061586762 0.899453962542 1 1 4 0.46 0
268 4 4.5 0 0 9.81 0.5 1.58656191826 0.187107955717 1 Clara  769.175672808 0.063 0.266751049097 0.899453962542 1 1 4 0.46 0
269 4 6 0 1 -9.81 0.5 1.85344910622 0.161893167474 1 Clara  771.8680317080007 0.063 0.577969604813 1.19155593874 1 1 4 0.46 1
270 3 4.5 0 0 9.81 0.5 1.50740122795 0.107947265409 1 Clara  774.8330830560008 0.063 0.260413198481 0.899453962542 1 1 4 0.46 0
271 3 6 0 0 -9.81 0.5 1.9876999855 0.296144046762 1 Clara  777.4475998050002 0.063 0.355780133921 1.19155593874 1 1 4 0.46 0
272 3 4.5 0 1 -9.81 0.5 1.75234913826 0.352895175718 1 Clara  780.547908994 0.063 0.432478955452 0.899453962542 1 1 4 0.46 1
273 3 6 0 0 -9.81 0.5 1.91450619698 0.222950258234 1 Clara  783.4102125270001 0.063 0.338421869953 1.19155593874 1 1 4 0.46 0
274 3 6 0 0 9.81 0.5 1.82975506783 0.138199129083 1 Clara  786.4439194490005 0.063 0.342346508942 1.19155593874 1 1 4 0.46 0
275 4 6 0 1 9.81 0.5 1.77517795563 0.0836220168855 1 Clara  789.3834142530004 0.063 0.58380978629 1.19155593874 1 1 4 0.46 1
276 4 6 0 0 9.81 0.5 1.95227193832 0.260715999582 1 Clara  792.2617926510002 0.063 0.341167804589 1.19155593874 1 1 4 0.46 0
277 4 4.5 0 1 9.81 0.5 1.50610589981 0.106651937269 1 Clara  795.3237339560001 0.063 0.444946266325 0.899453962542 1 1 4 0.46 1
278 3 6 0 1 -9.81 0.5 1.88525485992 0.193698921182 1 Clara  797.9550035120001 0.063 0.544084382297 1.19155593874 1 1 4 0.46 1
279 4 4.5 0 1 -9.81 0.5 1.71705913544 0.317605172895 1 Clara  800.9605038919999 0.063 0.419522750593 0.899453962542 1 1 4 0.46 1
280 4 4.5 0 0 -9.81 0.5 1.73404097557 0.334587013029 1 Clara  803.7847698960004 0.063 0.242402544503 0.899453962542 1 1 4 0.46 0
281 3 6 0 1 9.81 0.5 1.89187002182 0.200314083078 1 Clara  806.6420950510001 0.063 0.557761845146 1.19155593874 1 1 4 0.46 1
282 4 6 0 1 -9.81 0.5 1.97321295738 0.28165701864 1 Clara  809.649068836 0.063 0.540427909075 1.19155593874 1 1 4 0.46 1
283 4 6 0 0 -9.81 0.5 2.09061098099 0.399055042246 1 Clara  812.7322152920005 0.063 0.301432715887 1.19155593874 1 1 4 0.46 0
284 3 4.5 0 0 9.81 0.5 1.59079909325 0.191345130705 1 Clara  815.9382165820007 0.063 0.242516777968 0.899453962542 1 1 4 0.46 0
285 3 4.5 0 0 -9.81 0.5 1.63347101212 0.234017049574 1 Clara  818.6371178130003 0.063 0.244613445678 0.899453962542 1 1 4 0.46 0
286 3 4.5 0 1 9.81 0.5 1.60677695274 0.207322990202 1 Clara  821.4038373860003 0.063 0.448891153301 0.899453962542 1 1 4 0.46 1
287 4 4.5 0 0 9.81 0.5 1.50501608849 0.105562125944 1 Clara  824.1141772350002 0.063 0.263980437433 0.899453962542 1 1 4 0.46 0
288 3 6 0 0 -9.81 0.5 1.79472589493 0.103169956186 1 Clara  826.7306595850005 0.063 0.326019091071 1.19155593874 1 1 4 0.46 0
289 4 4.5 0 1 9.81 0.5 1.57004904747 0.170595084928 1 Clara  829.6380455640001 0.063 0.417258440398 0.899453962542 1 1 4 0.46 1
290 3 6 0 0 9.81 0.5 1.7850060463 0.0934501075532 1 Clara  832.3275674690003 0.063 0.299176226737 1.19155593874 1 1 4 0.46 0
291 3 6 0 1 -9.81 0.5 2.01249408722 0.320938148477 1 Clara  835.2226469090001 0.063 0.559912494296 1.19155593874 1 1 4 0.46 1
292 4 6 0 0 9.81 0.5 1.80776691437 0.116210975626 1 Clara  838.3579919080003 0.063 0.349435547322 1.19155593874 1 1 4 0.46 0
293 3 4.5 0 0 9.81 0.5 1.61960101128 0.220147048734 1 Clara  841.280622927 0.063 0.250405353677 0.899453962542 1 1 4 0.46 0
294 4 6 0 1 -9.81 0.5 1.95556211472 0.264006175974 1 Clara  844.0085763700008 0.063 0.560322174846 1.19155593874 1 1 4 0.46 1
295 4 4.5 0 0 9.81 0.5 1.52981281281 0.130358850263 1 Clara  847.0702809240001 0.063 0.230004267768 0.899453962542 1 1 4 0.46 0
296 3 4.5 0 1 -9.81 0.5 1.82842898369 0.428975021147 1 Clara  849.712056503 0.063 0.444039475532 0.899453962542 1 1 4 0.46 1
297 3 4.5 0 1 9.81 0.5 1.67569589615 0.276241933607 1 Clara  852.6452914130005 0.063 0.441917304363 0.899453962542 1 1 4 0.46 1
298 3 6 0 1 9.81 0.5 1.85699295998 0.165437021234 1 Clara  855.4471373550005 0.063 0.581948056486 1.19155593874 1 1 4 0.46 1
299 4 6 0 1 9.81 0.5 1.79189014435 0.100334205606 1 Clara  858.413726969 0.063 0.559043802199 1.19155593874 1 1 4 0.46 1
300 3 4.5 0 0 -9.81 0.5 1.68406295776 0.284608995222 1 Clara  861.3137628350005 0.063 0.237054522592 0.899453962542 1 1 4 0.46 0
301 4 4.5 0 1 -9.81 0.5 1.73695802689 0.337504064344 1 Clara  864.1175598890004 0.063 0.429768434143 0.899453962542 1 1 4 0.46 1
302 4 6 0 0 -9.81 0.5 2.01814389229 0.326587953546 1 Clara  866.9604464140002 0.063 0.321080417564 1.19155593874 1 1 4 0.46 0
303 4 4.5 0 0 -9.81 0.5 1.63303303719 0.233579074644 1 Clara  870.0984812550005 0.063 0.262632825114 0.899453962542 1 1 4 0.46 0
304 3 6 0 0 9.81 0.5 1.95347309113 0.261917152384 1 Clara  872.830210614 0.063 0.30419493498 1.19155593874 1 1 4 0.46 0
305 3 6 0 0 -9.81 0.5 1.94828987122 0.256733932474 1 Clara  875.8984384130008 0.063 0.311498627055 1.19155593874 1 1 4 0.46 0
306 3 6 0 1 9.81 0.5 1.80357789993 0.112021961191 1 Clara  878.9649970390001 0.063 0.577271835957 1.19155593874 1 1 4 0.46 1
307 4 6 0 1 9.81 0.5 4.12268686295 2.4311309242 1 Clara  884.4831525320005 0.063 0.587540099522 1.19155593874 1 1 4 0.46 1
308 3 4.5 0 0 -9.81 0.5 1.72060704231 0.321153079771 1 Clara  887.0803669350007 0.063 0.247351220668 0.899453962542 1 1 4 0.46 0
309 4 6 0 0 -9.81 0.5 2.10104608536 0.409490146616 1 Clara  889.9207457080001 0.063 0.313942332686 1.19155593874 1 1 4 0.46 0
310 3 4.5 0 1 -9.81 0.5 1.73475599289 0.335302030348 1 Clara  893.1255540890006 0.063 0.434614248196 0.899453962542 1 1 4 0.46 1
311 4 6 0 0 9.81 0.5 1.96530604362 0.273750104883 1 Clara  895.9609234250001 0.063 0.338050241427 1.19155593874 1 1 4 0.46 0
312 3 4.5 0 1 9.81 0.5 1.78485488892 0.385400926374 1 Clara  899.0343505590008 0.063 0.413491521661 0.899453962542 1 1 4 0.46 1
313 4 4.5 0 1 9.81 0.5 1.5541100502 0.15465608766 1 Clara  901.95500851 0.063 0.446578195236 0.899453962542 1 1 4 0.46 1
314 3 4.5 0 0 9.81 0.5 1.69392704964 0.294473087095 1 Clara  904.6267877540004 0.063 0.239719709069 0.899453962542 1 1 4 0.46 0
315 4 4.5 0 0 -9.81 0.5 1.63881492615 0.239360963606 1 Clara  907.4167418060006 0.063 0.253255110189 0.899453962542 1 1 4 0.46 0
316 4 6 0 1 -9.81 0.5 2.0739839077 0.382427968958 1 Clara  910.1712374990002 0.063 0.54305268405 1.19155593874 1 1 4 0.46 1
317 4 4.5 0 0 9.81 0.5 1.53382611275 0.134372150205 1 Clara  913.3721479770002 0.063 0.228393675323 0.899453962542 1 1 4 0.46 0
318 4 4.5 0 1 -9.81 0.5 1.60994815826 0.210494195722 1 Clara  916.003869489 0.063 0.406173089728 0.899453962542 1 1 4 0.46 1
319 3 6 0 1 -9.81 0.5 1.8938729763 0.202317037561 1 Clara  918.7469349150006 0.063 0.577429760246 1.19155593874 1 1 4 0.46 1
320 3 6 0 1 -9.81 0.5 1.84040904045 0.148853101709 1 Clara  921.7584380870003 0.063 0.56534260998 1.19155593874 1 1 4 0.46 1
321 4 4.5 0 1 -9.81 0.5 1.63836288452 0.23890892198 1 Clara  924.718430506 0.063 0.43154718713 0.899453962542 1 1 4 0.46 1
322 3 4.5 0 1 9.81 0.5 1.67049098015 0.271037017607 1 Clara  927.4684344380003 0.063 0.418444974731 0.899453962542 1 1 4 0.46 1
323 4 4.5 0 0 9.81 0.5 1.56759595871 0.168141996168 1 Clara  930.2538163340005 0.063 0.254963915281 0.899453962542 1 1 4 0.46 0
324 3 4.5 0 1 -9.81 0.5 1.73810577393 0.338651811384 1 Clara  932.9495854860006 0.063 0.411077148203 0.899453962542 1 1 4 0.46 1
325 4 6 0 1 -9.81 0.5 1.80132317543 0.109767236688 1 Clara  935.7850858690008 0.063 0.537336328829 1.19155593874 1 1 4 0.46 1
326 4 6 0 0 9.81 0.5 1.89255905151 0.201003112772 1 Clara  938.6960935060006 0.063 0.299647678491 1.19155593874 1 1 4 0.46 0
327 4 6 0 1 9.81 0.5 1.77314901352 0.0815930747773 1 Clara  941.69560103 0.063 0.557632806848 1.19155593874 1 1 4 0.46 1
328 3 6 0 0 -9.81 0.5 2.01640200615 0.324846067407 1 Clara  944.5794109890003 0.063 0.345889387826 1.19155593874 1 1 4 0.46 0
329 4 6 0 0 -9.81 0.5 1.83003091812 0.138474979379 1 Clara  947.7181530770004 0.063 0.318801314075 1.19155593874 1 1 4 0.46 0
330 3 6 0 0 9.81 0.5 1.72966980934 0.0381138705995 1 Clara  950.6719680740007 0.063 0.336611943601 1.19155593874 1 1 4 0.46 0
331 4 4.5 0 0 -9.81 0.5 1.6676030159 0.268149053358 1 Clara  953.50789231 0.063 0.257347743004 0.899453962542 1 1 4 0.46 0
332 4 4.5 0 1 9.81 0.5 1.56576895714 0.166314994596 1 Clara  956.2981293270004 0.063 0.413267479856 0.899453962542 1 1 4 0.46 1
333 3 4.5 0 0 -9.81 0.5 1.77280211449 0.373348151945 1 Clara  958.9771462590006 0.063 0.266460378939 0.899453962542 1 1 4 0.46 0
334 3 6 0 1 9.81 0.5 1.79070997238 0.0991540336396 1 Clara  961.8600181020001 0.063 0.592732006852 1.19155593874 1 1 4 0.46 1
335 3 4.5 0 0 9.81 0.5 1.47794795036 0.0784939878214 1 Clara  964.7631154540004 0.063 0.251326287797 0.899453962542 1 1 4 0.46 0
336 4 4.5 0 0 -9.81 0.5 1.65038895607 0.250934993528 1 Clara  967.3667693290008 0.063 0.232283185309 0.899453962542 1 1 4 0.46 0
337 3 4.5 0 1 9.81 0.5 1.44648694992 0.0470329873789 1 Clara  970.1293124800004 0.063 0.428590871223 0.899453962542 1 1 4 0.46 1
338 4 4.5 0 1 9.81 0.5 1.41972303391 0.0202690713632 1 Clara  972.7000100660007 0.063 0.434680206543 0.899453962542 1 1 4 0.46 1
339 4 6 0 1 -9.81 0.5 1.87576603889 0.184210100153 1 Clara  975.2335057220007 0.063 0.566724414968 1.19155593874 1 1 4 0.46 1
340 3 6 0 1 -9.81 0.5 1.97817397118 0.286618032434 1 Clara  978.2224566760005 0.063 0.561548991557 1.19155593874 1 1 4 0.46 1
341 3 4.5 0 1 -9.81 0.5 1.62501597404 0.225562011503 1 Clara  981.3222382450003 0.063 0.42599077433 0.899453962542 1 1 4 0.46 1
342 3 6 0 0 -9.81 0.5 2.00838589668 0.316829957941 1 Clara  984.0849205120003 0.063 0.352271390526 1.19155593874 1 1 4 0.46 0
343 4 6 0 0 -9.81 0.5 2.00417900085 0.312623062113 1 Clara  987.1856859210002 0.063 0.335408172116 1.19155593874 1 1 4 0.46 0
344 4 4.5 0 1 -9.81 0.5 1.64764904976 0.248195087217 1 Clara  990.2942733550008 0.063 0.411421759798 0.899453962542 1 1 4 0.46 1
345 3 6 0 0 9.81 0.5 1.76934289932 0.0777869605805 1 Clara  993.0698736540007 0.063 0.331580374078 1.19155593874 1 1 4 0.46 0
346 3 6 0 1 9.81 0.5 1.81050014496 0.118944206217 1 Clara  995.9635606350002 0.063 0.555875293628 1.19155593874 1 1 4 0.46 1
347 4 6 0 1 9.81 0.5 1.88342881203 0.191872873285 1 Clara  998.8862407590004 0.063 0.542399780558 1.19155593874 1 1 4 0.46 1
348 4 4.5 0 0 9.81 0.5 1.4144859314 0.0150319688547 1 Clara  1001.8769981350006 0.063 0.267220672733 0.899453962542 1 1 4 0.46 0
349 4 6 0 0 9.81 0.5 1.77177500725 0.080219068506 1 Clara  1004.4048199070003 0.063 0.333245494087 1.19155593874 1 1 4 0.46 0
350 3 4.5 0 0 9.81 0.5 1.47832489014 0.0788709275949 1 Clara  1007.2980572640008 0.063 0.240237676591 0.899453962542 1 1 4 0.46 0
351 3 4.5 0 0 -9.81 0.5 1.76789712906 0.368443166517 1 Clara  1009.9093734300004 0.063 0.252581686153 0.899453962542 1 1 4 0.46 0
352 4 6 0 1 9.81 0.5 1.73365187645 0.0420959377076 1 Clara  1012.7971643560004 0.063 0.585642586005 1.19155593874 1 1 4 0.46 1
353 4 6 0 1 -9.81 0.5 1.79741191864 0.105855979898 1 Clara  1015.6558765600003 0.063 0.537777748972 1.19155593874 1 1 4 0.46 1
354 4 4.5 0 1 9.81 0.5 1.52601504326 0.126561080717 1 Clara  1018.5658639090007 0.063 0.430547199482 0.899453962542 1 1 4 0.46 1
355 4 4.5 0 1 -9.81 0.5 1.67866897583 0.279215013288 1 Clara  1021.2081980250005 0.063 0.4205139933 0.899453962542 1 1 4 0.46 1
356 3 6 0 0 -9.81 0.5 2.05186605453 0.360310115793 1 Clara  1024.0000254810002 0.063 0.307947795159 1.19155593874 1 1 4 0.46 0
357 3 4.5 0 0 9.81 0.5 1.56414294243 0.164688979887 1 Clara  1027.1671585820004 0.063 0.228750730677 0.899453962542 1 1 4 0.46 0
358 3 6 0 1 -9.81 0.5 1.84962582588 0.15806988714 1 Clara  1029.850184293 0.063 0.551712320495 1.19155593874 1 1 4 0.46 1
359 4 4.5 0 0 9.81 0.5 1.49271702766 0.0932630651224 1 Clara  1032.8102527440005 0.063 0.254563927624 0.899453962542 1 1 4 0.46 0
360 3 6 0 0 9.81 0.5 1.75640797615 0.0648520374085 1 Clara  1035.4271917570004 0.063 0.305444207216 1.19155593874 1 1 4 0.46 0
361 3 4.5 0 0 -9.81 0.5 1.69783687592 0.298382913374 1 Clara  1038.3078718700008 0.063 0.249408258517 0.899453962542 1 1 4 0.46 0
362 3 6 0 1 9.81 0.5 1.72200703621 0.0304510974671 1 Clara  1041.1121186240007 0.063 0.540024143293 1.19155593874 1 1 4 0.46 1
363 3 4.5 0 1 -9.81 0.5 1.61109399796 0.211640035414 1 Clara  1043.9595327320003 0.063 0.442948020561 0.899453962542 1 1 4 0.46 1
364 4 4.5 0 0 -9.81 0.5 1.73958516121 0.340131198667 1 Clara  1046.7098230620004 0.063 0.243307444509 0.899453962542 1 1 4 0.46 0
365 4 6 0 0 -9.81 0.5 2.08232402802 0.390768089273 1 Clara  1049.5496727220007 0.063 0.30691612577 1.19155593874 1 1 4 0.46 0
366 3 4.5 0 1 9.81 0.5 1.58324790001 0.183793937467 1 Clara  1052.7510799150004 0.063 0.443808719525 0.899453962542 1 1 4 0.46 1
367 4 6 0 0 9.81 0.5 1.87578892708 0.184232988336 1 Clara  1055.457436527 0.063 0.341759732167 1.19155593874 1 1 4 0.46 0
368 3 4.5 0 0 -9.81 0.5 1.74300599098 0.34355202844 1 Clara  1058.457202726 0.063 0.259751801253 0.899453962542 1 1 4 0.46 0
369 3 4.5 0 0 9.81 0.5 1.51323485374 0.113780891203 1 Clara  1061.3147739610004 0.063 0.24617415987 0.899453962542 1 1 4 0.46 0
370 4 6 0 1 9.81 0.5 1.80109500885 0.109539070108 1 Clara  1063.946458253 0.063 0.587816656337 1.19155593874 1 1 4 0.46 1
371 3 6 0 0 -9.81 0.5 1.98050284386 0.288946905115 1 Clara  1066.8547821850007 0.063 0.326115661636 1.19155593874 1 1 4 0.46 0
372 3 6 0 1 9.81 0.5 1.776252985 0.0846970462586 1 Clara  1069.9763781150004 0.063 0.544621092088 1.19155593874 1 1 4 0.46 1
373 3 4.5 0 1 -9.81 0.5 1.67406201363 0.274608051084 1 Clara  1072.8491641400005 0.063 0.440108522737 0.899453962542 1 1 4 0.46 1
374 3 6 0 0 9.81 0.5 1.92601394653 0.234458007791 1 Clara  1075.6354233210004 0.063 0.345835802385 1.19155593874 1 1 4 0.46 0
375 4 6 0 0 -9.81 0.5 2.00855088234 0.316994943598 1 Clara  1078.6813487510008 0.063 0.309365037487 1.19155593874 1 1 4 0.46 0
376 4 4.5 0 0 9.81 0.5 1.62074017525 0.221286212705 1 Clara  1081.80231094 0.063 0.268637565861 0.899453962542 1 1 4 0.46 0
377 4 6 0 1 -9.81 0.5 1.92954897881 0.237993040064 1 Clara  1084.541433118 0.063 0.586209952727 1.19155593874 1 1 4 0.46 1
378 4 4.5 0 1 9.81 0.5 1.57862901688 0.179175054334 1 Clara  1087.5899779750007 0.063 0.432887792151 0.899453962542 1 1 4 0.46 1
379 4 6 0 0 9.81 0.5 1.75269579887 0.0611398601319 1 Clara  1090.2859175090007 0.063 0.346611144913 1.19155593874 1 1 4 0.46 0
380 3 4.5 0 1 9.81 0.5 1.53802490234 0.138570939802 1 Clara  1093.1423384030004 0.063 0.416642560857 0.899453962542 1 1 4 0.46 1
381 4 4.5 0 0 -9.81 0.5 1.61190104485 0.212447082304 1 Clara  1095.795671756 0.063 0.260815806287 0.899453962542 1 1 4 0.46 0
382 4 4.5 0 1 -9.81 0.5 1.59944200516 0.199988042616 1 Clara  1098.5201287630007 0.063 0.42226833231 0.899453962542 1 1 4 0.46 1
383 3 6 0 1 -9.81 0.5 1.86090278625 0.169346847513 1 Clara  1101.2429827400001 0.063 0.576491563772 1.19155593874 1 1 4 0.46 1
