trial vx vy vz LongOcclusion g timeStill rTime TemporalError environment id pupiltime IOD OccludedTimeOfTrajectory FlightDuration Drag DragFirst block accuracy LongOcclusion
0 4 4.5 0 0 6.867 0.5 4.8820681572 3.10773728238 1 Borja  2.2406939199995577 0.058 0.319899786158 1.27433087482 1 1 2 0.9 0
1 3 4.5 0 0 6.867 0.5 1.71580410004 -0.0585267747825 1 Borja  8.242425882999669 0.058 0.345512939456 1.27433087482 1 1 2 0.9 0
2 4 4.5 0 1 12.753 0.5 1.24577307701 0.0507583398837 1 Borja  11.07031008399963 0.058 0.329479622287 0.695014737127 1 1 2 0.9 1
3 3 4.5 0 1 9.81 0.5 1.45099902153 0.0515450589884 1 Borja  13.427688739999667 0.058 0.405496678701 0.899453962542 1 1 2 0.9 1
4 4 6 0 1 12.753 0.5 1.444013834 0.0219571461768 1 Borja  15.980733449999661 0.058 0.416887609578 0.922056687823 1 1 2 0.9 1
5 4 4.5 0 1 6.867 0.5 1.73997497559 -0.0343558992332 1 Borja  18.580029331999867 0.058 0.61498031453 1.27433087482 1 1 2 0.9 1
6 4 4.5 0 0 9.81 0.5 1.49108195305 0.0916279905069 1 Borja  21.374041190999833 0.058 0.26191027413 0.899453962542 1 1 2 0.9 0
7 4 4.5 0 1 8.3385 0.5 1.58240485191 0.0278426228587 1 Borja  23.98539254499974 0.058 0.505598467257 1.05456222905 1 1 2 0.9 1
8 3 4.5 0 1 12.753 0.5 1.34098482132 0.145970084192 1 Borja  26.66104093399963 0.058 0.326562896187 0.695014737127 1 1 2 0.9 1
9 3 6 0 0 6.867 0.5 2.17227911949 -0.011477868084 1 Borja  29.13068552499999 0.058 0.503009244931 1.68375698758 1 1 2 0.9 0
10 3 6 0 0 9.81 0.5 1.76640605927 0.0748501205232 1 Borja  32.38753214599956 0.058 0.300820056431 1.19155593874 1 1 2 0.9 0
11 3 6 0 0 11.2815 0.5 1.56612300873 0.0265011191098 1 Borja  35.27902469699984 0.058 0.309817975884 1.03962188962 1 1 2 0.9 0
12 3 6 0 0 8.3385 0.5 1.99990797043 0.104392572432 1 Borja  37.955229979999785 0.058 0.375013055918 1.395515398 1 1 2 0.9 0
13 3 4.5 0 1 11.2815 0.5 1.31846404076 0.0343373537945 1 Borja  41.0789505849998 0.058 0.371447119044 0.784126686962 1 1 2 0.9 1
14 4 4.5 0 1 9.81 0.5 1.42946314812 0.0300091855753 1 Borja  43.50483438499987 0.058 0.43393763622 0.899453962542 1 1 2 0.9 1
15 4 6 0 0 8.3385 0.5 1.98153400421 0.0860186062154 1 Borja  46.028453757999614 0.058 0.377238627393 1.395515398 1 1 2 0.9 0
16 3 6 0 1 12.753 0.5 1.5241420269 0.102085339078 1 Borja  49.12968547199989 0.058 0.46077828104 0.922056687823 1 1 2 0.9 1
17 4 6 0 0 6.867 0.5 2.14751195908 -0.0362450284996 1 Borja  51.764993802999925 0.058 0.426883652542 1.68375698758 1 1 2 0.9 0
18 3 4.5 0 0 11.2815 0.5 1.41175103188 0.127624344914 1 Borja  55.02818174599997 0.058 0.206250524285 0.784126686962 1 1 2 0.9 0
19 4 4.5 0 0 8.3385 0.5 1.6445608139 0.089998584849 1 Borja  57.55816023899979 0.058 0.302174768297 1.05456222905 1 1 2 0.9 0
20 4 6 0 1 8.3385 0.5 1.89914894104 0.00363354304397 1 Borja  60.317688069999804 0.058 0.660319422779 1.395515398 1 1 2 0.9 1
21 4 6 0 1 11.2815 0.5 1.7016890049 0.16206711528 1 Borja  63.33570912899995 0.058 0.506959571221 1.03962188962 1 1 2 0.9 1
22 4 4.5 0 0 12.753 0.5 1.27783989906 0.0828251619357 1 Borja  66.15830559799997 0.058 0.195782959879 0.695014737127 1 1 2 0.9 0
23 3 4.5 0 0 12.753 0.5 1.35155510902 0.156540371897 1 Borja  68.55348538599992 0.058 0.206320479967 0.695014737127 1 1 2 0.9 0
24 3 4.5 0 1 8.3385 0.5 1.58272600174 0.0281637726847 1 Borja  71.01915108399999 0.058 0.479375061207 1.05456222905 1 1 2 0.9 1
25 4 6 0 0 9.81 0.5 1.66721701622 -0.0243389225219 1 Borja  73.7161318049998 0.058 0.301074844699 1.19155593874 1 1 2 0.9 0
26 3 6 0 0 12.753 0.5 1.58224391937 0.16018723155 1 Borja  76.49774586799958 0.058 0.246250373684 0.922056687823 1 1 2 0.9 0
27 4 6 0 1 9.81 0.5 1.67656707764 -0.0149888611052 1 Borja  79.18928227199967 0.058 0.561058027527 1.19155593874 1 1 2 0.9 1
28 3 6 0 1 8.3385 0.5 1.87596988678 -0.0195455112163 1 Borja  81.98587736399986 0.058 0.630825913847 1.395515398 1 1 2 0.9 1
29 4 6 0 1 6.867 0.5 2.00939202309 -0.174364964489 1 Borja  84.97268136899993 0.058 0.839382533673 1.68375698758 1 1 2 0.9 1
30 3 6 0 1 11.2815 0.5 1.63961410522 0.0999922156064 1 Borja  88.11125452899978 0.058 0.470802220648 1.03962188962 1 1 2 0.9 1
31 4 4.5 0 0 11.2815 0.5 1.43695998192 0.152833294957 1 Borja  90.8549910859997 0.058 0.221963050331 0.784126686962 1 1 2 0.9 0
32 4 6 0 0 11.2815 0.5 1.67612504959 0.136503159973 1 Borja  93.41571496799997 0.058 0.281108584785 1.03962188962 1 1 2 0.9 0
33 3 4.5 0 1 6.867 0.5 1.69091796875 -0.0834129060692 1 Borja  96.20702189099984 0.058 0.586391258985 1.27433087482 1 1 2 0.9 1
34 3 6 0 1 9.81 0.5 1.69843816757 0.00688222883006 1 Borja  99.01609794999968 0.058 0.556370660271 1.19155593874 1 1 2 0.9 1
35 3 4.5 0 0 9.81 0.5 1.42789793015 0.0284439676035 1 Borja  101.83351049999965 0.058 0.241334913161 0.899453962542 1 1 2 0.9 0
36 3 4.5 0 0 8.3385 0.5 1.67944121361 0.124878984553 1 Borja  104.37545782299958 0.058 0.283802100581 1.05456222905 1 1 2 0.9 0
37 4 6 0 0 12.753 0.5 1.59056711197 0.168510424146 1 Borja  107.17226380099964 0.058 0.247670329241 0.922056687823 1 1 2 0.9 0
38 4 4.5 0 1 11.2815 0.5 1.4082159996 0.124089312642 1 Borja  109.88009352099971 0.058 0.374472517941 0.784126686962 1 1 2 0.9 1
39 3 6 0 1 6.867 0.5 2.09088182449 -0.0928751630821 1 Borja  112.40758145499967 0.058 0.831855838403 1.68375698758 1 1 2 0.9 1
40 3 6 0 0 6.867 0.5 2.35478591919 0.171028931614 1 Borja  115.60789630199997 0.058 0.469517651091 1.68375698758 1 1 2 0.9 0
41 3 6 0 1 11.2815 0.5 1.71243095398 0.172809064361 1 Borja  119.08183637799993 0.058 0.505078163383 1.03962188962 1 1 2 0.9 1
42 3 6 0 0 11.2815 0.5 1.67296910286 0.133347213241 1 Borja  121.91438622099986 0.058 0.290686737488 1.03962188962 1 1 2 0.9 0
43 3 4.5 0 0 12.753 0.5 1.35700511932 0.161990382196 1 Borja  124.71277282999972 0.058 0.188848997728 0.695014737127 1 1 2 0.9 0
44 4 6 0 1 12.753 0.5 1.58885192871 0.166795240888 1 Borja  127.16386593799962 0.058 0.435573523561 0.922056687823 1 1 2 0.9 1
45 4 4.5 0 1 11.2815 0.5 1.43882393837 0.154697251408 1 Borja  129.86552396099978 0.058 0.375877136614 0.784126686962 1 1 2 0.9 1
46 4 6 0 1 9.81 0.5 1.72769188881 0.0361359500672 1 Borja  132.4308808159999 0.058 0.541199690381 1.19155593874 1 1 2 0.9 1
47 3 6 0 0 9.81 0.5 1.76830101013 0.0767450713899 1 Borja  135.330509335 0.058 0.337752988728 1.19155593874 1 1 2 0.9 0
48 4 6 0 1 8.3385 0.5 1.89143705368 -0.00407834431565 1 Borja  138.11776252599975 0.058 0.680285223485 1.395515398 1 1 2 0.9 1
49 4 4.5 0 1 12.753 0.5 1.31365513802 0.118640400888 1 Borja  141.13104214399982 0.058 0.334949456716 0.695014737127 1 1 2 0.9 1
50 4 6 0 0 8.3385 0.5 1.91394495964 0.0184295616444 1 Borja  143.55063509799993 0.058 0.385574038792 1.395515398 1 1 2 0.9 0
51 3 4.5 0 1 11.2815 0.5 1.3737590313 0.0896323443341 1 Borja  146.5739730629998 0.058 0.372541618537 0.784126686962 1 1 2 0.9 1
52 3 6 0 1 6.867 0.5 2.15712690353 -0.0266300840416 1 Borja  149.06653295999968 0.058 0.803292580026 1.68375698758 1 1 2 0.9 1
53 4 4.5 0 1 9.81 0.5 1.51082587242 0.111371909879 1 Borja  152.32261667899957 0.058 0.432217476686 0.899453962542 1 1 2 0.9 1
54 3 4.5 0 0 11.2815 0.5 1.46932196617 0.18519527921 1 Borja  154.95541021099962 0.058 0.214015210494 0.784126686962 1 1 2 0.9 0
55 4 4.5 0 0 8.3385 0.5 1.73738694191 0.182824712855 1 Borja  157.538535528 0.058 0.268920988958 1.05456222905 1 1 2 0.9 0
56 3 4.5 0 1 12.753 0.5 1.38556694984 0.190552212717 1 Borja  160.40025376099993 0.058 0.324520342118 0.695014737127 1 1 2 0.9 1
57 4 4.5 0 0 11.2815 0.5 1.44316196442 0.159035277455 1 Borja  162.89330298099958 0.058 0.232796588185 0.784126686962 1 1 2 0.9 0
58 3 6 0 0 8.3385 0.5 2.03703689575 0.141521497756 1 Borja  165.4556370989999 0.058 0.41800246448 1.395515398 1 1 2 0.9 0
59 3 6 0 1 8.3385 0.5 1.92195010185 0.0264347038564 1 Borja  168.60906740599967 0.058 0.655561826651 1.395515398 1 1 2 0.9 1
60 3 4.5 0 1 6.867 0.5 1.79314398766 0.0188131128365 1 Borja  171.64928134899992 0.058 0.62325424013 1.27433087482 1 1 2 0.9 1
61 4 6 0 1 11.2815 0.5 1.67345690727 0.133835017654 1 Borja  174.5657360959999 0.058 0.516109281039 1.03962188962 1 1 2 0.9 1
62 4 6 0 0 6.867 0.5 2.26219105721 0.0784340696297 1 Borja  177.36400248699965 0.058 0.437030243375 1.68375698758 1 1 2 0.9 0
63 3 6 0 1 12.753 0.5 1.51782608032 0.0957693924995 1 Borja  180.74525752499994 0.058 0.45425116097 0.922056687823 1 1 2 0.9 1
64 4 6 0 0 12.753 0.5 1.50719213486 0.0851354470344 1 Borja  183.37039698599983 0.058 0.257685153126 0.922056687823 1 1 2 0.9 0
65 3 4.5 0 1 8.3385 0.5 1.59722495079 0.0426627217356 1 Borja  186.00450029499962 0.058 0.491352745125 1.05456222905 1 1 2 0.9 1
66 4 4.5 0 1 6.867 0.5 1.7595770359 -0.0147538389152 1 Borja  188.7211379749997 0.058 0.60705187906 1.27433087482 1 1 2 0.9 1
67 4 4.5 0 0 6.867 0.5 1.87952709198 0.105196217161 1 Borja  191.60810236299994 0.058 0.37904181438 1.27433087482 1 1 2 0.9 0
68 4 4.5 0 0 9.81 0.5 1.51729798317 0.117844020628 1 Borja  194.6041384189998 0.058 0.264775356637 0.899453962542 1 1 2 0.9 0
69 3 6 0 0 12.753 0.5 1.60292506218 0.180868374357 1 Borja  197.23832854699958 0.058 0.231702036438 0.922056687823 1 1 2 0.9 0
70 3 6 0 1 9.81 0.5 1.7821199894 0.0905640506532 1 Borja  199.9567034519996 0.058 0.551078326488 1.19155593874 1 1 2 0.9 1
71 3 4.5 0 0 8.3385 0.5 1.729804039 0.175241809947 1 Borja  202.8521128489997 0.058 0.267504079486 1.05456222905 1 1 2 0.9 0
72 3 4.5 0 0 9.81 0.5 1.51962399483 0.120170032285 1 Borja  205.7021960789998 0.058 0.228717290731 0.899453962542 1 1 2 0.9 0
73 3 4.5 0 0 6.867 0.5 1.87041497231 0.0960840974861 1 Borja  208.3386492339996 0.058 0.335671201138 1.27433087482 1 1 2 0.9 0
74 3 4.5 0 1 9.81 0.5 1.48006105423 0.0806070916879 1 Borja  211.3220046219999 0.058 0.449360302376 0.899453962542 1 1 2 0.9 1
75 4 6 0 0 11.2815 0.5 1.78702282906 0.247400939438 1 Borja  213.92397194099976 0.058 0.307174209449 1.03962188962 1 1 2 0.9 0
76 4 4.5 0 1 8.3385 0.5 1.52079820633 -0.0337640227254 1 Borja  216.83987764899985 0.058 0.518574776878 1.05456222905 1 1 2 0.9 1
77 4 4.5 0 0 12.753 0.5 1.28426504135 0.0892503042239 1 Borja  219.4775603549997 0.058 0.193000457472 0.695014737127 1 1 2 0.9 0
78 4 6 0 1 6.867 0.5 2.12161302567 -0.0621439619103 1 Borja  221.87248259499984 0.058 0.792002300373 1.68375698758 1 1 2 0.9 1
79 4 6 0 0 9.81 0.5 1.78274798393 0.0911920451905 1 Borja  225.0873551259997 0.058 0.330069588545 1.19155593874 1 1 2 0.9 0
80 4 6 0 1 12.753 0.5 1.48108792305 0.0590312352271 1 Borja  227.95490953399985 0.058 0.441209815203 0.922056687823 1 1 2 0.9 1
81 4 6 0 0 8.3385 0.5 2.03804993629 0.142534538298 1 Borja  230.5542353029996 0.058 0.390813857571 1.395515398 1 1 2 0.9 0
82 4 4.5 0 0 6.867 0.5 1.86529803276 0.0909671579415 1 Borja  233.70411042099977 0.058 0.372764242183 1.27433087482 1 1 2 0.9 0
83 4 4.5 0 1 9.81 0.5 1.47618103027 0.0767270677316 1 Borja  236.68820704399968 0.058 0.438397752776 0.899453962542 1 1 2 0.9 1
84 3 4.5 0 1 8.3385 0.5 1.62756705284 0.0730048237864 1 Borja  239.2743900999999 0.058 0.478252808817 1.05456222905 1 1 2 0.9 1
85 4 4.5 0 0 11.2815 0.5 1.44897007942 0.16484339246 1 Borja  242.00712438899973 0.058 0.229454115661 0.784126686962 1 1 2 0.9 0
86 3 6 0 1 6.867 0.5 2.20938301086 0.0256260232887 1 Borja  244.56673301399996 0.058 0.83636882816 1.68375698758 1 1 2 0.9 1
87 3 4.5 0 0 11.2815 0.5 1.43700790405 0.152881217091 1 Borja  247.89883274099975 0.058 0.215985788519 0.784126686962 1 1 2 0.9 0
88 3 6 0 1 11.2815 0.5 1.6055970192 0.0659751295773 1 Borja  250.4458788699999 0.058 0.512920068153 1.03962188962 1 1 2 0.9 1
89 4 6 0 1 8.3385 0.5 1.86169099808 -0.0338243999187 1 Borja  253.15903997399982 0.058 0.638897994779 1.395515398 1 1 2 0.9 1
90 4 4.5 0 0 12.753 0.5 1.3178999424 0.122885205271 1 Borja  256.1319184729996 0.058 0.178118428129 0.695014737127 1 1 2 0.9 0
91 3 4.5 0 1 6.867 0.5 1.69767212868 -0.0766587461418 1 Borja  258.5613579029996 0.058 0.63022255841 1.27433087482 1 1 2 0.9 1
92 3 4.5 0 0 9.81 0.5 1.60987615585 0.210422193311 1 Borja  261.38043317599977 0.058 0.236587526211 0.899453962542 1 1 2 0.9 0
93 4 6 0 0 12.753 0.5 1.59966206551 0.177605377683 1 Borja  264.1136645339998 0.058 0.27486488429 0.922056687823 1 1 2 0.9 0
94 4 4.5 0 1 6.867 0.5 1.71095013618 -0.0633807386345 1 Borja  266.8262676629997 0.058 0.6193069386 1.27433087482 1 1 2 0.9 1
95 3 6 0 0 8.3385 0.5 2.05705595016 0.161540552169 1 Borja  269.65384763999964 0.058 0.400332893544 1.395515398 1 1 2 0.9 0
96 4 6 0 1 6.867 0.5 2.07405304909 -0.109703938488 1 Borja  272.8148624739997 0.058 0.80959009653 1.68375698758 1 1 2 0.9 1
97 4 4.5 0 0 8.3385 0.5 1.73294115067 0.178378921611 1 Borja  276.0185471269997 0.058 0.263711491384 1.05456222905 1 1 2 0.9 0
98 3 6 0 1 12.753 0.5 1.53343105316 0.111374365339 1 Borja  278.85416215999976 0.058 0.439206870576 0.922056687823 1 1 2 0.9 1
99 3 6 0 0 6.867 0.5 2.32272100449 0.138964016911 1 Borja  281.5150001469997 0.058 0.452123870896 1.68375698758 1 1 2 0.9 0
100 3 4.5 0 1 12.753 0.5 1.41928386688 0.224269129755 1 Borja  284.9351144279999 0.058 0.333994881416 0.695014737127 1 1 2 0.9 1
101 3 6 0 0 9.81 0.5 1.80304718018 0.111491241434 1 Borja  287.4703722969998 0.058 0.323654669069 1.19155593874 1 1 2 0.9 0
102 3 4.5 0 0 6.867 0.5 1.86498904228 0.0906581674629 1 Borja  290.3832463499998 0.058 0.380757150474 1.27433087482 1 1 2 0.9 0
103 4 6 0 1 9.81 0.5 1.68896317482 -0.00259276392202 1 Borja  293.3617898829998 0.058 0.587972709937 1.19155593874 1 1 2 0.9 1
104 3 4.5 0 1 11.2815 0.5 1.39686584473 0.112739157765 1 Borja  296.1687431569999 0.058 0.364872875935 0.784126686962 1 1 2 0.9 1
105 4 4.5 0 0 9.81 0.5 1.50378012657 0.10432616403 1 Borja  298.6792731439996 0.058 0.247990701327 0.899453962542 1 1 2 0.9 0
106 4 4.5 0 1 8.3385 0.5 1.56209588051 0.00753365145366 1 Borja  301.3006553199998 0.058 0.514277817841 1.05456222905 1 1 2 0.9 1
107 4 6 0 0 6.867 0.5 2.28235912323 0.0986021356544 1 Borja  303.9817297909999 0.058 0.446835313598 1.68375698758 1 1 2 0.9 0
108 4 4.5 0 1 12.753 0.5 1.28530597687 0.0902912397403 1 Borja  307.3732586609999 0.058 0.336955053099 0.695014737127 1 1 2 0.9 1
109 4 6 0 1 11.2815 0.5 1.61692500114 0.0773031115262 1 Borja  309.7664493789998 0.058 0.487041845662 1.03962188962 1 1 2 0.9 1
110 3 4.5 0 1 9.81 0.5 1.5352241993 0.135770236753 1 Borja  312.5056252119998 0.058 0.440120965643 0.899453962542 1 1 2 0.9 1
111 4 6 0 0 9.81 0.5 1.75023698807 0.0586810493257 1 Borja  315.17161357299983 0.058 0.306367558173 1.19155593874 1 1 2 0.9 0
112 4 4.5 0 1 11.2815 0.5 1.3069999218 0.022873234837 1 Borja  318.0449759219996 0.058 0.36134912611 0.784126686962 1 1 2 0.9 1
113 3 6 0 0 12.753 0.5 1.48554301262 0.0634863247962 1 Borja  320.4593889169996 0.058 0.251485273742 0.922056687823 1 1 2 0.9 0
114 3 4.5 0 0 12.753 0.5 1.31407999992 0.119065262796 1 Borja  323.0478369919997 0.058 0.175983069246 0.695014737127 1 1 2 0.9 0
115 3 6 0 0 11.2815 0.5 1.63645100594 0.0968291163174 1 Borja  325.496681394 0.058 0.298403081087 1.03962188962 1 1 2 0.9 0
116 4 6 0 0 11.2815 0.5 1.61277413368 0.073152244064 1 Borja  328.2486071539997 0.058 0.280408752722 1.03962188962 1 1 2 0.9 0
117 3 4.5 0 0 8.3385 0.5 1.61238503456 0.0578228055064 1 Borja  330.97578813599966 0.058 0.293585801542 1.05456222905 1 1 2 0.9 0
118 3 6 0 1 9.81 0.5 1.69819903374 0.00664309499522 1 Borja  333.70553932099983 0.058 0.542086635395 1.19155593874 1 1 2 0.9 1
119 3 6 0 1 8.3385 0.5 1.79142904282 -0.10408635518 1 Borja  336.5265826689997 0.058 0.662802858983 1.395515398 1 1 2 0.9 1
120 4 4.5 0 1 8.3385 0.5 1.45390701294 -0.100655216115 1 Borja  339.4464562439998 0.058 0.517271604274 1.05456222905 1 1 2 0.9 1
121 3 6 0 0 6.867 0.5 2.27617287636 0.0924158887825 1 Borja  342.02390474699996 0.058 0.44616214117 1.68375698758 1 1 2 0.9 0
122 4 4.5 0 0 9.81 0.5 1.47139811516 0.0719441526163 1 Borja  345.4093702809996 0.058 0.268251602887 0.899453962542 1 1 2 0.9 0
123 3 6 0 1 8.3385 0.5 1.80416107178 -0.0913543262187 1 Borja  348.00105664099965 0.058 0.667013577469 1.395515398 1 1 2 0.9 1
124 3 4.5 0 0 9.81 0.5 1.62457108498 0.225117122434 1 Borja  350.9276724409997 0.058 0.262104339854 0.899453962542 1 1 2 0.9 0
125 4 4.5 0 0 11.2815 0.5 1.16382098198 -0.120305704982 1 Borja  353.6504762999998 0.058 0.211871211587 0.784126686962 1 1 2 0.9 0
126 4 6 0 0 11.2815 0.5 1.61782503128 0.0782031416623 1 Borja  355.9379532019998 0.058 0.279487509067 1.03962188962 1 1 2 0.9 0
127 4 6 0 0 12.753 0.5 1.49404716492 0.0719904770942 1 Borja  358.6715102139997 0.058 0.236173299443 0.922056687823 1 1 2 0.9 0
128 3 6 0 0 12.753 0.5 1.60851597786 0.186459290037 1 Borja  361.2669654079996 0.058 0.244356894133 0.922056687823 1 1 2 0.9 0
129 4 4.5 0 1 9.81 0.5 1.41237401962 0.012920057081 1 Borja  363.9935617289998 0.058 0.443682430135 0.899453962542 1 1 2 0.9 1
130 4 4.5 0 0 12.753 0.5 1.41504979134 0.220035054209 1 Borja  366.51126714099973 0.058 0.207884658487 0.695014737127 1 1 2 0.9 0
131 3 6 0 0 9.81 0.5 1.75913000107 0.0675740623262 1 Borja  369.04115522899974 0.058 0.306375797865 1.19155593874 1 1 2 0.9 0
132 4 6 0 1 12.753 0.5 1.52937698364 0.10732029582 1 Borja  371.9214398749996 0.058 0.458788047767 0.922056687823 1 1 2 0.9 1
133 3 4.5 0 1 12.753 0.5 1.37903404236 0.184019305231 1 Borja  374.56711164599983 0.058 0.319835001211 0.695014737127 1 1 2 0.9 1
134 4 4.5 0 1 11.2815 0.5 1.28753018379 0.0034034968304 1 Borja  377.0620042259998 0.058 0.362661621842 0.784126686962 1 1 2 0.9 1
135 3 6 0 1 11.2815 0.5 1.56897997856 0.0293580889432 1 Borja  379.46748542999967 0.058 0.499754477508 1.03962188962 1 1 2 0.9 1
136 3 4.5 0 0 6.867 0.5 1.81939601898 0.0450651441628 1 Borja  382.15848673699975 0.058 0.371432402984 1.27433087482 1 1 2 0.9 0
137 4 6 0 1 11.2815 0.5 1.5465118885 0.0068899988858 1 Borja  385.09986078899965 0.058 0.498405246255 1.03962188962 1 1 2 0.9 1
138 4 6 0 1 8.3385 0.5 1.91970014572 0.0241847477254 1 Borja  387.7572038059998 0.058 0.652676020151 1.395515398 1 1 2 0.9 1
139 3 4.5 0 1 11.2815 0.5 1.35308694839 0.0689602614331 1 Borja  390.8042274239997 0.058 0.363766754784 0.784126686962 1 1 2 0.9 1
140 3 4.5 0 0 12.753 0.5 1.39115309715 0.196138360025 1 Borja  393.2647938309997 0.058 0.191645855135 0.695014737127 1 1 2 0.9 0
141 4 6 0 1 6.867 0.5 1.93188095093 -0.251876036648 1 Borja  395.74745146099986 0.058 0.830820724869 1.68375698758 1 1 2 0.9 1
142 4 4.5 0 0 6.867 0.5 1.95341110229 0.179080227476 1 Borja  398.7872042739996 0.058 0.332976115542 1.27433087482 1 1 2 0.9 0
143 4 4.5 0 1 12.753 0.5 1.28408503532 0.0890702981967 1 Borja  401.8586049119999 0.058 0.328124230684 0.695014737127 1 1 2 0.9 1
144 3 6 0 1 12.753 0.5 1.46219205856 0.0401353707404 1 Borja  404.26829106399964 0.058 0.431626671518 0.922056687823 1 1 2 0.9 1
145 3 6 0 0 11.2815 0.5 1.59980392456 0.0601820349423 1 Borja  406.8386594949998 0.058 0.296387834097 1.03962188962 1 1 2 0.9 0
146 3 6 0 1 9.81 0.5 1.70243597031 0.0108800315644 1 Borja  409.5527930349999 0.058 0.570047098866 1.19155593874 1 1 2 0.9 1
147 3 4.5 0 1 9.81 0.5 1.5389790535 0.139525090956 1 Borja  412.3771244169998 0.058 0.438017126352 0.899453962542 1 1 2 0.9 1
148 3 6 0 1 6.867 0.5 1.96270608902 -0.221050898556 1 Borja  415.03421605099993 0.058 0.815923852624 1.68375698758 1 1 2 0.9 1
149 4 4.5 0 0 8.3385 0.5 1.67320108414 0.118638855082 1 Borja  418.1199847599996 0.058 0.289572516691 1.05456222905 1 1 2 0.9 0
150 4 6 0 0 6.867 0.5 2.28639602661 0.102639039036 1 Borja  420.91314414499993 0.058 0.469879804884 1.68375698758 1 1 2 0.9 0
151 4 6 0 0 9.81 0.5 1.74414205551 0.0525861167695 1 Borja  424.313073412 0.058 0.301119600468 1.19155593874 1 1 2 0.9 0
152 3 4.5 0 0 11.2815 0.5 1.38269901276 0.0985723257946 1 Borja  427.17815380799993 0.058 0.217382244481 0.784126686962 1 1 2 0.9 0
153 3 6 0 0 8.3385 0.5 1.95868611336 0.0631707153615 1 Borja  429.6668518199999 0.058 0.367436014404 1.395515398 1 1 2 0.9 0
154 4 6 0 1 9.81 0.5 1.70588707924 0.0143311404969 1 Borja  432.75174253299974 0.058 0.595773768408 1.19155593874 1 1 2 0.9 1
155 4 4.5 0 1 6.867 0.5 1.75657391548 -0.0177569593376 1 Borja  435.5681325999999 0.058 0.586318982909 1.27433087482 1 1 2 0.9 1
156 4 6 0 0 8.3385 0.5 2.04755997658 0.152044578582 1 Borja  438.446080662 0.058 0.395807890402 1.395515398 1 1 2 0.9 0
157 3 4.5 0 0 8.3385 0.5 1.63678193092 0.0822197018687 1 Borja  441.60852528299984 0.058 0.280009997231 1.05456222905 1 1 2 0.9 0
158 3 4.5 0 1 6.867 0.5 1.77061581612 -0.00371505870283 1 Borja  444.3629562359997 0.058 0.615337254011 1.27433087482 1 1 2 0.9 1
159 3 4.5 0 1 8.3385 0.5 1.62627100945 0.0717087803904 1 Borja  447.24083313599976 0.058 0.479848217451 1.05456222905 1 1 2 0.9 1
160 3 4.5 0 0 12.753 0.5 1.41462206841 0.219607331278 1 Borja  449.9802357569997 0.058 0.186972457561 0.695014737127 1 1 2 0.9 0
161 4 4.5 0 0 11.2815 0.5 1.38519906998 0.101072383015 1 Borja  452.5070509559996 0.058 0.21296195031 0.784126686962 1 1 2 0.9 0
162 3 6 0 0 11.2815 0.5 1.58203101158 0.0424091219632 1 Borja  454.97539777699967 0.058 0.292392279524 1.03962188962 1 1 2 0.9 0
163 4 6 0 1 9.81 0.5 1.6705160141 -0.0210399246428 1 Borja  457.68167400799985 0.058 0.571807090424 1.19155593874 1 1 2 0.9 1
164 4 4.5 0 0 6.867 0.5 1.76538109779 -0.00894977702559 1 Borja  460.46273041799986 0.058 0.353895120071 1.27433087482 1 1 2 0.9 0
165 3 4.5 0 0 6.867 0.5 1.85450696945 0.0801760946327 1 Borja  463.34351730499975 0.058 0.365867368171 1.27433087482 1 1 2 0.9 0
166 3 6 0 0 8.3385 0.5 1.86623811722 -0.029277280778 1 Borja  466.2971899899999 0.058 0.372429685314 1.395515398 1 1 2 0.9 0
167 3 4.5 0 1 8.3385 0.5 1.50135707855 -0.0532051505025 1 Borja  469.27467240099986 0.058 0.487303830911 1.05456222905 1 1 2 0.9 1
168 4 4.5 0 1 12.753 0.5 1.27948689461 0.0844721574801 1 Borja  471.90267032999964 0.058 0.316255192519 0.695014737127 1 1 2 0.9 1
169 3 4.5 0 1 6.867 0.5 1.73025178909 -0.0440790857261 1 Borja  474.2894633159999 0.058 0.575260118307 1.27433087482 1 1 2 0.9 1
170 3 6 0 1 8.3385 0.5 1.8556330204 -0.0398823775951 1 Borja  477.13767758699987 0.058 0.692937146646 1.395515398 1 1 2 0.9 1
171 3 4.5 0 0 9.81 0.5 1.49975395203 0.100299989485 1 Borja  480.09981823399994 0.058 0.264805049927 0.899453962542 1 1 2 0.9 0
172 4 6 0 0 11.2815 0.5 1.64943814278 0.109816253158 1 Borja  482.722173397 0.058 0.265908212478 1.03962188962 1 1 2 0.9 0
173 3 6 0 1 6.867 0.5 2.13527679443 -0.0484801931419 1 Borja  485.485573982 0.058 0.802750434852 1.68375698758 1 1 2 0.9 1
174 4 6 0 0 9.81 0.5 1.8664419651 0.174886026361 1 Borja  488.747476729 0.058 0.335830533575 1.19155593874 1 1 2 0.9 0
175 3 4.5 0 0 11.2815 0.5 1.40535306931 0.121226382344 1 Borja  491.7248001949997 0.058 0.221034586116 0.784126686962 1 1 2 0.9 0
176 4 4.5 0 1 8.3385 0.5 1.49136900902 -0.0631932200368 1 Borja  494.2569062139996 0.058 0.520844287319 1.05456222905 1 1 2 0.9 1
177 3 6 0 0 6.867 0.5 2.25217604637 0.0684190587959 1 Borja  496.8489043939999 0.058 0.442434767515 1.68375698758 1 1 2 0.9 0
178 4 6 0 1 8.3385 0.5 1.85067510605 -0.0448402919475 1 Borja  500.2108924099998 0.058 0.677845259827 1.395515398 1 1 2 0.9 1
179 4 4.5 0 1 6.867 0.5 1.64757418633 -0.126756688494 1 Borja  503.1803986499999 0.058 0.6276526328 1.27433087482 1 1 2 0.9 1
180 4 6 0 0 8.3385 0.5 1.95356988907 0.0580544910725 1 Borja  505.9413177729998 0.058 0.365006167463 1.395515398 1 1 2 0.9 0
181 4 6 0 0 12.753 0.5 1.658618927 0.236562239179 1 Borja  509.01423626999986 0.058 0.2371221012 0.922056687823 1 1 2 0.9 0
182 3 6 0 0 12.753 0.5 1.57734799385 0.155291306028 1 Borja  511.8033642639998 0.058 0.272334739863 0.922056687823 1 1 2 0.9 0
183 4 6 0 1 6.867 0.5 2.07082915306 -0.112927834515 1 Borja  514.4957664669996 0.058 0.760822236723 1.68375698758 1 1 2 0.9 1
184 4 4.5 0 0 12.753 0.5 1.311013937 0.115999199869 1 Borja  517.6667193889998 0.058 0.187554563082 0.695014737127 1 1 2 0.9 0
185 3 4.5 0 1 9.81 0.5 1.40955591202 0.010101949476 1 Borja  520.0888591789999 0.058 0.420413085834 0.899453962542 1 1 2 0.9 1
186 4 6 0 1 12.753 0.5 1.56093502045 0.138878332624 1 Borja  522.621983517 0.058 0.460555309835 0.922056687823 1 1 2 0.9 1
187 4 6 0 1 11.2815 0.5 1.59403300285 0.0544111132352 1 Borja  525.303353666 0.058 0.473812668912 1.03962188962 1 1 2 0.9 1
188 4 4.5 0 0 9.81 0.5 1.59316301346 0.193709050916 1 Borja  528.0131211449998 0.058 0.263691272295 0.899453962542 1 1 2 0.9 0
189 3 6 0 1 9.81 0.5 1.76574015617 0.0741842174317 1 Borja  530.7203366619997 0.058 0.542697975471 1.19155593874 1 1 2 0.9 1
190 3 4.5 0 0 8.3385 0.5 1.69417285919 0.139610630137 1 Borja  533.6060684309996 0.058 0.299930760835 1.05456222905 1 1 2 0.9 0
191 3 6 0 1 12.753 0.5 1.50720310211 0.085146414289 1 Borja  536.4150925659997 0.058 0.457027365397 0.922056687823 1 1 2 0.9 1
192 3 6 0 0 9.81 0.5 1.88646912575 0.194913187006 1 Borja  539.0237509849999 0.058 0.32284781322 1.19155593874 1 1 2 0.9 0
193 4 4.5 0 0 8.3385 0.5 1.68777918816 0.133216959101 1 Borja  542.021410117 0.058 0.280100520661 1.05456222905 1 1 2 0.9 0
194 3 4.5 0 1 11.2815 0.5 1.40204596519 0.117919278233 1 Borja  544.8248640969996 0.058 0.37824351415 0.784126686962 1 1 2 0.9 1
195 4 4.5 0 1 9.81 0.5 1.44985198975 0.0503980272043 1 Borja  547.3583529299999 0.058 0.427498010284 0.899453962542 1 1 2 0.9 1
196 4 6 0 0 6.867 0.5 2.16801381111 -0.0157431764641 1 Borja  549.9233041819998 0.058 0.437972510005 1.68375698758 1 1 2 0.9 0
197 3 4.5 0 1 12.753 0.5 1.34487819672 0.149863459589 1 Borja  553.2052389329997 0.058 0.327133127305 0.695014737127 1 1 2 0.9 1
198 3 6 0 1 11.2815 0.5 1.66919088364 0.129568994018 1 Borja  555.6714455299998 0.058 0.474009759182 1.03962188962 1 1 2 0.9 1
199 4 4.5 0 1 11.2815 0.5 1.4130628109 0.128936123936 1 Borja  558.4704909509996 0.058 0.357788327848 0.784126686962 1 1 2 0.9 1
200 3 4.5 0 0 11.2815 0.5 1.41517186165 0.131045174687 1 Borja  560.9913201599998 0.058 0.233553841975 0.784126686962 1 1 2 0.9 0
201 4 6 0 0 9.81 0.5 1.8697180748 0.178162136057 1 Borja  563.531571472 0.058 0.298423779071 1.19155593874 1 1 2 0.9 0
202 3 4.5 0 1 8.3385 0.5 1.60938000679 0.0548177777354 1 Borja  566.5174935359996 0.058 0.507635528101 1.05456222905 1 1 2 0.9 1
203 3 4.5 0 0 9.81 0.5 1.47320103645 0.0737470739115 1 Borja  569.2447577559997 0.058 0.262133245365 0.899453962542 1 1 2 0.9 0
204 3 6 0 0 12.753 0.5 1.58711910248 0.165062414655 1 Borja  571.8477001169999 0.058 0.24530224264 0.922056687823 1 1 2 0.9 0
205 3 6 0 1 8.3385 0.5 1.83240890503 -0.0631064929668 1 Borja  574.5512551699999 0.058 0.631248225483 1.395515398 1 1 2 0.9 1
206 3 6 0 1 11.2815 0.5 1.57447218895 0.0348502993314 1 Borja  577.4922487679996 0.058 0.499762150622 1.03962188962 1 1 2 0.9 1
207 3 6 0 1 9.81 0.5 1.66810202599 -0.0234539127562 1 Borja  580.1825737579998 0.058 0.574555199516 1.19155593874 1 1 2 0.9 1
208 3 4.5 0 0 6.867 0.5 1.92335700989 0.149026135069 1 Borja  582.9726264169999 0.058 0.374169885778 1.27433087482 1 1 2 0.9 0
209 3 4.5 0 1 11.2815 0.5 1.34863591194 0.0645092249798 1 Borja  586.0105258519998 0.058 0.357270669266 0.784126686962 1 1 2 0.9 1
210 4 4.5 0 0 11.2815 0.5 1.40552997589 0.121403288929 1 Borja  588.4690827289996 0.058 0.226002836568 0.784126686962 1 1 2 0.9 0
211 4 6 0 1 8.3385 0.5 1.92145991325 0.0259445152577 1 Borja  590.9912833399999 0.058 0.640309580595 1.395515398 1 1 2 0.9 1
212 4 6 0 0 11.2815 0.5 1.11785793304 -0.421763956574 1 Borja  595.02219044 0.058 0.30451969277 1.03962188962 1 1 2 0.9 0
213 3 4.5 0 1 9.81 0.5 1.4631550312 0.0637010686624 1 Borja  596.2343433019996 0.058 0.410765748883 0.899453962542 1 1 2 0.9 1
214 3 6 0 1 12.753 0.5 1.50173211098 0.0796754231544 1 Borja  598.8217288309997 0.058 0.427868228273 0.922056687823 1 1 2 0.9 1
215 4 4.5 0 1 12.753 0.5 1.29465484619 0.099640109064 1 Borja  601.4473594249998 0.058 0.329142891367 0.695014737127 1 1 2 0.9 1
216 4 6 0 0 6.867 0.5 2.21338796616 0.0296309785805 1 Borja  603.849140324 0.058 0.485609487295 1.68375698758 1 1 2 0.9 0
217 3 6 0 0 9.81 0.5 1.79658603668 0.10503009794 1 Borja  607.1687098489997 0.058 0.315566250592 1.19155593874 1 1 2 0.9 0
218 4 4.5 0 1 6.867 0.5 1.73967695236 -0.0346539224571 1 Borja  610.0897485309997 0.058 0.60203364204 1.27433087482 1 1 2 0.9 1
219 4 6 0 1 12.753 0.5 1.47115111351 0.0490944256873 1 Borja  612.9459367539998 0.058 0.445212171264 0.922056687823 1 1 2 0.9 1
220 3 6 0 0 6.867 0.5 2.19237589836 0.00861891078567 1 Borja  615.5231929379997 0.058 0.422688504135 1.68375698758 1 1 2 0.9 0
221 4 6 0 0 12.753 0.5 1.47061395645 0.0485572686286 1 Borja  618.829159379 0.058 0.237583775375 0.922056687823 1 1 2 0.9 0
222 3 4.5 0 0 12.753 0.5 1.29067611694 0.095661379816 1 Borja  621.4063189059998 0.058 0.194980905318 0.695014737127 1 1 2 0.9 0
223 4 4.5 0 0 12.753 0.5 1.27748894691 0.0824742097873 1 Borja  623.8246608219997 0.058 0.202586634453 0.695014737127 1 1 2 0.9 0
224 4 6 0 0 8.3385 0.5 1.93772578239 0.0422103843983 1 Borja  626.215196351 0.058 0.407819485938 1.395515398 1 1 2 0.9 0
225 4 6 0 1 6.867 0.5 2.13370299339 -0.0500539941826 1 Borja  629.26611538 0.058 0.820224507767 1.68375698758 1 1 2 0.9 1
226 3 6 0 0 8.3385 0.5 1.97099208832 0.0754766903218 1 Borja  632.503409724 0.058 0.41685377674 1.395515398 1 1 2 0.9 0
227 4 4.5 0 1 8.3385 0.5 1.50433206558 -0.0502301634725 1 Borja  635.5821979939997 0.058 0.509123014081 1.05456222905 1 1 2 0.9 1
228 3 4.5 0 0 8.3385 0.5 1.60795712471 0.0533948956553 1 Borja  638.1974524879997 0.058 0.267466347998 1.05456222905 1 1 2 0.9 0
229 4 6 0 1 9.81 0.5 1.66280508041 -0.0287508583281 1 Borja  640.9159484709999 0.058 0.576296319754 1.19155593874 1 1 2 0.9 1
230 4 4.5 0 0 6.867 0.5 1.75131797791 -0.0230128969139 1 Borja  643.6952228269997 0.058 0.355609788571 1.27433087482 1 1 2 0.9 0
231 3 4.5 0 1 6.867 0.5 1.75668001175 -0.0176508630699 1 Borja  646.5469588709998 0.058 0.626760868266 1.27433087482 1 1 2 0.9 1
232 4 4.5 0 1 9.81 0.5 1.4786760807 0.0792221181619 1 Borja  649.4159158359998 0.058 0.439141186878 0.899453962542 1 1 2 0.9 1
233 4 4.5 0 1 11.2815 0.5 1.38774085045 0.103614163487 1 Borja  652.0176573939998 0.058 0.355763377812 0.784126686962 1 1 2 0.9 1
234 4 4.5 0 0 9.81 0.5 1.50645709038 0.107003127836 1 Borja  654.499516328 0.058 0.252037699776 0.899453962542 1 1 2 0.9 0
235 3 4.5 0 1 12.753 0.5 1.37404608727 0.179031350138 1 Borja  657.1174736439998 0.058 0.332041996841 0.695014737127 1 1 2 0.9 1
236 3 6 0 0 11.2815 0.5 1.66882610321 0.129204213592 1 Borja  659.618154199 0.058 0.27007895081 1.03962188962 1 1 2 0.9 0
237 3 6 0 1 6.867 0.5 2.17623305321 -0.00752393436814 1 Borja  662.397912766 0.058 0.820345617795 1.68375698758 1 1 2 0.9 1
238 4 4.5 0 0 8.3385 0.5 1.74620199203 0.19163976298 1 Borja  665.6750420379999 0.058 0.271625848193 1.05456222905 1 1 2 0.9 0
239 4 6 0 1 11.2815 0.5 1.68835496902 0.148733079406 1 Borja  668.5454419019998 0.058 0.478419688258 1.03962188962 1 1 2 0.9 1
240 4 4.5 0 0 11.2815 0.5 1.43643188477 0.152305197804 1 Borja  671.3532549289998 0.058 0.220711526569 0.784126686962 1 1 2 0.9 0
241 4 6 0 1 8.3385 0.5 1.95505690575 0.0595415077504 1 Borja  673.910791325 0.058 0.659257392033 1.395515398 1 1 2 0.9 1
242 3 4.5 0 1 8.3385 0.5 1.72935605049 0.174793821437 1 Borja  676.9801572229999 0.058 0.522978147629 1.05456222905 1 1 2 0.9 1
243 3 4.5 0 0 9.81 0.5 1.65492510796 0.255471145414 1 Borja  679.8083193779999 0.058 0.250203457166 0.899453962542 1 1 2 0.9 0
244 3 6 0 0 8.3385 0.5 2.15067195892 0.255156560927 1 Borja  682.5935866469999 0.058 0.379302301692 1.395515398 1 1 2 0.9 0
245 3 4.5 0 1 12.753 0.5 1.48768210411 0.292667366983 1 Borja  685.8527606729999 0.058 0.319306199778 0.695014737127 1 1 2 0.9 1
246 3 4.5 0 1 6.867 0.5 1.95010399818 0.175773123365 1 Borja  688.451964465 0.058 0.602691784119 1.27433087482 1 1 2 0.9 1
247 4 6 0 0 12.753 0.5 1.5727481842 0.150691496381 1 Borja  691.5209457879996 0.058 0.244947235634 0.922056687823 1 1 2 0.9 0
248 4 4.5 0 1 12.753 0.5 1.40883708 0.213822342874 1 Borja  694.2057067359997 0.058 0.313476194693 0.695014737127 1 1 2 0.9 1
249 4 4.5 0 0 6.867 0.5 1.97335195541 0.199021080595 1 Borja  696.7333587019998 0.058 0.322790267107 1.27433087482 1 1 2 0.9 0
250 3 4.5 0 1 9.81 0.5 1.47903394699 0.0795799844492 1 Borja  699.835983857 0.058 0.414905549929 0.899453962542 1 1 2 0.9 1
251 3 6 0 1 6.867 0.5 2.24088811874 0.0571311311684 1 Borja  702.4222889729999 0.058 0.828436555907 1.68375698758 1 1 2 0.9 1
252 3 6 0 0 6.867 0.5 2.23140501976 0.0476480321846 1 Borja  705.7947509349997 0.058 0.499244343236 1.68375698758 1 1 2 0.9 0
253 4 6 0 1 6.867 0.5 2.17604613304 -0.00771085453416 1 Borja  709.1397270829998 0.058 0.838293966971 1.68375698758 1 1 2 0.9 1
254 4 6 0 0 11.2815 0.5 1.72919416428 0.189572274658 1 Borja  712.4293730889999 0.058 0.270078147109 1.03962188962 1 1 2 0.9 0
255 4 6 0 1 12.753 0.5 1.4706299305 0.0485732426734 1 Borja  715.2821488179998 0.058 0.45113237238 0.922056687823 1 1 2 0.9 1
256 4 4.5 0 1 11.2815 0.5 1.32286906242 0.038742375462 1 Borja  717.855065238 0.058 0.369301421737 0.784126686962 1 1 2 0.9 1
257 3 4.5 0 0 6.867 0.5 1.85156393051 0.0772330556923 1 Borja  720.307530819 0.058 0.326990368962 1.27433087482 1 1 2 0.9 0
258 4 6 0 0 8.3385 0.5 2.03170084953 0.136185451537 1 Borja  723.2686814109998 0.058 0.373472363898 1.395515398 1 1 2 0.9 0
259 3 6 0 0 11.2815 0.5 1.66231703758 0.122695147964 1 Borja  726.40057329 0.058 0.266579433638 1.03962188962 1 1 2 0.9 0
260 4 6 0 1 11.2815 0.5 1.62686896324 0.0872470736233 1 Borja  729.1856546429999 0.058 0.470657317226 1.03962188962 1 1 2 0.9 1
261 4 6 0 0 9.81 0.5 1.94126200676 0.249706068018 1 Borja  731.9289836099997 0.058 0.314336623822 1.19155593874 1 1 2 0.9 0
262 3 4.5 0 0 8.3385 0.5 1.71817016602 0.163607936961 1 Borja  734.9744478329999 0.058 0.307571355621 1.05456222905 1 1 2 0.9 0
263 3 6 0 1 12.753 0.5 1.55747914314 0.13542245532 1 Borja  737.8141339679996 0.058 0.420302678012 0.922056687823 1 1 2 0.9 1
264 4 4.5 0 0 8.3385 0.5 1.70121693611 0.146654707057 1 Borja  740.484214785 0.058 0.286869367617 1.05456222905 1 1 2 0.9 0
265 4 4.5 0 0 9.81 0.5 1.55779409409 0.158340131544 1 Borja  743.3068339189999 0.058 0.26494473949 0.899453962542 1 1 2 0.9 0
266 4 6 0 1 9.81 0.5 1.77179288864 0.0802369498994 1 Borja  745.9747823299999 0.058 0.560587431175 1.19155593874 1 1 2 0.9 1
267 3 4.5 0 0 11.2815 0.5 1.44147586823 0.157349181263 1 Borja  748.852242081 0.058 0.205384795877 0.784126686962 1 1 2 0.9 0
268 3 6 0 0 12.753 0.5 1.63795399666 0.215897308836 1 Borja  751.411486041 0.058 0.244854084393 0.922056687823 1 1 2 0.9 0
269 3 6 0 1 9.81 0.5 1.90805983543 0.216503896692 1 Borja  754.1749841269998 0.058 0.594997719518 1.19155593874 1 1 2 0.9 1
270 3 6 0 1 8.3385 0.5 2.02479600906 0.129280611068 1 Borja  757.2020128199997 0.058 0.696217279967 1.395515398 1 1 2 0.9 1
271 4 4.5 0 1 9.81 0.5 1.57204985619 0.172595893644 1 Borja  760.3354922539997 0.058 0.429523980152 0.899453962542 1 1 2 0.9 1
272 3 6 0 1 11.2815 0.5 1.66415691376 0.124535024139 1 Borja  763.0363404329996 0.058 0.515701938102 1.03962188962 1 1 2 0.9 1
273 3 6 0 0 9.81 0.5 1.95984601974 0.268290081003 1 Borja  765.8162958529997 0.058 0.317959224527 1.19155593874 1 1 2 0.9 0
274 4 4.5 0 0 12.753 0.5 1.2895450592 0.0945303220767 1 Borja  768.879310665 0.058 0.196412428915 0.695014737127 1 1 2 0.9 0
275 3 4.5 0 0 12.753 0.5 1.31926703453 0.124252297403 1 Borja  771.2782931299998 0.058 0.179509469144 0.695014737127 1 1 2 0.9 0
276 4 4.5 0 1 6.867 0.5 1.79486298561 0.0205321107918 1 Borja  773.7126470519997 0.058 0.583521582072 1.27433087482 1 1 2 0.9 1
277 3 4.5 0 1 11.2815 0.5 1.39588308334 0.111756396382 1 Borja  776.6302047149998 0.058 0.39017438534 0.784126686962 1 1 2 0.9 1
278 4 6 0 0 6.867 0.5 2.26274299622 0.0789860086403 1 Borja  779.138878664 0.058 0.426040673266 1.68375698758 1 1 2 0.9 0
279 4 4.5 0 1 8.3385 0.5 1.48534202576 -0.0692202032979 1 Borja  782.4990573499999 0.058 0.514061314354 1.05456222905 1 1 2 0.9 1
280 4 4.5 0 0 8.3385 0.5 1.75529193878 0.200729709727 1 Borja  785.1165592889997 0.058 0.274159220116 1.05456222905 1 1 2 0.9 0
281 3 6 0 1 12.753 0.5 3.62561702728 2.20356033946 1 Borja  788.9176837129999 0.058 0.425289927655 0.922056687823 1 1 2 0.9 1
282 3 6 0 0 8.3385 0.5 1.99684715271 0.101331754714 1 Borja  792.6861909599997 0.058 0.383571230105 1.395515398 1 1 2 0.9 0
283 4 6 0 0 12.753 0.5 1.57670712471 0.154650436887 1 Borja  795.8046345559997 0.058 0.24037164797 0.922056687823 1 1 2 0.9 0
284 4 6 0 0 6.867 0.5 2.1656370163 -0.0181199712792 1 Borja  798.5036838689998 0.058 0.447080019687 1.68375698758 1 1 2 0.9 0
285 3 6 0 0 6.867 0.5 2.30401706696 0.12026007938 1 Borja  801.775725637 0.058 0.424476664254 1.68375698758 1 1 2 0.9 0
286 3 4.5 0 0 12.753 0.5 1.26050710678 0.0654923696536 1 Borja  805.1990733499997 0.058 0.194305699803 0.695014737127 1 1 2 0.9 0
287 4 4.5 0 1 6.867 0.5 1.72724199295 -0.0470888818687 1 Borja  807.581472331 0.058 0.618687946058 1.27433087482 1 1 2 0.9 1
288 3 6 0 0 9.81 0.5 1.86759495735 0.17603901861 1 Borja  810.41942651 0.058 0.350902218064 1.19155593874 1 1 2 0.9 0
289 3 6 0 1 6.867 0.5 5.01151490211 2.82775791454 1 Borja  813.3895279889998 0.058 0.790892800119 1.68375698758 1 1 2 0.9 1
290 4 6 0 1 12.753 0.5 1.53658008575 0.114523397932 1 Borja  819.5162277189997 0.058 0.459415178955 0.922056687823 1 1 2 0.9 1
291 4 4.5 0 1 11.2815 0.5 1.37820005417 0.094073367207 1 Borja  822.179492147 0.058 0.370145646263 0.784126686962 1 1 2 0.9 1
292 4 6 0 1 11.2815 0.5 1.51766490936 -0.0219569802554 1 Borja  824.6717276549998 0.058 0.490153592936 1.03962188962 1 1 2 0.9 1
293 3 4.5 0 1 9.81 0.5 1.41192722321 0.0124732606638 1 Borja  827.3111881329996 0.058 0.406928364513 0.899453962542 1 1 2 0.9 1
294 4 6 0 1 8.3385 0.5 1.85987091064 -0.0356444873515 1 Borja  829.8407124629998 0.058 0.678776550285 1.395515398 1 1 2 0.9 1
295 4 4.5 0 0 6.867 0.5 5.12356591225 3.34923503743 1 Borja  832.8256014849999 0.058 0.357241417194 1.27433087482 1 1 2 0.9 0
296 4 4.5 0 0 9.81 0.5 1.48526406288 0.0858101003397 1 Borja  839.0486162899997 0.058 0.242310197831 0.899453962542 1 1 2 0.9 0
297 3 4.5 0 1 12.753 0.5 1.3547000885 0.159685351374 1 Borja  841.6407446569997 0.058 0.336580342973 0.695014737127 1 1 2 0.9 1
298 4 4.5 0 1 12.753 0.5 1.27957487106 0.0845601339358 1 Borja  844.0975152279998 0.058 0.323516607115 0.695014737127 1 1 2 0.9 1
299 3 6 0 1 9.81 0.5 1.73005580902 0.038499870279 1 Borja  846.4905665169999 0.058 0.558131487725 1.19155593874 1 1 2 0.9 1
300 3 4.5 0 1 11.2815 0.5 1.35349798203 0.0693712950634 1 Borja  849.345832556 0.058 0.360369576814 0.784126686962 1 1 2 0.9 1
301 4 4.5 0 0 11.2815 0.5 1.38939285278 0.105266165821 1 Borja  851.8291176319999 0.058 0.223622785084 0.784126686962 1 1 2 0.9 0
302 4 6 0 0 9.81 0.5 1.81155705452 0.120001115778 1 Borja  854.3173965439996 0.058 0.329135721283 1.19155593874 1 1 2 0.9 0
303 4 6 0 0 8.3385 0.5 1.91773200035 0.0222166023549 1 Borja  857.2425234509997 0.058 0.40094673249 1.395515398 1 1 2 0.9 0
304 4 6 0 1 6.867 0.5 2.08622193336 -0.0975350542107 1 Borja  860.2775405319999 0.058 0.806008686957 1.68375698758 1 1 2 0.9 1
305 4 4.5 0 1 8.3385 0.5 1.57738900185 0.0228267727916 1 Borja  863.4693157899997 0.058 0.47469530201 1.05456222905 1 1 2 0.9 1
306 3 4.5 0 0 9.81 0.5 1.54001998901 0.140566026472 1 Borja  866.1661159719997 0.058 0.226232315487 0.899453962542 1 1 2 0.9 0
307 4 4.5 0 1 9.81 0.5 1.44705200195 0.0475980394113 1 Borja  868.8025357299998 0.058 0.433037482784 0.899453962542 1 1 2 0.9 1
308 3 6 0 1 8.3385 0.5 1.88488006592 -0.0106353320781 1 Borja  871.363961992 0.058 0.668631465994 1.395515398 1 1 2 0.9 1
309 4 6 0 1 9.81 0.5 1.6827750206 -0.0087809181426 1 Borja  874.3662779229999 0.058 0.583087439656 1.19155593874 1 1 2 0.9 1
310 3 4.5 0 0 8.3385 0.5 1.61021304131 0.0556508122508 1 Borja  877.1475642329997 0.058 0.296774976049 1.05456222905 1 1 2 0.9 0
311 3 4.5 0 0 11.2815 0.5 1.40606188774 0.121935200779 1 Borja  879.8797386839997 0.058 0.200118356314 0.784126686962 1 1 2 0.9 0
312 3 4.5 0 1 6.867 0.5 1.70004105568 -0.0742898191398 1 Borja  882.4064234739999 0.058 0.613853973578 1.27433087482 1 1 2 0.9 1
313 3 4.5 0 1 8.3385 0.5 1.56912398338 0.0145617543284 1 Borja  885.216808142 0.058 0.520548168609 1.05456222905 1 1 2 0.9 1
314 3 6 0 0 11.2815 0.5 1.64045405388 0.100832164261 1 Borja  887.9084929249998 0.058 0.273945016006 1.03962188962 1 1 2 0.9 0
315 4 6 0 0 11.2815 0.5 1.62689900398 0.0872771143643 1 Borja  890.6573477939996 0.058 0.271410221989 1.03962188962 1 1 2 0.9 0
316 3 6 0 0 12.753 0.5 1.57485294342 0.152796255598 1 Borja  893.4007890749999 0.058 0.256310459552 0.922056687823 1 1 2 0.9 0
317 3 4.5 0 0 6.867 0.5 1.79384303093 0.0195121561104 1 Borja  896.0867914959999 0.058 0.381614714308 1.27433087482 1 1 2 0.9 0
318 3 6 0 1 11.2815 0.5 1.5418419838 0.00222009417694 1 Borja  899.0150697449999 0.058 0.503537090423 1.03962188962 1 1 2 0.9 1
319 4 4.5 0 0 12.753 0.5 1.22933197021 0.0343172330874 1 Borja  901.6532041629998 0.058 0.205425156765 0.695014737127 1 1 2 0.9 0
