trial vx vy vz LongOcclusion g timeStill rTime TemporalError environment id pupiltime IOD OccludedTimeOfTrajectory FlightDuration Drag DragFirst block accuracy LongOcclusion
0 4 4.5 0 0 11.2815 0.5 1.70352602005 0.419399333088 1 Albert  2.3702129549999427 0.065 0.222217062679 0.784126686962 1 1 1 0.31 0
1 4 6 0 1 8.3385 0.5 1.70352602005 0.419399333088 1 Albert  2.3702129549999427 0.065 0.222217062679 0.784126686962 1 1 1 0.31 0
2 4 4.5 0 0 9.81 0.5 1.38086080551 -0.0185931570303 1 Albert  5.191833704999908 0.065 0.240206604344 0.899453962542 1 1 1 0.31 0
3 4 6 0 0 12.753 0.5 1.35614299774 -0.0659136900811 1 Albert  7.687552904999961 0.065 0.237114464412 0.922056687823 1 1 1 0.31 0
4 3 4.5 0 0 8.3385 0.5 1.58227801323 0.0277157841746 1 Albert  10.155258151999988 0.065 0.294327958635 1.05456222905 1 1 1 0.31 0
5 3 4.5 0 0 12.753 0.5 1.22625994682 0.0312452096957 1 Albert  12.856677960999946 0.065 0.203951995217 0.695014737127 1 1 1 0.31 0
6 3 4.5 0 1 6.867 0.5 1.73508906364 -0.0392418111748 1 Albert  15.187224942999933 0.065 0.631473455516 1.27433087482 1 1 1 0.31 1
7 3 6 0 0 12.753 0.5 1.49950289726 0.0774462094398 1 Albert  18.01940523399992 0.065 0.262900434496 0.922056687823 1 1 1 0.31 0
8 4 6 0 0 9.81 0.5 1.73478078842 0.0432248496797 1 Albert  20.63564199399991 0.065 0.342477960968 1.19155593874 1 1 1 0.31 0
9 4 4.5 0 0 8.3385 0.5 1.61949086189 0.0649286328379 1 Albert  23.47567668599993 0.065 0.265281749088 1.05456222905 1 1 1 0.31 0
10 3 6 0 1 6.867 0.5 2.27150511742 0.0877481298408 1 Albert  26.209695619999934 0.065 0.768482927614 1.68375698758 1 1 1 0.31 1
11 4 4.5 0 0 12.753 0.5 1.2593588829 0.0643441457767 1 Albert  29.579612641999915 0.065 0.198734386159 0.695014737127 1 1 1 0.31 0
12 4 4.5 0 1 8.3385 0.5 1.47871899605 -0.0758432330068 1 Albert  31.95525519299997 0.065 0.504691613352 1.05456222905 1 1 1 0.31 1
13 3 6 0 1 12.753 0.5 1.40217995644 -0.0198767313867 1 Albert  34.54357792799999 0.065 0.449722726035 0.922056687823 1 1 1 0.31 1
14 4 4.5 0 1 9.81 0.5 1.33255290985 -0.0669010526907 1 Albert  37.05637384399995 0.065 0.434954811384 0.899453962542 1 1 1 0.31 1
15 4 6 0 1 9.81 0.5 1.59167599678 -0.0998799419616 1 Albert  39.49695282999994 0.065 0.546748536074 1.19155593874 1 1 1 0.31 1
16 4 4.5 0 1 12.753 0.5 1.16771197319 -0.0273027639371 1 Albert  42.20998548499995 0.065 0.317248029303 0.695014737127 1 1 1 0.31 1
17 3 6 0 1 11.2815 0.5 1.41743516922 -0.122186720398 1 Albert  44.49533992499994 0.065 0.507462799974 1.03962188962 1 1 1 0.31 1
18 4 4.5 0 1 6.867 0.5 1.73491597176 -0.0394149030632 1 Albert  47.006944088999944 0.065 0.607566687008 1.27433087482 1 1 1 0.31 1
19 3 6 0 0 6.867 0.5 2.28881287575 0.105055888172 1 Albert  49.85536091299991 0.065 0.4297773341 1.68375698758 1 1 1 0.31 0
20 4 6 0 0 11.2815 0.5 1.63350701332 0.0938851237027 1 Albert  53.265922778000004 0.065 0.285734236982 1.03962188962 1 1 1 0.31 0
21 3 6 0 0 8.3385 0.5 1.94480085373 0.0492854557332 1 Albert  56.013288308999904 0.065 0.413737300327 1.395515398 1 1 1 0.31 0
22 3 4.5 0 1 12.753 0.5 1.2485229969 0.0535082597751 1 Albert  59.080397003999906 0.065 0.336552128627 0.695014737127 1 1 1 0.31 1
23 3 6 0 0 9.81 0.5 1.72607803345 0.0345220947053 1 Albert  61.43887548399994 0.065 0.310732371263 1.19155593874 1 1 1 0.31 0
24 3 4.5 0 1 11.2815 0.5 1.26588702202 -0.0182396649433 1 Albert  64.31046921699999 0.065 0.361894488367 0.784126686962 1 1 1 0.31 1
25 4 4.5 0 1 11.2815 0.5 1.32515883446 0.0410321474957 1 Albert  66.652013281 0.065 0.380981843774 0.784126686962 1 1 1 0.31 1
26 3 6 0 0 11.2815 0.5 1.65924501419 0.119623124572 1 Albert  69.09844447799992 0.065 0.300384309414 1.03962188962 1 1 1 0.31 0
27 3 4.5 0 0 6.867 0.5 1.85402297974 0.0796921049172 1 Albert  71.87261082499992 0.065 0.379035369043 1.27433087482 1 1 1 0.31 0
28 3 4.5 0 0 9.81 0.5 1.41686010361 0.0174061410654 1 Albert  74.84383315399998 0.065 0.253773856059 0.899453962542 1 1 1 0.31 0
29 4 6 0 1 6.867 0.5 2.22429800034 0.0405410127602 1 Albert  77.35728928799995 0.065 0.808866530323 1.68375698758 1 1 1 0.31 1
30 4 6 0 1 11.2815 0.5 1.5089199543 -0.0307019353183 1 Albert  80.69211511499998 0.065 0.513473487799 1.03962188962 1 1 1 0.31 1
31 4 6 0 0 6.867 0.5 2.26074385643 0.0769868688545 1 Albert  83.31551698999999 0.065 0.480016118624 1.68375698758 1 1 1 0.31 0
32 3 4.5 0 1 8.3385 0.5 1.63717007637 0.0826078473155 1 Albert  86.70640457699994 0.065 0.480549519766 1.05456222905 1 1 1 0.31 1
33 4 4.5 0 0 6.867 0.5 1.78818106651 0.0138501916939 1 Albert  89.45139223699994 0.065 0.323435175005 1.27433087482 1 1 1 0.31 0
34 3 6 0 1 9.81 0.5 1.89157986641 0.200023927667 1 Albert  92.351570358 0.065 0.561345957783 1.19155593874 1 1 1 0.31 1
35 3 4.5 0 1 9.81 0.5 1.51570296288 0.116249000334 1 Albert  95.35883659199999 0.065 0.438221725205 0.899453962542 1 1 1 0.31 1
36 4 6 0 0 8.3385 0.5 1.94722104073 0.0517056427296 1 Albert  97.97537140899999 0.065 0.396872027004 1.395515398 1 1 1 0.31 0
37 3 4.5 0 0 11.2815 0.5 1.32191109657 0.0377844096112 1 Albert  101.03186158999995 0.065 0.207596254428 0.784126686962 1 1 1 0.31 0
38 4 6 0 1 12.753 0.5 1.5474050045 0.125348316679 1 Albert  103.46237181599997 0.065 0.451552865177 0.922056687823 1 1 1 0.31 1
39 3 6 0 1 8.3385 0.5 1.99417304993 0.0986576519307 1 Albert  106.11453478099997 0.065 0.69342252484 1.395515398 1 1 1 0.31 1
40 3 6 0 0 11.2815 0.5 1.59436202049 0.0547401308743 1 Albert  109.21864821499992 0.065 0.308853507983 1.03962188962 1 1 1 0.31 0
41 4 4.5 0 1 6.867 0.5 1.80843877792 0.0341079031044 1 Albert  111.92446579199998 0.065 0.618991517844 1.27433087482 1 1 1 0.31 1
42 3 4.5 0 0 11.2815 0.5 1.34353303909 0.0594063521313 1 Albert  114.84391570899993 0.065 0.198183508003 0.784126686962 1 1 1 0.31 0
43 4 4.5 0 0 6.867 0.5 1.78773903847 0.0134081636482 1 Albert  117.304403374 0.065 0.361842921127 1.27433087482 1 1 1 0.31 0
44 3 4.5 0 0 9.81 0.5 1.44072008133 0.0412661187875 1 Albert  120.20727972499992 0.065 0.269333300502 0.899453962542 1 1 1 0.31 0
45 3 4.5 0 1 8.3385 0.5 1.64616513252 0.0916029034678 1 Albert  122.76444089099994 0.065 0.487982979901 1.05456222905 1 1 1 0.31 1
46 3 6 0 0 6.867 0.5 2.35049200058 0.166735013004 1 Albert  125.52782488899993 0.065 0.450742874308 1.68375698758 1 1 1 0.31 0
47 4 6 0 1 11.2815 0.5 1.66884994507 0.12922805545 1 Albert  128.98772656799997 0.065 0.505713441122 1.03962188962 1 1 1 0.31 1
48 4 4.5 0 1 9.81 0.5 1.35251402855 -0.0469399339926 1 Albert  131.77590780799994 0.065 0.428875108073 0.899453962542 1 1 1 0.31 1
49 4 6 0 0 11.2815 0.5 1.5788090229 0.0391871332852 1 Albert  134.24505014499994 0.065 0.264872246693 1.03962188962 1 1 1 0.31 0
50 3 4.5 0 1 12.753 0.5 1.24727201462 0.0522572774905 1 Albert  136.92784012999994 0.065 0.337805264776 0.695014737127 1 1 1 0.31 1
51 4 6 0 0 9.81 0.5 1.64261484146 -0.0489410972808 1 Albert  139.292779979 0.065 0.333994973878 1.19155593874 1 1 1 0.31 0
52 4 4.5 0 0 9.81 0.5 1.41461801529 0.0151640527475 1 Albert  142.0602449769999 0.065 0.263755499852 0.899453962542 1 1 1 0.31 0
53 4 4.5 0 0 12.753 0.5 1.21888113022 0.0238663930911 1 Albert  144.59268960299994 0.065 0.190803522883 0.695014737127 1 1 1 0.31 0
54 3 6 0 1 12.753 0.5 1.53768706322 0.115630375394 1 Albert  146.930271768 0.065 0.453802357245 0.922056687823 1 1 1 0.31 1
55 4 6 0 1 9.81 0.5 1.76106715202 0.0695112132814 1 Albert  149.57297812000002 0.065 0.572049244873 1.19155593874 1 1 1 0.31 1
56 3 4.5 0 1 11.2815 0.5 1.24355101585 -0.0405756711078 1 Albert  152.44279975099994 0.065 0.380661707329 0.784126686962 1 1 1 0.31 1
57 4 4.5 0 0 8.3385 0.5 1.54427790642 -0.0102843226369 1 Albert  154.7970947 0.065 0.303501247619 1.05456222905 1 1 1 0.31 0
58 4 4.5 0 1 12.753 0.5 1.20057702065 0.00556228351774 1 Albert  157.463612958 0.065 0.340755404053 0.695014737127 1 1 1 0.31 1
59 3 4.5 0 1 6.867 0.5 1.67233514786 -0.101995726962 1 Albert  159.77655814599996 0.065 0.585819875791 1.27433087482 1 1 1 0.31 1
60 3 4.5 0 0 8.3385 0.5 1.57534408569 0.0207818566386 1 Albert  162.56092862499997 0.065 0.314762454813 1.05456222905 1 1 1 0.31 0
61 3 4.5 0 1 9.81 0.5 1.40216517448 0.00271121194246 1 Albert  165.24416703199995 0.065 0.441459866796 0.899453962542 1 1 1 0.31 1
62 3 6 0 1 11.2815 0.5 1.64917206764 0.109550178024 1 Albert  167.76324394199992 0.065 0.514672344504 1.03962188962 1 1 1 0.31 1
63 4 4.5 0 0 11.2815 0.5 1.57151198387 0.28738529691 1 Albert  170.53740204999997 0.065 0.230891257452 0.784126686962 1 1 1 0.31 0
64 4 6 0 1 6.867 0.5 2.30960512161 0.125848134037 1 Albert  173.21919390799997 0.065 0.805662250638 1.68375698758 1 1 1 0.31 1
65 3 6 0 1 8.3385 0.5 1.88963294029 -0.00588245770371 1 Albert  176.63514146799992 0.065 0.642213594399 1.395515398 1 1 1 0.31 1
66 3 6 0 0 12.753 0.5 1.51138496399 0.0893282761664 1 Albert  179.63333443699992 0.065 0.275593471543 0.922056687823 1 1 1 0.31 0
67 3 4.5 0 0 12.753 0.5 1.224807024 0.0297922868747 1 Albert  182.26014696799996 0.065 0.19271354554 0.695014737127 1 1 1 0.31 0
68 4 4.5 0 1 8.3385 0.5 1.47533988953 -0.0792223395284 1 Albert  184.60316779799996 0.065 0.494101178049 1.05456222905 1 1 1 0.31 1
69 4 4.5 0 1 11.2815 0.5 1.27277994156 -0.0113467454029 1 Albert  187.190035856 0.065 0.384979257385 0.784126686962 1 1 1 0.31 1
70 4 6 0 1 8.3385 0.5 1.85893702507 -0.0365783729259 1 Albert  189.58074227199995 0.065 0.694474918222 1.395515398 1 1 1 0.31 1
71 3 6 0 1 6.867 0.5 2.25391292572 0.0701559381447 1 Albert  192.540777328 0.065 0.840811316506 1.68375698758 1 1 1 0.31 1
72 3 6 0 1 9.81 0.5 1.88212585449 0.19056991575 1 Albert  195.87735220899992 0.065 0.580007953036 1.19155593874 1 1 1 0.31 1
73 3 4.5 0 0 6.867 0.5 1.93480992317 0.160479048353 1 Albert  198.88472862999993 0.065 0.340120646292 1.27433087482 1 1 1 0.31 0
74 3 6 0 0 9.81 0.5 1.80958294868 0.118027009943 1 Albert  201.92856494299997 0.065 0.302705189109 1.19155593874 1 1 1 0.31 0
75 4 6 0 0 8.3385 0.5 2.00438213348 0.108866735488 1 Albert  204.803547987 0.065 0.349366827693 1.395515398 1 1 1 0.31 0
76 3 6 0 0 8.3385 0.5 1.97206807137 0.0765526733693 1 Albert  207.91966566999997 0.065 0.416267318083 1.395515398 1 1 1 0.31 0
77 4 6 0 1 12.753 0.5 1.69976687431 0.277710186491 1 Albert  210.99726599399992 0.065 0.435636661617 0.922056687823 1 1 1 0.31 1
78 4 6 0 0 6.867 0.5 2.45594000816 0.272183020588 1 Albert  213.82802978299992 0.065 0.446625902683 1.68375698758 1 1 1 0.31 0
79 4 6 0 0 12.753 0.5 1.42905807495 0.00700138712836 1 Albert  217.40196284599995 0.065 0.236150668632 0.922056687823 1 1 1 0.31 0
80 3 4.5 0 1 11.2815 0.5 1.37048411369 0.0863574267315 1 Albert  219.917557342 0.065 0.388660360342 0.784126686962 1 1 1 0.31 1
81 3 4.5 0 1 9.81 0.5 1.46259093285 0.0631369703043 1 Albert  222.39694518099998 0.065 0.432192902376 0.899453962542 1 1 1 0.31 1
82 3 4.5 0 0 11.2815 0.5 1.40298891068 0.118862223713 1 Albert  224.974755953 0.065 0.21134777821 0.784126686962 1 1 1 0.31 0
83 3 6 0 1 9.81 0.5 1.81742215157 0.125866212824 1 Albert  227.48036155199998 0.065 0.580759393585 1.19155593874 1 1 1 0.31 1
84 3 4.5 0 0 8.3385 0.5 1.66467905045 0.110116821391 1 Albert  230.39685526699998 0.065 0.28490429388 1.05456222905 1 1 1 0.31 0
85 4 4.5 0 1 12.753 0.5 1.29100084305 0.0959861059207 1 Albert  233.18128261799995 0.065 0.34444814893 0.695014737127 1 1 1 0.31 1
86 3 6 0 1 8.3385 0.5 1.92330312729 0.0277877292928 1 Albert  235.57609198499995 0.065 0.630022711326 1.395515398 1 1 1 0.31 1
87 4 6 0 1 12.753 0.5 1.54475998878 0.122703300962 1 Albert  238.61163936599996 0.065 0.447179990932 0.922056687823 1 1 1 0.31 1
88 3 6 0 1 11.2815 0.5 1.68246603012 0.142844140503 1 Albert  241.279122283 0.065 0.514761564237 1.03962188962 1 1 1 0.31 1
89 4 4.5 0 0 9.81 0.5 1.41221904755 0.0127650850046 1 Albert  244.07791566499998 0.065 0.252462058717 0.899453962542 1 1 1 0.31 0
90 4 4.5 0 0 11.2815 0.5 1.35739398003 0.0732672930645 1 Albert  246.599664986 0.065 0.213865283877 0.784126686962 1 1 1 0.31 0
91 4 6 0 1 8.3385 0.5 1.83982396126 -0.0556914367381 1 Albert  249.07249849799996 0.065 0.667397992922 1.395515398 1 1 1 0.31 1
92 4 4.5 0 1 6.867 0.5 1.82225894928 0.0479280744606 1 Albert  252.01969940699996 0.065 0.589357903132 1.27433087482 1 1 1 0.31 1
93 3 4.5 0 0 6.867 0.5 1.73074793816 -0.043582936663 1 Albert  254.96105802900001 0.065 0.324935766266 1.27433087482 1 1 1 0.31 0
94 3 6 0 0 8.3385 0.5 1.94072198868 0.0452065906819 1 Albert  257.8000155699999 0.065 0.393761694366 1.395515398 1 1 1 0.31 0
95 3 4.5 0 1 8.3385 0.5 1.56627297401 0.0117107449595 1 Albert  260.85155703199996 0.065 0.484959576134 1.05456222905 1 1 1 0.31 1
96 4 6 0 0 9.81 0.5 1.72421693802 0.0326609992768 1 Albert  263.52371881 0.065 0.337412989914 1.19155593874 1 1 1 0.31 0
97 3 4.5 0 0 9.81 0.5 1.49067592621 0.0912219636667 1 Albert  266.366430005 0.065 0.246110419919 0.899453962542 1 1 1 0.31 0
98 4 6 0 0 8.3385 0.5 1.92179083824 0.0262754402455 1 Albert  268.95425072699993 0.065 0.35874785555 1.395515398 1 1 1 0.31 0
99 4 4.5 0 1 8.3385 0.5 1.64720201492 0.0926397858683 1 Albert  271.977233438 0.065 0.475053209329 1.05456222905 1 1 1 0.31 1
100 3 6 0 0 11.2815 0.5 1.63901901245 0.0993971228329 1 Albert  274.74415960199997 0.065 0.264360610316 1.03962188962 1 1 1 0.31 0
101 3 6 0 1 6.867 0.5 2.33241295815 0.14865597057 1 Albert  277.4851619589999 0.065 0.789467961457 1.68375698758 1 1 1 0.31 1
102 4 4.5 0 1 9.81 0.5 1.47620582581 0.0767518632639 1 Albert  280.93500321199997 0.065 0.442307640622 0.899453962542 1 1 1 0.31 1
103 4 4.5 0 0 12.753 0.5 1.27465581894 0.0796410818118 1 Albert  283.51869822699996 0.065 0.183309841253 0.695014737127 1 1 1 0.31 0
104 3 4.5 0 1 12.753 0.5 1.24414992332 0.0491351861972 1 Albert  285.919610156 0.065 0.339873194398 0.695014737127 1 1 1 0.31 1
105 3 4.5 0 0 12.753 0.5 1.24890398979 0.0538892526645 1 Albert  288.265310561 0.065 0.183234302366 0.695014737127 1 1 1 0.31 0
106 4 4.5 0 0 8.3385 0.5 1.56371998787 0.0091577588145 1 Albert  290.624266166 0.065 0.263682269422 1.05456222905 1 1 1 0.31 0
107 4 6 0 0 6.867 0.5 2.36739706993 0.183640082355 1 Albert  293.307934415 0.065 0.43442313378 1.68375698758 1 1 1 0.31 0
108 4 6 0 1 9.81 0.5 1.80113601685 0.109580078104 1 Albert  296.78457872 0.065 0.576501766688 1.19155593874 1 1 1 0.31 1
109 4 4.5 0 0 6.867 0.5 1.94830703735 0.173976162534 1 Albert  299.700856369 0.065 0.356319892419 1.27433087482 1 1 1 0.31 0
110 4 6 0 0 11.2815 0.5 1.64099812508 0.101376235458 1 Albert  302.769891023 0.065 0.307894225418 1.03962188962 1 1 1 0.31 0
111 3 6 0 0 12.753 0.5 1.52068305016 0.0986263623328 1 Albert  305.51758606300007 0.065 0.275545121488 0.922056687823 1 1 1 0.31 0
112 4 4.5 0 1 11.2815 0.5 1.3501060009 0.0659793139386 1 Albert  308.150018597 0.065 0.357094571201 0.784126686962 1 1 1 0.31 1
113 3 4.5 0 1 6.867 0.5 1.67306208611 -0.101268788714 1 Albert  310.62348922700005 0.065 0.610322844106 1.27433087482 1 1 1 0.31 1
114 3 6 0 0 9.81 0.5 1.8272960186 0.135740079858 1 Albert  313.3824855429999 0.065 0.339111177037 1.19155593874 1 1 1 0.31 0
115 4 6 0 1 6.867 0.5 2.3291888237 0.145431836124 1 Albert  316.3273791359999 0.065 0.781603797642 1.68375698758 1 1 1 0.31 1
116 4 6 0 0 12.753 0.5 1.54685497284 0.124798285017 1 Albert  319.7719485659999 0.065 0.245587842757 0.922056687823 1 1 1 0.31 0
117 3 6 0 0 6.867 0.5 2.23471093178 0.0509539442024 1 Albert  322.4321479459999 0.065 0.42835822422 1.68375698758 1 1 1 0.31 0
118 4 6 0 1 11.2815 0.5 1.47155404091 -0.0680678487094 1 Albert  325.7767600369999 0.065 0.503905395245 1.03962188962 1 1 1 0.31 1
119 3 6 0 1 12.753 0.5 1.61337685585 0.191320168027 1 Albert  328.359101272 0.065 0.421980963804 0.922056687823 1 1 1 0.31 1
120 3 4.5 0 1 11.2815 0.5 1.33219003677 0.048063349812 1 Albert  331.0971798249999 0.065 0.380088426602 0.784126686962 1 1 1 0.31 1
121 4 4.5 0 0 11.2815 0.5 1.46529889107 0.181172204106 1 Albert  333.54508447599994 0.065 0.21254271115 0.784126686962 1 1 1 0.31 0
122 4 4.5 0 1 12.753 0.5 1.21332097054 0.0183062334079 1 Albert  336.1127409449999 0.065 0.324155547992 0.695014737127 1 1 1 0.31 1
123 3 6 0 0 8.3385 0.5 1.88574886322 -0.00976653477585 1 Albert  338.4400423430001 0.065 0.401450218441 1.395515398 1 1 1 0.31 0
124 3 4.5 0 1 9.81 0.5 1.38036084175 -0.0190931207907 1 Albert  341.4502369610001 0.065 0.445007103342 0.899453962542 1 1 1 0.31 1
125 3 6 0 1 6.867 0.5 2.41604495049 0.23228796291 1 Albert  343.9391971659999 0.065 0.81238232704 1.68375698758 1 1 1 0.31 1
126 4 6 0 1 9.81 0.5 1.79881596565 0.107260026911 1 Albert  347.46978978799996 0.065 0.580284851007 1.19155593874 1 1 1 0.31 1
127 3 4.5 0 0 8.3385 0.5 1.63218307495 0.0776208458964 1 Albert  350.3762887009999 0.065 0.312737892484 1.05456222905 1 1 1 0.31 0
128 4 4.5 0 0 12.753 0.5 1.27735495567 0.0823402185458 1 Albert  353.12091089700004 0.065 0.207329708287 0.695014737127 1 1 1 0.31 0
129 4 4.5 0 0 8.3385 0.5 1.62625098228 0.0716887532298 1 Albert  355.51206412 0.065 0.302862080279 1.05456222905 1 1 1 0.31 0
130 4 6 0 0 12.753 0.5 1.43771910667 0.0156624188514 1 Albert  358.244342136 0.065 0.262382116383 0.922056687823 1 1 1 0.31 0
131 4 6 0 1 11.2815 0.5 1.61271715164 0.0730952620236 1 Albert  360.80146133999995 0.065 0.480115905259 1.03962188962 1 1 1 0.31 1
132 3 6 0 0 11.2815 0.5 1.51547193527 -0.024149954346 1 Albert  363.514366945 0.065 0.305465321866 1.03962188962 1 1 1 0.31 0
133 4 4.5 0 1 11.2815 0.5 1.2673561573 -0.0167705296589 1 Albert  366.1375833369999 0.065 0.355211871705 0.784126686962 1 1 1 0.31 1
134 3 6 0 1 9.81 0.5 1.79558205605 0.104026117304 1 Albert  368.51552301000004 0.065 0.553739260717 1.19155593874 1 1 1 0.31 1
135 3 4.5 0 0 9.81 0.5 1.35085201263 -0.0486019499075 1 Albert  371.42788821700003 0.065 0.239910779437 0.899453962542 1 1 1 0.31 0
136 4 6 0 0 6.867 0.5 2.17116093636 -0.0125960512199 1 Albert  373.8960947300001 0.065 0.482948083903 1.68375698758 1 1 1 0.31 0
137 4 6 0 0 11.2815 0.5 1.53102207184 -0.00859981777985 1 Albert  377.18592112499994 0.065 0.282769370623 1.03962188962 1 1 1 0.31 0
138 3 6 0 1 11.2815 0.5 1.72799706459 0.188375174972 1 Albert  379.82221616999993 0.065 0.509615033701 1.03962188962 1 1 1 0.31 1
139 3 4.5 0 0 12.753 0.5 1.22057890892 0.0255641717929 1 Albert  382.656881496 0.065 0.198824064485 0.695014737127 1 1 1 0.31 0
140 4 4.5 0 0 9.81 0.5 1.38260388374 -0.0168500787985 1 Albert  384.97966467599997 0.065 0.231498789348 0.899453962542 1 1 1 0.31 0
141 4 4.5 0 1 6.867 0.5 1.69028306007 -0.0840478147453 1 Albert  387.46729836099996 0.065 0.581843709782 1.27433087482 1 1 1 0.31 1
142 3 6 0 1 8.3385 0.5 1.92021203041 0.0246966324147 1 Albert  390.7979899200001 0.065 0.638778037376 1.395515398 1 1 1 0.31 1
143 3 6 0 0 6.867 0.5 2.3286960125 0.144939024921 1 Albert  393.26196212599996 0.065 0.503659255601 1.68375698758 1 1 1 0.31 0
144 3 6 0 1 12.753 0.5 1.47583413124 0.053777443418 1 Albert  396.696157986 0.065 0.415002810999 0.922056687823 1 1 1 0.31 1
145 3 4.5 0 0 6.867 0.5 1.75262308121 -0.0217077936119 1 Albert  399.27599760600003 0.065 0.35762334131 1.27433087482 1 1 1 0.31 0
146 4 6 0 1 6.867 0.5 2.1785428524 -0.00521413517381 1 Albert  402.1310367980001 0.065 0.806118728148 1.68375698758 1 1 1 0.31 1
147 4 4.5 0 1 9.81 0.5 1.43109893799 0.0316449754465 1 Albert  405.4243698889999 0.065 0.431732175427 0.899453962542 1 1 1 0.31 1
148 4 4.5 0 0 6.867 0.5 1.88291597366 0.108585098844 1 Albert  407.9565699419999 0.065 0.362757175084 1.27433087482 1 1 1 0.31 0
149 4 6 0 1 12.753 0.5 1.62751102448 0.205454336652 1 Albert  410.95251556799997 0.065 0.45260386554 0.922056687823 1 1 1 0.31 1
150 3 6 0 0 9.81 0.5 1.75008916855 0.0585332298066 1 Albert  413.69418219099987 0.065 0.350889427823 1.19155593874 1 1 1 0.31 0
151 3 6 0 0 12.753 0.5 1.56682801247 0.144771324644 1 Albert  416.554924703 0.065 0.246809976173 0.922056687823 1 1 1 0.31 0
152 4 6 0 0 8.3385 0.5 1.9887239933 0.0932085953053 1 Albert  419.229737927 0.065 0.4176766808 1.395515398 1 1 1 0.31 0
153 4 6 0 0 9.81 0.5 1.80297994614 0.111424007395 1 Albert  422.31916190000004 0.065 0.357194431387 1.19155593874 1 1 1 0.31 0
154 3 4.5 0 1 6.867 0.5 1.86650705338 0.0921761785561 1 Albert  425.22837642499996 0.065 0.624463997219 1.27433087482 1 1 1 0.31 1
155 3 4.5 0 1 8.3385 0.5 1.73861289024 0.184050661189 1 Albert  428.18847763899987 0.065 0.504859282302 1.05456222905 1 1 1 0.31 1
156 4 4.5 0 1 8.3385 0.5 1.65744495392 0.102882724864 1 Albert  431.04586836300007 0.065 0.482535904097 1.05456222905 1 1 1 0.31 1
157 3 4.5 0 0 11.2815 0.5 1.25360894203 -0.0305177449299 1 Albert  433.82000078299995 0.065 0.216819432277 0.784126686962 1 1 1 0.31 0
158 3 4.5 0 1 12.753 0.5 1.2969918251 0.101977087976 1 Albert  436.18831478999994 0.065 0.332942382475 0.695014737127 1 1 1 0.31 1
159 4 6 0 1 8.3385 0.5 1.91532111168 0.019805713683 1 Albert  438.58350957899995 0.065 0.665083553358 1.395515398 1 1 1 0.31 1
160 3 6 0 1 8.3385 0.5 1.9341878891 0.0386724911031 1 Albert  441.601748254 0.065 0.654748789764 1.395515398 1 1 1 0.31 1
161 3 4.5 0 1 6.867 0.5 1.7873301506 0.0129992757851 1 Albert  444.6479427180001 0.065 0.573713496204 1.27433087482 1 1 1 0.31 1
162 3 4.5 0 1 9.81 0.5 1.65119409561 0.25174013307 1 Albert  447.55055953399994 0.065 0.412598718147 0.899453962542 1 1 1 0.31 1
163 3 6 0 0 11.2815 0.5 1.57261705399 0.0329951643674 1 Albert  450.30607994800005 0.065 0.2655794978 1.03962188962 1 1 1 0.31 0
164 4 6 0 0 9.81 0.5 1.86376810074 0.172212161997 1 Albert  452.97931592299994 0.065 0.353304515878 1.19155593874 1 1 1 0.31 0
165 3 4.5 0 1 12.753 0.5 1.37445616722 0.179441430094 1 Albert  455.96326774500005 0.065 0.316585345155 0.695014737127 1 1 1 0.31 1
166 3 6 0 1 12.753 0.5 1.53541994095 0.113363253126 1 Albert  458.446591149 0.065 0.449401445039 0.922056687823 1 1 1 0.31 1
167 4 4.5 0 0 11.2815 0.5 1.40806388855 0.123937201588 1 Albert  461.0898988329999 0.065 0.207275708769 0.784126686962 1 1 1 0.31 0
168 3 4.5 0 0 12.753 0.5 1.34725594521 0.152241208078 1 Albert  463.6153646219999 0.065 0.203851088791 0.695014737127 1 1 1 0.31 0
169 4 6 0 1 6.867 0.5 2.13077497482 -0.0529820127525 1 Albert  466.08355240699996 0.065 0.788268268975 1.68375698758 1 1 1 0.31 1
170 4 4.5 0 1 8.3385 0.5 1.54213213921 -0.0124300898488 1 Albert  469.3288494100001 0.065 0.499455769149 1.05456222905 1 1 1 0.31 1
171 4 4.5 0 0 12.753 0.5 1.26282691956 0.0678121824283 1 Albert  471.99169883799993 0.065 0.190632683628 0.695014737127 1 1 1 0.31 0
172 4 6 0 0 8.3385 0.5 1.89150500298 -0.0040103950206 1 Albert  474.379462816 0.065 0.378326937344 1.395515398 1 1 1 0.31 0
173 4 6 0 1 11.2815 0.5 1.66232991219 0.122708022567 1 Albert  477.3665100510001 0.065 0.507128499226 1.03962188962 1 1 1 0.31 1
174 4 6 0 0 12.753 0.5 1.44983792305 0.0277812352271 1 Albert  480.15365621700005 0.065 0.246372309535 0.922056687823 1 1 1 0.31 0
175 3 4.5 0 0 9.81 0.5 1.40921401978 0.00976005723359 1 Albert  482.7126417850001 0.065 0.250567169688 0.899453962542 1 1 1 0.31 0
176 3 6 0 0 6.867 0.5 2.30120491982 0.11744793224 1 Albert  485.2330741300001 0.065 0.47884304946 1.68375698758 1 1 1 0.31 0
177 3 4.5 0 0 11.2815 0.5 1.35003805161 0.0659113646435 1 Albert  488.6503977389999 0.065 0.210488035779 0.784126686962 1 1 1 0.31 0
178 4 4.5 0 0 8.3385 0.5 1.51701211929 -0.0375501097616 1 Albert  491.11245546 0.065 0.307312932713 1.05456222905 1 1 1 0.31 0
179 3 4.5 0 1 11.2815 0.5 1.30397391319 0.019847226231 1 Albert  493.73973740300005 0.065 0.373867404042 0.784126686962 1 1 1 0.31 1
180 4 4.5 0 0 9.81 0.5 1.4736700058 0.0742160432565 1 Albert  496.15632287200003 0.065 0.260590443388 0.899453962542 1 1 1 0.31 0
181 4 6 0 1 12.753 0.5 1.42385601997 0.00179933215095 1 Albert  498.7512790249999 0.065 0.429573821018 0.922056687823 1 1 1 0.31 1
182 3 6 0 1 9.81 0.5 1.72642612457 0.0348701858308 1 Albert  501.2955266590001 0.065 0.565416444236 1.19155593874 1 1 1 0.31 1
183 3 6 0 0 9.81 0.5 1.71032500267 0.0187690639283 1 Albert  504.108221265 0.065 0.340148317107 1.19155593874 1 1 1 0.31 0
184 4 4.5 0 1 6.867 0.5 1.84901380539 0.0746829305702 1 Albert  506.91232243499996 0.065 0.597272946877 1.27433087482 1 1 1 0.31 1
185 3 4.5 0 0 8.3385 0.5 1.5384349823 -0.016127246755 1 Albert  509.87599390899993 0.065 0.279512505859 1.05456222905 1 1 1 0.31 0
186 4 4.5 0 1 11.2815 0.5 1.32049417496 0.0363674879956 1 Albert  512.5203030060001 0.065 0.355552972159 0.784126686962 1 1 1 0.31 1
187 3 4.5 0 1 8.3385 0.5 1.75781702995 0.203254800898 1 Albert  514.96594687 0.065 0.524210338997 1.05456222905 1 1 1 0.31 1
188 4 4.5 0 1 9.81 0.5 1.45476508141 0.0553111188638 1 Albert  517.829266076 0.065 0.428317025454 0.899453962542 1 1 1 0.31 1
189 4 4.5 0 0 6.867 0.5 1.89816403389 0.123833159071 1 Albert  520.4013199299999 0.065 0.334076768995 1.27433087482 1 1 1 0.31 0
190 4 6 0 1 9.81 0.5 1.82614302635 0.13458708761 1 Albert  523.412763485 0.065 0.594864323852 1.19155593874 1 1 1 0.31 1
191 3 6 0 0 8.3385 0.5 2.05646920204 0.160953804046 1 Albert  526.333458464 0.065 0.377959983371 1.395515398 1 1 1 0.31 0
192 3 6 0 1 11.2815 0.5 1.76538085938 0.225758969757 1 Albert  529.495517894 0.065 0.471159108978 1.03962188962 1 1 1 0.31 1
193 4 4.5 0 1 12.753 0.5 1.27970218658 0.0846874494571 1 Albert  532.3722885850001 0.065 0.315309108881 0.695014737127 1 1 1 0.31 1
194 3 6 0 1 6.867 0.5 2.48401117325 0.300254185673 1 Albert  534.76094828 0.065 0.835105017247 1.68375698758 1 1 1 0.31 1
195 4 6 0 0 11.2815 0.5 1.7588019371 0.219180047485 1 Albert  538.369150414 0.065 0.28723509419 1.03962188962 1 1 1 0.31 0
196 3 6 0 0 12.753 0.5 1.61330294609 0.191246258268 1 Albert  541.224381438 0.065 0.255944562185 0.922056687823 1 1 1 0.31 0
197 4 6 0 0 6.867 0.5 2.4014480114 0.217691023823 1 Albert  543.961787369 0.065 0.461192035107 1.68375698758 1 1 1 0.31 0
198 4 6 0 1 8.3385 0.5 2.24691414833 0.351398750335 1 Albert  547.4613226989999 0.065 0.652262520479 1.395515398 1 1 1 0.31 1
199 3 4.5 0 0 6.867 0.5 1.85075807571 0.0764272008949 1 Albert  550.823937198 0.065 0.328401320953 1.27433087482 1 1 1 0.31 0
200 4 6 0 0 6.867 0.5 2.33180403709 0.148047049519 1 Albert  553.768144737 0.065 0.452243594471 1.68375698758 1 1 1 0.31 0
201 3 6 0 0 6.867 0.5 2.52123808861 0.337481101032 1 Albert  557.2075108600001 0.065 0.458679555842 1.68375698758 1 1 1 0.31 0
202 3 6 0 1 6.867 0.5 2.22620892525 0.0424519376717 1 Albert  560.8270134210001 0.065 0.812076801018 1.68375698758 1 1 1 0.31 1
203 3 6 0 1 9.81 0.5 1.92519497871 0.233639039972 1 Albert  564.173760452 0.065 0.544852507548 1.19155593874 1 1 1 0.31 1
204 3 4.5 0 1 11.2815 0.5 1.60862612724 0.324499440281 1 Albert  567.2033069400001 0.065 0.38145354407 0.784126686962 1 1 1 0.31 1
205 3 4.5 0 1 8.3385 0.5 1.6843328476 0.12977061854 1 Albert  569.912377538 0.065 0.522294921584 1.05456222905 1 1 1 0.31 1
206 4 4.5 0 1 12.753 0.5 1.3965651989 0.201550461771 1 Albert  572.70018292 0.065 0.31379897127 0.695014737127 1 1 1 0.31 1
207 3 4.5 0 1 9.81 0.5 1.59207296371 0.192619001173 1 Albert  575.204821055 0.065 0.406689389098 0.899453962542 1 1 1 0.31 1
208 4 4.5 0 1 9.81 0.5 1.52997589111 0.130521928571 1 Albert  577.912667687 0.065 0.438308397301 0.899453962542 1 1 1 0.31 1
209 4 4.5 0 0 6.867 0.5 2.04928398132 0.274953106504 1 Albert  580.5591841280001 0.065 0.353482475153 1.27433087482 1 1 1 0.31 0
210 4 6 0 1 12.753 0.5 1.72508215904 0.30302547122 1 Albert  583.7037924539999 0.065 0.45561373375 0.922056687823 1 1 1 0.31 1
211 4 6 0 1 8.3385 0.5 2.04781413078 0.152298732787 1 Albert  586.54539777 0.065 0.678189060962 1.395515398 1 1 1 0.31 1
212 3 6 0 0 11.2815 0.5 1.66353201866 0.123910129043 1 Albert  589.706485804 0.065 0.292379935254 1.03962188962 1 1 1 0.31 0
213 3 6 0 0 12.753 0.5 1.41125917435 -0.0107975134759 1 Albert  592.4792377949999 0.065 0.244438607751 0.922056687823 1 1 1 0.31 0
214 4 6 0 1 9.81 0.5 1.68145108223 -0.0101048565123 1 Albert  594.99177694 0.065 0.543848963541 1.19155593874 1 1 1 0.31 1
215 4 4.5 0 0 8.3385 0.5 1.62025403976 0.0656918107096 1 Albert  597.777115619 0.065 0.28311737908 1.05456222905 1 1 1 0.31 0
216 4 4.5 0 1 6.867 0.5 1.70414304733 -0.0701878274864 1 Albert  600.5138172840001 0.065 0.614606190453 1.27433087482 1 1 1 0.31 1
217 3 6 0 0 8.3385 0.5 1.94741296768 0.0518975696858 1 Albert  603.3090926369999 0.065 0.408430384037 1.395515398 1 1 1 0.31 0
218 4 6 0 0 8.3385 0.5 1.89320993423 -0.00230546376145 1 Albert  606.388656646 0.065 0.408213855299 1.395515398 1 1 1 0.31 0
219 3 6 0 1 12.753 0.5 1.65029096603 0.228234278211 1 Albert  609.3884713389999 0.065 0.457015153708 0.922056687823 1 1 1 0.31 1
220 3 4.5 0 0 12.753 0.5 1.28613114357 0.0911164064425 1 Albert  612.1353273630001 0.065 0.175222390752 0.695014737127 1 1 1 0.31 0
221 4 6 0 0 9.81 0.5 1.73266386986 0.0411079311158 1 Albert  614.528955767 0.065 0.355980123688 1.19155593874 1 1 1 0.31 0
222 3 6 0 1 8.3385 0.5 1.98651814461 0.0910027466115 1 Albert  617.360265997 0.065 0.681202998929 1.395515398 1 1 1 0.31 1
223 4 4.5 0 0 9.81 0.5 1.42294096947 0.0234870069254 1 Albert  620.466552532 0.065 0.266352182943 0.899453962542 1 1 1 0.31 0
224 4 6 0 0 12.753 0.5 1.45838093758 0.0363242497535 1 Albert  622.9935918570001 0.065 0.243272157373 0.922056687823 1 1 1 0.31 0
225 4 4.5 0 1 11.2815 0.5 1.33586788177 0.0517411948132 1 Albert  625.5648080090001 0.065 0.372021718111 0.784126686962 1 1 1 0.31 1
226 3 6 0 1 11.2815 0.5 1.65510296822 0.115481078598 1 Albert  628.006163985 0.065 0.469081676275 1.03962188962 1 1 1 0.31 1
227 3 4.5 0 0 6.867 0.5 1.71847605705 -0.0558548177666 1 Albert  630.7878711960001 0.065 0.352076613302 1.27433087482 1 1 1 0.31 0
228 3 4.5 0 0 9.81 0.5 1.36546802521 -0.0339859373343 1 Albert  633.650250542 0.065 0.263944860722 0.899453962542 1 1 1 0.31 0
229 3 6 0 0 9.81 0.5 1.74521684647 0.0536609077241 1 Albert  636.0838020089999 0.065 0.319341143733 1.19155593874 1 1 1 0.31 0
230 4 6 0 1 11.2815 0.5 1.54613304138 0.00651115176361 1 Albert  638.9295450850001 0.065 0.484899854498 1.03962188962 1 1 1 0.31 1
231 4 6 0 0 11.2815 0.5 1.54654693604 0.00692504641693 1 Albert  641.5728893869999 0.065 0.288675584697 1.03962188962 1 1 1 0.31 0
232 3 4.5 0 0 8.3385 0.5 1.56498599052 0.0104237614695 1 Albert  644.2309312599999 0.065 0.295029074962 1.05456222905 1 1 1 0.31 0
233 4 4.5 0 0 11.2815 0.5 1.27559614182 -0.00853054514653 1 Albert  646.898669905 0.065 0.230492176911 0.784126686962 1 1 1 0.31 0
234 4 4.5 0 0 12.753 0.5 1.20573687553 0.0107221384067 1 Albert  649.282966952 0.065 0.198158453668 0.695014737127 1 1 1 0.31 0
235 3 4.5 0 1 12.753 0.5 1.24657297134 0.0515582342166 1 Albert  651.598265726 0.065 0.337245373562 0.695014737127 1 1 1 0.31 1
236 3 4.5 0 1 6.867 0.5 1.63791203499 -0.136418839831 1 Albert  653.9573945399999 0.065 0.588975076942 1.27433087482 1 1 1 0.31 1
237 4 6 0 1 6.867 0.5 2.15468883514 -0.0290681524315 1 Albert  656.693901841 0.065 0.83189931432 1.68375698758 1 1 1 0.31 1
238 4 4.5 0 1 8.3385 0.5 1.55841898918 0.00385676012676 1 Albert  659.9507161519999 0.065 0.47996380535 1.05456222905 1 1 1 0.31 1
239 3 4.5 0 0 11.2815 0.5 1.30083799362 0.0167113066601 1 Albert  662.6043178430001 0.065 0.2044897767 0.784126686962 1 1 1 0.31 0
240 4 4.5 0 0 9.81 0.5 1.43079710007 0.0313431375253 1 Albert  665.012271557 0.065 0.2502848868 0.899453962542 1 1 1 0.31 0
241 3 6 0 1 8.3385 0.5 1.95719790459 0.0616825065907 1 Albert  667.535886836 0.065 0.66222162985 1.395515398 1 1 1 0.31 1
242 4 6 0 1 11.2815 0.5 1.55294799805 0.0133261084286 1 Albert  670.592453201 0.065 0.486670138321 1.03962188962 1 1 1 0.31 1
243 3 6 0 1 11.2815 0.5 1.5626847744 0.0230628847806 1 Albert  673.239648185 0.065 0.476952468719 1.03962188962 1 1 1 0.31 1
244 3 6 0 1 9.81 0.5 1.77939987183 0.0878439330842 1 Albert  675.9038069070001 0.065 0.564886509543 1.19155593874 1 1 1 0.31 1
245 3 6 0 0 12.753 0.5 1.65073513985 0.228678452024 1 Albert  678.789325304 0.065 0.249191129461 0.922056687823 1 1 1 0.31 0
246 4 6 0 0 12.753 0.5 1.58700609207 0.164949404249 1 Albert  681.556976363 0.065 0.245467897212 0.922056687823 1 1 1 0.31 0
247 3 6 0 0 8.3385 0.5 2.04935598373 0.153840585738 1 Albert  684.242786381 0.065 0.361821499389 1.395515398 1 1 1 0.31 0
248 4 4.5 0 0 8.3385 0.5 1.6138510704 0.0592888413493 1 Albert  687.387412835 0.065 0.290789073634 1.05456222905 1 1 1 0.31 0
249 4 4.5 0 0 6.867 0.5 1.82437300682 0.0500421320015 1 Albert  690.099818213 0.065 0.375768187747 1.27433087482 1 1 1 0.31 0
250 4 4.5 0 1 11.2815 0.5 1.35818910599 0.0740624190258 1 Albert  693.0309221169999 0.065 0.376091067498 0.784126686962 1 1 1 0.31 1
251 3 4.5 0 0 12.753 0.5 1.24612212181 0.0511073846835 1 Albert  695.4956883440001 0.065 0.179317209397 0.695014737127 1 1 1 0.31 0
252 4 6 0 1 8.3385 0.5 1.9396378994 0.0441225014027 1 Albert  697.839511131 0.065 0.675874867418 1.395515398 1 1 1 0.31 1
253 3 4.5 0 1 12.753 0.5 1.26932382584 0.0743090887088 1 Albert  700.90448551 0.065 0.343975067716 0.695014737127 1 1 1 0.31 1
254 4 4.5 0 0 12.753 0.5 1.20774292946 0.0127281923312 1 Albert  703.267790563 0.065 0.184777268055 0.695014737127 1 1 1 0.31 0
255 4 4.5 0 1 12.753 0.5 1.23610687256 0.0410921354312 1 Albert  705.585074471 0.065 0.335438269435 0.695014737127 1 1 1 0.31 1
256 4 4.5 0 1 6.867 0.5 1.8655230999 0.0911922250801 1 Albert  707.942413286 0.065 0.594893582545 1.27433087482 1 1 1 0.31 1
257 4 4.5 0 1 8.3385 0.5 1.76525807381 0.210695844752 1 Albert  710.9204268090001 0.065 0.510017937475 1.05456222905 1 1 1 0.31 1
258 4 6 0 0 11.2815 0.5 1.59355902672 0.0539371370999 1 Albert  713.8005447910001 0.065 0.26842466551 1.03962188962 1 1 1 0.31 0
259 4 6 0 1 6.867 0.5 2.32126498222 0.137507994648 1 Albert  716.4822198349999 0.065 0.83539730944 1.68375698758 1 1 1 0.31 1
260 3 6 0 1 12.753 0.5 1.58822798729 0.166171299467 1 Albert  719.9317629569999 0.065 0.418061061965 0.922056687823 1 1 1 0.31 1
261 4 6 0 0 8.3385 0.5 1.89736700058 0.00185160258377 1 Albert  722.6058344009999 0.065 0.3968508485 1.395515398 1 1 1 0.31 0
262 4 4.5 0 0 11.2815 0.5 1.31771802902 0.0335913420605 1 Albert  725.6011736679999 0.065 0.218327537682 0.784126686962 1 1 1 0.31 0
263 4 6 0 0 9.81 0.5 1.7089869976 0.0174310588624 1 Albert  728.029741319 0.065 0.312470845615 1.19155593874 1 1 1 0.31 0
264 3 6 0 0 11.2815 0.5 1.58314681053 0.0435249209134 1 Albert  730.842695662 0.065 0.294165124948 1.03962188962 1 1 1 0.31 0
265 4 6 0 1 12.753 0.5 1.5478849411 0.125828253278 1 Albert  733.528480864 0.065 0.441503143781 0.922056687823 1 1 1 0.31 1
266 3 4.5 0 1 8.3385 0.5 1.58176493645 0.0272027073924 1 Albert  736.1714737409999 0.065 0.483108884658 1.05456222905 1 1 1 0.31 1
267 3 6 0 0 9.81 0.5 1.80251097679 0.110955038049 1 Albert  738.883097261 0.065 0.307869513227 1.19155593874 1 1 1 0.31 0
268 3 4.5 0 0 8.3385 0.5 1.67715001106 0.122587782008 1 Albert  741.782810991 0.065 0.284834595253 1.05456222905 1 1 1 0.31 0
269 4 6 0 1 9.81 0.5 1.83379912376 0.142243185022 1 Albert  744.5600353250001 0.065 0.595275921918 1.19155593874 1 1 1 0.31 1
270 3 4.5 0 1 9.81 0.5 1.36229991913 -0.0371540434134 1 Albert  747.4936770410001 0.065 0.406064288394 0.899453962542 1 1 1 0.31 1
271 3 4.5 0 0 9.81 0.5 1.54012703896 0.140673076414 1 Albert  749.9519559669999 0.065 0.229678617364 0.899453962542 1 1 1 0.31 0
272 3 6 0 1 6.867 0.5 2.18250799179 -0.00124899578477 1 Albert  752.60335417 0.065 0.759757792736 1.68375698758 1 1 1 0.31 1
273 3 6 0 0 6.867 0.5 2.15240883827 -0.0313481493034 1 Albert  755.890989224 0.065 0.443993723562 1.68375698758 1 1 1 0.31 0
274 3 4.5 0 1 11.2815 0.5 1.44479990005 0.160673213093 1 Albert  759.161147683 0.065 0.362507585468 0.784126686962 1 1 1 0.31 1
275 3 4.5 0 0 6.867 0.5 1.81440901756 0.0400781427437 1 Albert  761.729200179 0.065 0.329457391055 1.27433087482 1 1 1 0.31 0
276 3 4.5 0 1 6.867 0.5 1.85045218468 0.076121309858 1 Albert  764.6675861739999 0.065 0.589458290337 1.27433087482 1 1 1 0.31 1
277 3 4.5 0 0 11.2815 0.5 1.37375712395 0.0896304369854 1 Albert  767.6352145459999 0.065 0.211791945897 0.784126686962 1 1 1 0.31 0
278 4 4.5 0 1 9.81 0.5 1.60508584976 0.20563188722 1 Albert  770.100367253 0.065 0.427357398684 0.899453962542 1 1 1 0.31 1
279 4 6 0 0 6.867 0.5 2.40635085106 0.222593863483 1 Albert  772.8200686819999 0.065 0.444915919878 1.68375698758 1 1 1 0.31 0
280 4 6 0 1 9.81 0.5 2.0036649704 0.312109031656 1 Albert  776.356039619 0.065 0.575361098637 1.19155593874 1 1 1 0.31 1
281 4 6 0 0 9.81 0.5 1.75812602043 0.0665700816896 1 Albert  779.4560744080001 0.065 0.31775890295 1.19155593874 1 1 1 0.31 0
282 4 6 0 1 11.2815 0.5 1.54182004929 0.00219815966766 1 Albert  782.332243377 0.065 0.478836507119 1.03962188962 1 1 1 0.31 1
283 3 4.5 0 1 11.2815 0.5 1.31801700592 0.0338903189587 1 Albert  785.001501741 0.065 0.379528224985 0.784126686962 1 1 1 0.31 1
284 4 4.5 0 1 9.81 0.5 1.42536997795 0.0259160154093 1 Albert  787.4412513399999 0.065 0.439163664018 0.899453962542 1 1 1 0.31 1
285 3 4.5 0 0 9.81 0.5 1.43968915939 0.0402351968515 1 Albert  789.963635837 0.065 0.256468487264 0.899453962542 1 1 1 0.31 0
286 4 6 0 1 8.3385 0.5 1.9864358902 0.0909204922017 1 Albert  792.515349934 0.065 0.693778981592 1.395515398 1 1 1 0.31 1
287 4 4.5 0 1 11.2815 0.5 1.34947991371 0.0653532267498 1 Albert  795.597106804 0.065 0.386618680789 0.784126686962 1 1 1 0.31 1
288 4 4.5 0 0 9.81 0.5 1.47245407104 0.0730001085031 1 Albert  798.0683370989999 0.065 0.236697328123 0.899453962542 1 1 1 0.31 0
289 4 6 0 1 12.753 0.5 1.43053984642 0.00848315859748 1 Albert  800.6566533050001 0.065 0.440192262562 0.922056687823 1 1 1 0.31 1
290 4 4.5 0 1 6.867 0.5 1.72491717339 -0.0494137014335 1 Albert  803.198857105 0.065 0.599523212214 1.27433087482 1 1 1 0.31 1
291 3 6 0 1 11.2815 0.5 1.65913200378 0.119510114166 1 Albert  806.040579376 0.065 0.474744054459 1.03962188962 1 1 1 0.31 1
292 4 4.5 0 0 11.2815 0.5 1.33004784584 0.0459211588787 1 Albert  808.830757888 0.065 0.230609226899 0.784126686962 1 1 1 0.31 0
293 4 4.5 0 1 12.753 0.5 1.31072497368 0.115710236551 1 Albert  811.244842858 0.065 0.34130292098 0.695014737127 1 1 1 0.31 1
294 3 4.5 0 1 9.81 0.5 1.395362854 -0.00409110853789 1 Albert  813.650547498 0.065 0.411282483941 0.899453962542 1 1 1 0.31 1
295 4 6 0 0 6.867 0.5 2.32076787949 0.137010891911 1 Albert  816.171279687 0.065 0.467377541566 1.68375698758 1 1 1 0.31 0
296 4 4.5 0 0 12.753 0.5 1.2577559948 0.0627412576694 1 Albert  819.5994293360001 0.065 0.193028384737 0.695014737127 1 1 1 0.31 0
297 3 4.5 0 1 12.753 0.5 1.22315502167 0.0281402845401 1 Albert  821.980764523 0.065 0.316724312661 0.695014737127 1 1 1 0.31 1
298 4 4.5 0 1 8.3385 0.5 1.51916408539 -0.0353981436666 1 Albert  824.323364191 0.065 0.495905378093 1.05456222905 1 1 1 0.31 1
299 3 4.5 0 1 6.867 0.5 1.74802994728 -0.0263009275383 1 Albert  826.95494167 0.065 0.611254285176 1.27433087482 1 1 1 0.31 1
300 4 6 0 0 11.2815 0.5 1.72320199013 0.183580100509 1 Albert  829.8077518839999 0.065 0.306216205012 1.03962188962 1 1 1 0.31 0
301 4 4.5 0 0 8.3385 0.5 1.61577582359 0.0612135945384 1 Albert  832.6433228459999 0.065 0.267644227704 1.05456222905 1 1 1 0.31 0
302 3 6 0 0 11.2815 0.5 1.6884059906 0.148784100982 1 Albert  835.3808023580001 0.065 0.290581045363 1.03962188962 1 1 1 0.31 0
303 4 6 0 0 8.3385 0.5 1.98981189728 0.0942964992818 1 Albert  838.1889138160001 0.065 0.36664082475 1.395515398 1 1 1 0.31 0
304 4 6 0 1 6.867 0.5 2.35651612282 0.172759135242 1 Albert  841.2769317379999 0.065 0.817756680344 1.68375698758 1 1 1 0.31 1
305 3 6 0 0 12.753 0.5 1.58616805077 0.164111362943 1 Albert  844.7541937039999 0.065 0.241594253836 0.922056687823 1 1 1 0.31 0
306 3 6 0 0 9.81 0.5 1.81944990158 0.127893962839 1 Albert  847.424928796 0.065 0.31003355928 1.19155593874 1 1 1 0.31 0
307 3 6 0 1 9.81 0.5 1.98502922058 0.293473281839 1 Albert  850.341073317 0.065 0.550144951163 1.19155593874 1 1 1 0.31 1
308 3 4.5 0 0 11.2815 0.5 1.53580212593 0.251675438969 1 Albert  853.4277500740001 0.065 0.224469111232 0.784126686962 1 1 1 0.31 0
309 4 6 0 0 12.753 0.5 1.57035493851 0.148298250684 1 Albert  856.064864712 0.065 0.255653373889 0.922056687823 1 1 1 0.31 0
310 3 6 0 1 6.867 0.5 2.29630088806 0.112543900486 1 Albert  858.731590089 0.065 0.788900487743 1.68375698758 1 1 1 0.31 1
311 3 4.5 0 0 6.867 0.5 1.99004101753 0.215710142713 1 Albert  862.1467553430001 0.065 0.322472361866 1.27433087482 1 1 1 0.31 0
312 4 4.5 0 0 6.867 0.5 1.82841992378 0.0540890489632 1 Albert  865.2248518330001 0.065 0.337895631025 1.27433087482 1 1 1 0.31 0
313 3 6 0 1 8.3385 0.5 2.17206096649 0.276545568496 1 Albert  868.181880359 0.065 0.686422346687 1.395515398 1 1 1 0.31 1
314 3 4.5 0 0 12.753 0.5 1.28532099724 0.0903062601108 1 Albert  871.4351007480001 0.065 0.175034746243 0.695014737127 1 1 1 0.31 0
315 3 6 0 1 12.753 0.5 1.54934620857 0.12728952075 1 Albert  873.827451298 0.065 0.429007375616 0.922056687823 1 1 1 0.31 1
316 3 6 0 0 6.867 0.5 2.29412698746 0.110369999882 1 Albert  876.4630936760001 0.065 0.466452437799 1.68375698758 1 1 1 0.31 0
317 3 4.5 0 1 8.3385 0.5 1.5678319931 0.0132697640483 1 Albert  879.8810997940001 0.065 0.520086327596 1.05456222905 1 1 1 0.31 1
318 3 4.5 0 0 8.3385 0.5 1.57203984261 0.0174776135508 1 Albert  882.566492389 0.065 0.307239455845 1.05456222905 1 1 1 0.31 0
319 3 6 0 0 8.3385 0.5 1.92261695862 0.0271015606221 1 Albert  885.234197093 0.065 0.363473885285 1.395515398 1 1 1 0.31 0
