trial vx vy vz LongOcclusion g timeStill rTime TemporalError environment id pupiltime IOD OccludedTimeOfTrajectory FlightDuration Drag DragFirst block accuracy LongOcclusion
0 4 4.5 0 0 11.2815 0.5 4.05470204353 2.77057535657 1 Albert  2.2071148829998037 0.065 0.23479241196 0.784126686962 1 1 2 0.31 0
1 4 4.5 0 1 11.2815 0.5 1.39819097519 0.114064288227 1 Albert  7.351096633999987 0.065 0.356205977981 0.784126686962 1 1 2 0.31 1
2 4 6 0 1 11.2815 0.5 1.66004514694 0.120423257324 1 Albert  9.86431041999981 0.065 0.505535564353 1.03962188962 1 1 2 0.31 1
3 3 6 0 1 12.753 0.5 1.51787114143 0.0958144536109 1 Albert  12.639144075999866 0.065 0.439918361 0.922056687823 1 1 2 0.31 1
4 4 4.5 0 1 9.81 0.5 1.41257810593 0.0131241433847 1 Albert  15.280960496999796 0.065 0.417304642539 0.899453962542 1 1 2 0.31 1
5 3 4.5 0 1 12.753 0.5 1.29435491562 0.0993401784915 1 Albert  17.790300925999873 0.065 0.344456964366 0.695014737127 1 1 2 0.31 1
6 4 4.5 0 0 8.3385 0.5 1.62275099754 0.0681887684886 1 Albert  20.206612883999924 0.065 0.276229022479 1.05456222905 1 1 2 0.31 0
7 3 4.5 0 1 11.2815 0.5 1.32561206818 0.0414853812146 1 Albert  22.94037113299987 0.065 0.356969669288 0.784126686962 1 1 2 0.31 1
8 4 6 0 0 9.81 0.5 1.8026330471 0.111077108362 1 Albert  25.38891906899994 0.065 0.33450219119 1.19155593874 1 1 2 0.31 0
9 3 4.5 0 0 8.3385 0.5 1.62317705154 0.0686148224894 1 Albert  28.315778694999835 0.065 0.315738927654 1.05456222905 1 1 2 0.31 0
10 4 6 0 1 8.3385 0.5 1.96244001389 0.0669246158894 1 Albert  31.052936144999876 0.065 0.670650011121 1.395515398 1 1 2 0.31 1
11 4 4.5 0 0 9.81 0.5 1.41727805138 0.0178240888345 1 Albert  34.12057168599995 0.065 0.244585197573 0.899453962542 1 1 2 0.31 0
12 4 6 0 1 12.753 0.5 1.53409790993 0.112041222105 1 Albert  36.65723029499986 0.065 0.459504631368 0.922056687823 1 1 2 0.31 1
13 4 6 0 0 8.3385 0.5 2.04920387268 0.153688474685 1 Albert  39.299909081999886 0.065 0.383056447994 1.395515398 1 1 2 0.31 0
14 4 4.5 0 1 6.867 0.5 2.03186511993 0.257534245115 1 Albert  42.475694805999865 0.065 0.633466983909 1.27433087482 1 1 2 0.31 1
15 3 6 0 0 12.753 0.5 1.51382994652 0.0917732586951 1 Albert  45.63269079099996 0.065 0.241197985882 0.922056687823 1 1 2 0.31 0
16 3 4.5 0 0 6.867 0.5 1.75909495354 -0.0152359212822 1 Albert  48.22859759399989 0.065 0.381246102521 1.27433087482 1 1 2 0.31 0
17 3 6 0 1 6.867 0.5 2.15528893471 -0.0284680528679 1 Albert  51.09450513799993 0.065 0.77054059809 1.68375698758 1 1 2 0.31 1
18 4 6 0 0 11.2815 0.5 1.74005007744 0.20042818782 1 Albert  54.36942162599985 0.065 0.310633672897 1.03962188962 1 1 2 0.31 0
19 4 6 0 1 6.867 0.5 2.31514596939 0.131388981815 1 Albert  57.240373052999985 0.065 0.82910578826 1.68375698758 1 1 2 0.31 1
20 3 6 0 1 11.2815 0.5 1.6680700779 0.128448188278 1 Albert  60.67989671999999 0.065 0.496404011442 1.03962188962 1 1 2 0.31 1
21 4 4.5 0 0 12.753 0.5 1.27348208427 0.0784673471469 1 Albert  63.477810656999964 0.065 0.190516872785 0.695014737127 1 1 2 0.31 0
22 3 4.5 0 1 9.81 0.5 1.55181598663 0.152362024092 1 Albert  65.84668866399988 0.065 0.406126044819 0.899453962542 1 1 2 0.31 1
23 3 4.5 0 0 9.81 0.5 1.47186589241 0.0724119298685 1 Albert  68.48729069699993 0.065 0.232642825442 0.899453962542 1 1 2 0.31 0
24 3 4.5 0 0 11.2815 0.5 1.31048488617 0.0263581992077 1 Albert  71.0635156809999 0.065 0.201114301455 0.784126686962 1 1 2 0.31 0
25 3 6 0 0 8.3385 0.5 1.89340209961 -0.00211329838669 1 Albert  73.46901544899993 0.065 0.379335460364 1.395515398 1 1 2 0.31 0
26 4 4.5 0 1 8.3385 0.5 1.54757905006 -0.00698317899068 1 Albert  76.45627609799999 0.065 0.500240042292 1.05456222905 1 1 2 0.31 1
27 4 4.5 0 1 12.753 0.5 1.20844602585 0.013431288721 1 Albert  79.1337575839998 0.065 0.325798586576 0.695014737127 1 1 2 0.31 1
28 3 6 0 1 8.3385 0.5 1.90840816498 0.012892766982 1 Albert  81.4292126979999 0.065 0.630708678882 1.395515398 1 1 2 0.31 1
29 3 4.5 0 1 6.867 0.5 1.71754407883 -0.0567867959923 1 Albert  84.43752187699988 0.065 0.58913707893 1.27433087482 1 1 2 0.31 1
30 3 6 0 0 11.2815 0.5 1.55850887299 0.0188869833676 1 Albert  87.26487233499984 0.065 0.284468741998 1.03962188962 1 1 2 0.31 0
31 3 6 0 1 9.81 0.5 1.72008800507 0.028532066324 1 Albert  89.90876275999995 0.065 0.585729078547 1.19155593874 1 1 2 0.31 1
32 3 6 0 0 6.867 0.5 2.37207603455 0.18831904697 1 Albert  92.74679478299981 0.065 0.466944851231 1.68375698758 1 1 2 0.31 0
33 4 6 0 1 9.81 0.5 1.81253504753 0.120979108789 1 Albert  96.2989582319999 0.065 0.552717927969 1.19155593874 1 1 2 0.31 1
34 4 4.5 0 0 6.867 0.5 1.76749205589 -0.00683881892622 1 Albert  99.15675343899989 0.065 0.354051759294 1.27433087482 1 1 2 0.31 0
35 3 6 0 0 9.81 0.5 1.73376989365 0.0422139549043 1 Albert  102.03617984599987 0.065 0.310384764684 1.19155593874 1 1 2 0.31 0
36 4 6 0 0 12.753 0.5 1.41697096825 -0.00508571957635 1 Albert  104.86391669 0.065 0.275646960638 0.922056687823 1 1 2 0.31 0
37 3 4.5 0 0 12.753 0.5 1.26627707481 0.0712623376864 1 Albert  107.39207878699995 0.065 0.199895113865 0.695014737127 1 1 2 0.31 0
38 4 6 0 0 6.867 0.5 2.26085495949 0.0770979719124 1 Albert  109.75543402999983 0.065 0.492761681189 1.68375698758 1 1 2 0.31 0
39 3 4.5 0 1 8.3385 0.5 1.51387810707 -0.0406841219838 1 Albert  113.11606800799996 0.065 0.50937802537 1.05456222905 1 1 2 0.31 1
40 4 4.5 0 0 11.2815 0.5 1.30530405045 0.0211773634838 1 Albert  115.75386476199992 0.065 0.228415227705 0.784126686962 1 1 2 0.31 0
41 4 6 0 0 9.81 0.5 1.6331140995 -0.0584418392394 1 Albert  118.15753950999988 0.065 0.341704040773 1.19155593874 1 1 2 0.31 0
42 4 4.5 0 0 12.753 0.5 1.16963100433 -0.0253837327939 1 Albert  120.91664429299999 0.065 0.174027213579 0.695014737127 1 1 2 0.31 0
43 4 4.5 0 1 9.81 0.5 1.3219370842 -0.0775168783438 1 Albert  123.19170225099992 0.065 0.442410812619 0.899453962542 1 1 2 0.31 1
44 3 6 0 1 11.2815 0.5 1.51400208473 -0.0256198048862 1 Albert  125.63054241399982 0.065 0.476817648982 1.03962188962 1 1 2 0.31 1
45 3 4.5 0 0 9.81 0.5 1.42908000946 0.0296260469187 1 Albert  128.242470486 0.065 0.258503336553 0.899453962542 1 1 2 0.31 0
46 3 4.5 0 1 8.3385 0.5 1.53411102295 -0.0204512061055 1 Albert  130.7818167649998 0.065 0.49392861607 1.05456222905 1 1 2 0.31 1
47 3 4.5 0 1 11.2815 0.5 1.29702687263 0.0129001856732 1 Albert  133.40787640299982 0.065 0.363676633459 0.784126686962 1 1 2 0.31 1
48 4 4.5 0 0 8.3385 0.5 1.55819010735 0.00362787829082 1 Albert  135.80992842799992 0.065 0.28588227603 1.05456222905 1 1 2 0.31 0
49 3 4.5 0 1 9.81 0.5 1.38084197044 -0.0186119920981 1 Albert  138.47049886399986 0.065 0.414457787711 0.899453962542 1 1 2 0.31 1
50 3 4.5 0 1 6.867 0.5 1.79289722443 0.0185663496071 1 Albert  140.96103813599984 0.065 0.63584856553 1.27433087482 1 1 2 0.31 1
51 4 6 0 1 12.753 0.5 1.50456690788 0.0825102200599 1 Albert  143.87053819999983 0.065 0.443213625401 0.922056687823 1 1 2 0.31 1
52 3 6 0 1 9.81 0.5 1.66442990303 -0.0271260357116 1 Albert  146.50474761299984 0.065 0.57162113776 1.19155593874 1 1 2 0.31 1
53 4 6 0 0 12.753 0.5 1.50308394432 0.0810272564979 1 Albert  149.27670674299998 0.065 0.241132934913 0.922056687823 1 1 2 0.31 0
54 4 6 0 1 9.81 0.5 1.69141721725 -0.000138721487325 1 Albert  151.8793832289998 0.065 0.574180505796 1.19155593874 1 1 2 0.31 1
55 4 4.5 0 0 9.81 0.5 1.40849804878 0.00904408624055 1 Albert  154.70997773199997 0.065 0.22606464269 0.899453962542 1 1 2 0.31 0
56 3 6 0 0 9.81 0.5 1.74951195717 0.0579560184266 1 Albert  157.20354866399998 0.065 0.298659808732 1.19155593874 1 1 2 0.31 0
57 4 4.5 0 1 12.753 0.5 1.2558119297 0.0607971925754 1 Albert  160.07266123299996 0.065 0.342963182054 0.695014737127 1 1 2 0.31 1
58 3 6 0 1 12.753 0.5 1.48149895668 0.0594422688575 1 Albert  162.44678556199983 0.065 0.423765924326 0.922056687823 1 1 2 0.31 1
59 4 6 0 1 11.2815 0.5 1.54708099365 0.00745910403411 1 Albert  165.05945878199987 0.065 0.473798011688 1.03962188962 1 1 2 0.31 1
60 4 4.5 0 1 8.3385 0.5 1.64322185516 0.0886596261088 1 Albert  167.7226548619999 0.065 0.51284128122 1.05456222905 1 1 2 0.31 1
61 4 4.5 0 1 6.867 0.5 1.67365288734 -0.100677987475 1 Albert  170.48237642999993 0.065 0.601423591765 1.27433087482 1 1 2 0.31 1
62 3 4.5 0 0 12.753 0.5 1.22676801682 0.0317532796878 1 Albert  173.26002608 0.065 0.17992563565 0.695014737127 1 1 2 0.31 0
63 4 4.5 0 1 11.2815 0.5 1.29519510269 0.0110684157299 1 Albert  175.60495151299983 0.065 0.359329372017 0.784126686962 1 1 2 0.31 1
64 3 4.5 0 0 11.2815 0.5 1.33222198486 0.0480952979016 1 Albert  178.00251732799984 0.065 0.233019743692 0.784126686962 1 1 2 0.31 0
65 4 6 0 0 11.2815 0.5 1.59362888336 0.0540069937436 1 Albert  180.420985105 0.065 0.263883462043 1.03962188962 1 1 2 0.31 0
66 3 4.5 0 0 8.3385 0.5 1.54602503777 -0.00853719128926 1 Albert  183.14453685499984 0.065 0.264562693954 1.05456222905 1 1 2 0.31 0
67 4 6 0 1 6.867 0.5 2.25966501236 0.0759080247841 1 Albert  185.819460532 0.065 0.835142865468 1.68375698758 1 1 2 0.31 1
68 3 6 0 1 8.3385 0.5 2.00612688065 0.11061148265 1 Albert  189.21086759699983 0.065 0.641595278149 1.395515398 1 1 2 0.31 1
69 4 4.5 0 0 6.867 0.5 2.01974201202 0.245411137205 1 Albert  192.33054100899994 0.065 0.331813920554 1.27433087482 1 1 2 0.31 0
70 3 6 0 1 6.867 0.5 2.33028697968 0.1465299921 1 Albert  195.47630778799999 0.065 0.790118341475 1.68375698758 1 1 2 0.31 1
71 4 6 0 0 6.867 0.5 2.46615505219 0.28239806461 1 Albert  198.92917982099993 0.065 0.446231495824 1.68375698758 1 1 2 0.31 0
72 3 6 0 0 8.3385 0.5 2.10479283333 0.209277435332 1 Albert  202.50497841399988 0.065 0.399671615244 1.395515398 1 1 2 0.31 0
73 4 6 0 0 8.3385 0.5 2.12018895149 0.224673553496 1 Albert  205.73262022199992 0.065 0.379963040559 1.395515398 1 1 2 0.31 0
74 3 6 0 0 6.867 0.5 2.27554583549 0.0917888479195 1 Albert  208.95654170099988 0.065 0.494966224841 1.68375698758 1 1 2 0.31 0
75 4 6 0 1 8.3385 0.5 1.9509241581 0.0554087601002 1 Albert  212.33634814099992 0.065 0.697748816963 1.395515398 1 1 2 0.31 1
76 3 6 0 0 12.753 0.5 1.51139092445 0.0893342366309 1 Albert  215.40063698999984 0.065 0.245858636055 0.922056687823 1 1 2 0.31 0
77 3 4.5 0 1 12.753 0.5 1.23243403435 0.0374192972201 1 Albert  218.01719288699996 0.065 0.31329095352 0.695014737127 1 1 2 0.31 1
78 3 6 0 0 11.2815 0.5 1.57410311699 0.0344812273709 1 Albert  220.35907336299988 0.065 0.260429049472 1.03962188962 1 1 2 0.31 0
79 3 4.5 0 0 6.867 0.5 1.75639200211 -0.0179388727135 1 Albert  223.03021068099997 0.065 0.351784366587 1.27433087482 1 1 2 0.31 0
80 3 6 0 1 12.753 0.5 1.3935110569 -0.0285456309228 1 Albert  225.902739289 0.065 0.426807916647 0.922056687823 1 1 2 0.31 1
81 3 6 0 0 6.867 0.5 2.28412604332 0.100369055744 1 Albert  228.41630665699995 0.065 0.423083312663 1.68375698758 1 1 2 0.31 0
82 3 4.5 0 1 8.3385 0.5 1.56815695763 0.0135947285716 1 Albert  231.81507270399993 0.065 0.522190054439 1.05456222905 1 1 2 0.31 1
83 3 6 0 1 9.81 0.5 1.7195827961 0.0280268573548 1 Albert  234.49370781999983 0.065 0.585797208164 1.19155593874 1 1 2 0.31 1
84 4 4.5 0 1 9.81 0.5 1.40888190269 0.00942794015291 1 Albert  237.33428872299987 0.065 0.406636237414 0.899453962542 1 1 2 0.31 1
85 3 4.5 0 1 11.2815 0.5 1.36582398415 0.0816972971844 1 Albert  239.86288642399995 0.065 0.353247306803 0.784126686962 1 1 2 0.31 1
86 4 6 0 1 8.3385 0.5 1.92793488503 0.032419487029 1 Albert  242.35602270999993 0.065 0.663536703386 1.395515398 1 1 2 0.31 1
87 4 4.5 0 0 12.753 0.5 1.23713493347 0.0421201963443 1 Albert  245.38236260299982 0.065 0.187575142389 0.695014737127 1 1 2 0.31 0
88 3 6 0 0 12.753 0.5 1.46221113205 0.0401544442268 1 Albert  247.71019242499983 0.065 0.261414200573 0.922056687823 1 1 2 0.31 0
89 4 6 0 0 11.2815 0.5 1.65201807022 0.112396180603 1 Albert  250.30059041699997 0.065 0.272784308331 1.03962188962 1 1 2 0.31 0
90 3 4.5 0 0 8.3385 0.5 1.58005213737 0.0254899083201 1 Albert  253.0681937239999 0.065 0.282559416545 1.05456222905 1 1 2 0.31 0
91 4 4.5 0 0 11.2815 0.5 1.32721686363 0.0430901766705 1 Albert  255.7686548889999 0.065 0.209856438959 0.784126686962 1 1 2 0.31 0
92 4 6 0 1 12.753 0.5 1.48331689835 0.0612602105231 1 Albert  258.22257696999986 0.065 0.419908580668 0.922056687823 1 1 2 0.31 1
93 4 6 0 1 6.867 0.5 2.23827719688 0.0545202093086 1 Albert  260.82995781499994 0.065 0.782144668687 1.68375698758 1 1 2 0.31 1
94 4 6 0 0 6.867 0.5 2.33569908142 0.151942093845 1 Albert  264.15830481299986 0.065 0.481215196861 1.68375698758 1 1 2 0.31 0
95 3 4.5 0 0 6.867 0.5 1.83292007446 0.0585891996437 1 Albert  267.59632661 0.065 0.334662497118 1.27433087482 1 1 2 0.31 0
96 4 6 0 0 12.753 0.5 1.4875099659 0.0654532780738 1 Albert  270.527633984 0.065 0.24761263312 0.922056687823 1 1 2 0.31 0
97 3 4.5 0 0 9.81 0.5 1.46488714218 0.0654331796396 1 Albert  273.12948795499983 0.065 0.244645341969 0.899453962542 1 1 2 0.31 0
98 3 6 0 0 11.2815 0.5 1.70597791672 0.166356027099 1 Albert  275.698728868 0.065 0.311883913315 1.03962188962 1 1 2 0.31 0
99 3 6 0 1 6.867 0.5 2.25516200066 0.0714050130806 1 Albert  278.5083266229999 0.065 0.758445063931 1.68375698758 1 1 2 0.31 1
100 3 4.5 0 1 6.867 0.5 1.87855410576 0.10422323094 1 Albert  281.866291564 0.065 0.609895643804 1.27433087482 1 1 2 0.31 1
101 4 6 0 1 11.2815 0.5 1.47795295715 -0.0616689324649 1 Albert  284.8439752229999 0.065 0.518131228161 1.03962188962 1 1 2 0.31 1
102 4 6 0 1 9.81 0.5 1.82053995132 0.128984012582 1 Albert  287.4419619329999 0.065 0.559448120674 1.19155593874 1 1 2 0.31 1
103 3 4.5 0 0 12.753 0.5 1.26782393456 0.0728091974277 1 Albert  290.3638788159999 0.065 0.190228500935 0.695014737127 1 1 2 0.31 0
104 3 4.5 0 1 9.81 0.5 1.41213202477 0.0126780622232 1 Albert  292.7515926579997 0.065 0.420480512922 0.899453962542 1 1 2 0.31 1
105 3 6 0 0 8.3385 0.5 2.02015209198 0.124636693984 1 Albert  295.26343630299993 0.065 0.372745291389 1.395515398 1 1 2 0.31 0
106 3 6 0 0 9.81 0.5 1.87930703163 0.18775109289 1 Albert  298.3682697460001 0.065 0.350387852282 1.19155593874 1 1 2 0.31 0
107 4 6 0 0 8.3385 0.5 2.08049607277 0.184980674773 1 Albert  301.3725780090001 0.065 0.399818267031 1.395515398 1 1 2 0.31 0
108 4 4.5 0 1 6.867 0.5 1.71552395821 -0.058806916613 1 Albert  304.57122469399997 0.065 0.608918356605 1.27433087482 1 1 2 0.31 1
109 4 6 0 0 9.81 0.5 2.07151508331 0.379959144571 1 Albert  307.39193139999975 0.065 0.307826856636 1.19155593874 1 1 2 0.31 0
110 4 4.5 0 0 6.867 0.5 1.83123898506 0.0569081102425 1 Albert  310.59328821099984 0.065 0.357509684373 1.27433087482 1 1 2 0.31 0
111 4 4.5 0 1 11.2815 0.5 1.35222315788 0.068096470921 1 Albert  313.53894040499995 0.065 0.369809550342 0.784126686962 1 1 2 0.31 1
112 3 6 0 1 8.3385 0.5 1.88811612129 -0.00739927670395 1 Albert  315.98953706999987 0.065 0.694364004661 1.395515398 1 1 2 0.31 1
113 3 4.5 0 0 11.2815 0.5 1.35934782028 0.0752211333203 1 Albert  318.9786243420001 0.065 0.208636891053 0.784126686962 1 1 2 0.31 0
114 4 4.5 0 0 8.3385 0.5 1.52352786064 -0.0310343684133 1 Albert  321.4468753489998 0.065 0.265297291873 1.05456222905 1 1 2 0.31 0
115 3 4.5 0 1 12.753 0.5 1.26347398758 0.0684592504519 1 Albert  324.0961413499997 0.065 0.330272076334 0.695014737127 1 1 2 0.31 1
116 4 4.5 0 0 9.81 0.5 1.45671796799 0.0572640054453 1 Albert  326.45647333700003 0.065 0.238934949382 0.899453962542 1 1 2 0.31 0
117 4 4.5 0 1 12.753 0.5 1.2874109745 0.0923962373752 1 Albert  329.02550098300003 0.065 0.314411247488 0.695014737127 1 1 2 0.31 1
118 4 4.5 0 1 8.3385 0.5 1.55784392357 0.00328169451396 1 Albert  331.42761515300003 0.065 0.497328296217 1.05456222905 1 1 2 0.31 1
119 3 6 0 1 11.2815 0.5 1.58366990089 0.0440480112759 1 Albert  334.08392067499994 0.065 0.478809468214 1.03962188962 1 1 2 0.31 1
120 3 4.5 0 1 9.81 0.5 1.3871781826 -0.0122757799399 1 Albert  336.7811082999999 0.065 0.415515105456 0.899453962542 1 1 2 0.31 1
121 4 4.5 0 1 12.753 0.5 1.33424305916 0.139228322031 1 Albert  339.27944717900004 0.065 0.347042009804 0.695014737127 1 1 2 0.31 1
122 4 6 0 0 8.3385 0.5 1.92343401909 0.0279186210927 1 Albert  341.71659608999994 0.065 0.401128870346 1.395515398 1 1 2 0.31 0
123 4 4.5 0 0 6.867 0.5 1.76757693291 -0.00675394191206 1 Albert  344.73980113899984 0.065 0.363010818046 1.27433087482 1 1 2 0.31 0
124 4 6 0 1 6.867 0.5 2.37953996658 0.195782979008 1 Albert  347.6090583990001 0.065 0.786991511985 1.68375698758 1 1 2 0.31 1
125 3 6 0 0 9.81 0.5 1.67739295959 -0.0141629791472 1 Albert  351.08603263300006 0.065 0.347338786065 1.19155593874 1 1 2 0.31 0
126 4 4.5 0 0 8.3385 0.5 1.60470509529 0.0501428662364 1 Albert  353.8654359509999 0.065 0.285304662641 1.05456222905 1 1 2 0.31 0
127 3 6 0 1 6.867 0.5 2.38115692139 0.197399933811 1 Albert  356.57107268799996 0.065 0.813398732654 1.68375698758 1 1 2 0.31 1
128 3 4.5 0 1 6.867 0.5 1.89040207863 0.116071203809 1 Albert  360.0770373959997 0.065 0.619126973285 1.27433087482 1 1 2 0.31 1
129 3 6 0 0 11.2815 0.5 1.70092606544 0.161304175827 1 Albert  363.06272742199985 0.065 0.272557530049 1.03962188962 1 1 2 0.31 0
130 3 6 0 1 11.2815 0.5 1.66138505936 0.121763169738 1 Albert  365.8662982489998 0.065 0.476353324871 1.03962188962 1 1 2 0.31 1
131 4 6 0 1 12.753 0.5 1.67564320564 0.25358651782 1 Albert  368.62336228499976 0.065 0.442493448087 0.922056687823 1 1 2 0.31 1
132 4 4.5 0 1 9.81 0.5 1.4206969738 0.0212430112589 1 Albert  371.4067836329998 0.065 0.41060821114 0.899453962542 1 1 2 0.31 1
133 4 4.5 0 1 6.867 0.5 1.68105006218 -0.0932808126396 1 Albert  373.937129314 0.065 0.625939870434 1.27433087482 1 1 2 0.31 1
134 3 6 0 0 8.3385 0.5 2.03604102135 0.140525623351 1 Albert  376.73777325900005 0.065 0.388322952826 1.395515398 1 1 2 0.31 0
135 3 4.5 0 1 11.2815 0.5 1.32151389122 0.0373872042584 1 Albert  379.8717292419999 0.065 0.370352568889 0.784126686962 1 1 2 0.31 1
136 3 4.5 0 1 8.3385 0.5 1.60435700417 0.0497947751109 1 Albert  382.2961177330001 0.065 0.486497066222 1.05456222905 1 1 2 0.31 1
137 3 4.5 0 1 12.753 0.5 1.33342885971 0.138414122583 1 Albert  385.00447993700004 0.065 0.323277407019 0.695014737127 1 1 2 0.31 1
138 3 4.5 0 0 11.2815 0.5 1.22702503204 -0.0571016549183 1 Albert  387.44913260299995 0.065 0.212097801453 0.784126686962 1 1 2 0.31 0
139 4 4.5 0 0 11.2815 0.5 1.4741089344 0.189982247441 1 Albert  389.78832011200006 0.065 0.209918758457 0.784126686962 1 1 2 0.31 0
140 4 6 0 1 9.81 0.5 1.76194691658 0.0703909778382 1 Albert  392.362559293 0.065 0.540518399631 1.19155593874 1 1 2 0.31 1
141 4 6 0 1 8.3385 0.5 1.93811011314 0.0425947151479 1 Albert  395.2287325300001 0.065 0.666922362971 1.395515398 1 1 2 0.31 1
142 3 4.5 0 0 12.753 0.5 1.25172305107 0.0567083139438 1 Albert  398.2819894490001 0.065 0.185371965348 0.695014737127 1 1 2 0.31 0
143 4 4.5 0 0 12.753 0.5 1.28572702408 0.090712286951 1 Albert  400.65274895900006 0.065 0.178475528607 0.695014737127 1 1 2 0.31 0
144 3 4.5 0 0 9.81 0.5 1.45146107674 0.0520071141947 1 Albert  403.047986971 0.065 0.2472811724 0.899453962542 1 1 2 0.31 0
145 4 4.5 0 1 11.2815 0.5 1.35604596138 0.0719192744183 1 Albert  405.5814851309999 0.065 0.388518965313 0.784126686962 1 1 2 0.31 1
146 3 6 0 1 8.3385 0.5 1.93102884293 0.03551344493 1 Albert  408.04501035 0.065 0.693150997453 1.395515398 1 1 2 0.31 1
147 3 6 0 1 12.753 0.5 1.4665119648 0.0444552769752 1 Albert  411.10353764299975 0.065 0.423810375767 0.922056687823 1 1 2 0.31 1
148 4 6 0 0 9.81 0.5 1.8382370472 0.146681108453 1 Albert  413.6827084700001 0.065 0.330904416024 1.19155593874 1 1 2 0.31 0
149 3 4.5 0 0 8.3385 0.5 1.63349986076 0.0789376317088 1 Albert  416.61345610600006 0.065 0.282556620237 1.05456222905 1 1 2 0.31 0
150 3 6 0 1 9.81 0.5 1.79895496368 0.107399024942 1 Albert  419.3532200379998 0.065 0.593985344014 1.19155593874 1 1 2 0.31 1
151 3 6 0 0 12.753 0.5 1.52538895607 0.103332268247 1 Albert  422.25443861200006 0.065 0.235340493099 0.922056687823 1 1 2 0.31 0
152 4 6 0 0 6.867 0.5 2.29274106026 0.108984072681 1 Albert  424.90068878399984 0.065 0.466479563686 1.68375698758 1 1 2 0.31 0
153 4 6 0 0 11.2815 0.5 1.58185315132 0.0422312617032 1 Albert  428.2951576099997 0.065 0.308221698186 1.03962188962 1 1 2 0.31 0
154 3 4.5 0 0 6.867 0.5 1.80102396011 0.0266930852944 1 Albert  430.96745550599985 0.065 0.357825623195 1.27433087482 1 1 2 0.31 0
155 4 4.5 0 0 9.81 0.5 1.2395298481 -0.159924114443 1 Albert  433.88365842300004 0.065 0.234725030085 0.899453962542 1 1 2 0.31 0
156 4 6 0 1 11.2815 0.5 1.60623216629 0.0666102766721 1 Albert  436.2121853880001 0.065 0.51082995993 1.03962188962 1 1 2 0.31 1
157 4 4.5 0 1 8.3385 0.5 1.65465283394 0.100090604884 1 Albert  438.91146953099974 0.065 0.508364566902 1.05456222905 1 1 2 0.31 1
158 4 6 0 0 12.753 0.5 1.55720686913 0.135150181303 1 Albert  441.697625214 0.065 0.273221914531 0.922056687823 1 1 2 0.31 0
159 3 6 0 0 6.867 0.5 2.37075781822 0.187000830647 1 Albert  444.80096386699984 0.065 0.476811388473 1.68375698758 1 1 2 0.31 0
160 4 6 0 1 8.3385 0.5 1.96525406837 0.0697386703786 1 Albert  447.82466905199976 0.065 0.661311115491 1.395515398 1 1 2 0.31 1
161 4 4.5 0 1 6.867 0.5 2.02514910698 0.25081823216 1 Albert  450.906432733 0.065 0.595515689012 1.27433087482 1 1 2 0.31 1
162 4 6 0 0 6.867 0.5 2.18080592155 -0.00295106602097 1 Albert  454.048189418 0.065 0.438401784075 1.68375698758 1 1 2 0.31 0
163 3 6 0 1 9.81 0.5 1.74750089645 0.0559449577119 1 Albert  457.33567698799993 0.065 0.590778144462 1.19155593874 1 1 2 0.31 1
164 3 4.5 0 1 12.753 0.5 1.3049800396 0.109965302469 1 Albert  460.181608867 0.065 0.331609180227 0.695014737127 1 1 2 0.31 1
165 4 6 0 0 9.81 0.5 1.87721300125 0.185657062509 1 Albert  462.5949105259999 0.065 0.352539682624 1.19155593874 1 1 2 0.31 0
166 3 6 0 0 11.2815 0.5 1.64941096306 0.10978907344 1 Albert  465.56174940100004 0.065 0.267510732692 1.03962188962 1 1 2 0.31 0
167 3 6 0 0 8.3385 0.5 1.89136004448 -0.00415535351669 1 Albert  468.2590382279998 0.065 0.368842162651 1.395515398 1 1 2 0.31 0
168 3 4.5 0 1 8.3385 0.5 1.43216300011 -0.122399228948 1 Albert  471.26282079099997 0.065 0.511647821112 1.05456222905 1 1 2 0.31 1
169 4 4.5 0 1 12.753 0.5 1.24100804329 0.0459933061618 1 Albert  473.7938171539997 0.065 0.328674127232 0.695014737127 1 1 2 0.31 1
170 4 4.5 0 0 9.81 0.5 1.39554905891 -0.00390490362761 1 Albert  476.1387367159998 0.065 0.253474056045 0.899453962542 1 1 2 0.31 0
171 3 4.5 0 0 8.3385 0.5 1.54707193375 -0.00749029530843 1 Albert  478.63229044800005 0.065 0.2802058041 1.05456222905 1 1 2 0.31 0
172 4 6 0 1 6.867 0.5 2.21458911896 0.030832131382 1 Albert  481.27711817299974 0.065 0.787654387812 1.68375698758 1 1 2 0.31 1
173 3 4.5 0 1 11.2815 0.5 1.28968095779 0.00555427083247 1 Albert  484.584657399 0.065 0.36662349988 0.784126686962 1 1 2 0.31 1
174 4 4.5 0 1 9.81 0.5 1.29739379883 -0.102060163714 1 Albert  486.9864968469999 0.065 0.446251314002 0.899453962542 1 1 2 0.31 1
175 3 6 0 1 12.753 0.5 1.38253092766 -0.0395257601647 1 Albert  489.40948133200004 0.065 0.418686438974 0.922056687823 1 1 2 0.31 1
176 3 4.5 0 0 11.2815 0.5 1.29808115959 0.01395447263 1 Albert  491.9176186889997 0.065 0.22602605519 0.784126686962 1 1 2 0.31 0
177 3 4.5 0 1 9.81 0.5 1.3903131485 -0.00914081404326 1 Albert  494.3123286540001 0.065 0.431530472159 0.899453962542 1 1 2 0.31 1
178 4 4.5 0 0 8.3385 0.5 1.55930709839 0.00474486933391 1 Albert  496.83215638199977 0.065 0.282959156571 1.05456222905 1 1 2 0.31 0
179 4 4.5 0 1 8.3385 0.5 1.56852412224 0.0139618931834 1 Albert  499.47843792699973 0.065 0.527139570749 1.05456222905 1 1 2 0.31 1
180 4 4.5 0 1 11.2815 0.5 1.29634904861 0.0122223616528 1 Albert  502.17465712299986 0.065 0.356443210013 0.784126686962 1 1 2 0.31 1
181 3 6 0 0 12.753 0.5 1.43002510071 0.0079684128852 1 Albert  504.5804374239999 0.065 0.242298011445 0.922056687823 1 1 2 0.31 0
182 4 6 0 1 9.81 0.5 1.64861011505 -0.0429458236907 1 Albert  507.0896193589999 0.065 0.542529277493 1.19155593874 1 1 2 0.31 1
183 4 6 0 1 12.753 0.5 1.4598531723 0.0377964844794 1 Albert  509.8616916999997 0.065 0.42242770247 0.922056687823 1 1 2 0.31 1
184 3 6 0 1 8.3385 0.5 1.9208509922 0.0253355942067 1 Albert  512.4350445469997 0.065 0.651169665678 1.395515398 1 1 2 0.31 1
185 3 4.5 0 0 6.867 0.5 1.78573417664 0.0114033018166 1 Albert  515.4782434779997 0.065 0.340622838058 1.27433087482 1 1 2 0.31 0
186 4 4.5 0 0 12.753 0.5 1.25729584694 0.0622811098117 1 Albert  518.3520068169998 0.065 0.173939425407 0.695014737127 1 1 2 0.31 0
187 3 4.5 0 0 12.753 0.5 1.20294380188 0.00792906475248 1 Albert  520.7042522609997 0.065 0.192977948075 0.695014737127 1 1 2 0.31 0
188 4 4.5 0 0 11.2815 0.5 1.2966170311 0.0124903441357 1 Albert  523.0314459919998 0.065 0.226502474518 0.784126686962 1 1 2 0.31 0
189 4 6 0 1 11.2815 0.5 1.61923694611 0.0796150564877 1 Albert  525.4542066619999 0.065 0.488115283211 1.03962188962 1 1 2 0.31 1
190 4 6 0 0 12.753 0.5 1.42872190475 0.00666521693183 1 Albert  528.175009197 0.065 0.264559149619 0.922056687823 1 1 2 0.31 0
191 3 6 0 1 11.2815 0.5 1.61053991318 0.0709180235593 1 Albert  530.712093759 0.065 0.482992750349 1.03962188962 1 1 2 0.31 1
192 3 4.5 0 1 6.867 0.5 2.15766716003 0.383336285215 1 Albert  533.4400593939997 0.065 0.591234598476 1.27433087482 1 1 2 0.31 1
193 3 6 0 0 9.81 0.5 1.67448806763 -0.017067871115 1 Albert  536.6952859800001 0.065 0.315577286918 1.19155593874 1 1 2 0.31 0
194 3 6 0 1 6.867 0.5 2.10665798187 -0.077099005703 1 Albert  539.4966803330001 0.065 0.757911400706 1.68375698758 1 1 2 0.31 1
195 4 6 0 0 11.2815 0.5 1.556194067 0.0165721773831 1 Albert  542.6990716970001 0.065 0.283943326034 1.03962188962 1 1 2 0.31 0
196 4 6 0 0 8.3385 0.5 1.82686185837 -0.0686535396281 1 Albert  545.374545122 0.065 0.410970401194 1.395515398 1 1 2 0.31 0
197 3 6 0 0 6.867 0.5 2.13195610046 -0.0518008871117 1 Albert  548.3233238979999 0.065 0.452270941527 1.68375698758 1 1 2 0.31 0
198 4 4.5 0 0 6.867 0.5 1.92972898483 0.155398110014 1 Albert  551.5716750959998 0.065 0.372205597954 1.27433087482 1 1 2 0.31 0
199 3 4.5 0 0 9.81 0.5 1.40487885475 0.00542489220979 1 Albert  554.6024329169998 0.065 0.246875919178 0.899453962542 1 1 2 0.31 0
200 4 4.5 0 1 6.867 0.5 1.73162293434 -0.0427079404777 1 Albert  557.110917021 0.065 0.588175728533 1.27433087482 1 1 2 0.31 1
201 4 4.5 0 0 9.81 0.5 1.40364193916 0.00418797662141 1 Albert  559.970344224 0.065 0.252131943681 0.899453962542 1 1 2 0.31 0
202 4 4.5 0 1 9.81 0.5 1.46206998825 0.0626160257089 1 Albert  562.4746127850001 0.065 0.448729526454 0.899453962542 1 1 2 0.31 1
203 3 6 0 1 9.81 0.5 1.66650104523 -0.0250548935149 1 Albert  565.0614394839997 0.065 0.576619186489 1.19155593874 1 1 2 0.31 1
204 4 4.5 0 0 8.3385 0.5 1.56439900398 0.00983677492778 1 Albert  567.8488625909997 0.065 0.286151295245 1.05456222905 1 1 2 0.31 0
205 3 4.5 0 0 9.81 0.5 1.44366693497 0.0442129724252 1 Albert  570.5032915459999 0.065 0.243167082262 0.899453962542 1 1 2 0.31 0
206 4 6 0 1 6.867 0.5 2.15919685364 -0.0245601339378 1 Albert  573.0736292059999 0.065 0.796912746961 1.68375698758 1 1 2 0.31 1
207 4 6 0 0 11.2815 0.5 1.63798594475 0.0983640551297 1 Albert  576.3690942669998 0.065 0.279104839026 1.03962188962 1 1 2 0.31 0
208 4 6 0 1 9.81 0.5 1.67494893074 -0.0166070080016 1 Albert  579.1245222619998 0.065 0.580954493525 1.19155593874 1 1 2 0.31 1
209 3 6 0 1 6.867 0.5 2.18114709854 -0.00260988903428 1 Albert  581.8995590900001 0.065 0.772815859038 1.68375698758 1 1 2 0.31 1
210 3 6 0 0 9.81 0.5 1.82015991211 0.128603973367 1 Albert  585.1750762700001 0.065 0.355844265876 1.19155593874 1 1 2 0.31 0
211 3 4.5 0 0 12.753 0.5 1.23326611519 0.0382513780612 1 Albert  588.104399995 0.065 0.193073362427 0.695014737127 1 1 2 0.31 0
212 3 4.5 0 0 8.3385 0.5 1.60428881645 0.0497265873973 1 Albert  590.4675605609998 0.065 0.275721581598 1.05456222905 1 1 2 0.31 0
213 4 4.5 0 1 12.753 0.5 1.25157809258 0.0565633554477 1 Albert  593.16560804 0.065 0.317973436843 0.695014737127 1 1 2 0.31 1
214 3 6 0 1 12.753 0.5 1.51918101311 0.0971243252845 1 Albert  595.5190581079999 0.065 0.43483054977 0.922056687823 1 1 2 0.31 1
215 4 4.5 0 0 11.2815 0.5 1.34651994705 0.0623932600903 1 Albert  598.131222961 0.065 0.200930343881 0.784126686962 1 1 2 0.31 0
216 3 6 0 0 8.3385 0.5 1.88731002808 -0.00820536991989 1 Albert  600.5757283229998 0.065 0.413299240829 1.395515398 1 1 2 0.31 0
217 4 6 0 0 8.3385 0.5 1.91135406494 0.0158386669453 1 Albert  603.5743809429998 0.065 0.355708892572 1.395515398 1 1 2 0.31 0
218 4 6 0 1 8.3385 0.5 1.91873598099 0.0232205829915 1 Albert  606.5797605 0.065 0.663805542922 1.395515398 1 1 2 0.31 1
219 3 4.5 0 1 9.81 0.5 1.52396798134 0.124514018797 1 Albert  609.5972456020002 0.065 0.437202387645 0.899453962542 1 1 2 0.31 1
220 3 4.5 0 0 11.2815 0.5 1.38466596603 0.100539279072 1 Albert  612.2208206409998 0.065 0.225724998103 0.784126686962 1 1 2 0.31 0
221 4 6 0 0 9.81 0.5 1.77004909515 0.0784931564118 1 Albert  614.7049908490001 0.065 0.308893339612 1.19155593874 1 1 2 0.31 0
222 3 4.5 0 0 6.867 0.5 1.75191497803 -0.0224158967918 1 Albert  617.5841193849999 0.065 0.35793177586 1.27433087482 1 1 2 0.31 0
223 4 6 0 1 12.753 0.5 1.53333091736 0.111274229536 1 Albert  620.4512448309999 0.065 0.44330561921 0.922056687823 1 1 2 0.31 1
224 3 6 0 1 8.3385 0.5 1.85763216019 -0.0378832378093 1 Albert  623.1203197709999 0.065 0.669660593775 1.395515398 1 1 2 0.31 1
225 4 6 0 0 6.867 0.5 2.33921384811 0.155456860538 1 Albert  626.0813525800002 0.065 0.504757607385 1.68375698758 1 1 2 0.31 0
226 4 4.5 0 1 11.2815 0.5 1.42036294937 0.13623626241 1 Albert  629.5436322869998 0.065 0.361445664891 0.784126686962 1 1 2 0.31 1
227 4 4.5 0 1 8.3385 0.5 1.65212392807 0.0975616990153 1 Albert  632.08927135 0.065 0.478035220708 1.05456222905 1 1 2 0.31 1
228 3 6 0 0 11.2815 0.5 1.71961903572 0.179997146103 1 Albert  634.8654799059998 0.065 0.282414053159 1.03962188962 1 1 2 0.31 0
229 3 6 0 0 6.867 0.5 2.2969789505 0.113221962925 1 Albert  637.672170906 0.065 0.472475113088 1.68375698758 1 1 2 0.31 0
230 4 4.5 0 0 12.753 0.5 1.2687561512 0.0737414140719 1 Albert  641.0851399639998 0.065 0.181518191712 0.695014737127 1 1 2 0.31 0
231 4 6 0 1 11.2815 0.5 1.48247313499 -0.0571487546237 1 Albert  643.452733283 0.065 0.482110164247 1.03962188962 1 1 2 0.31 1
232 3 4.5 0 1 8.3385 0.5 1.47205281258 -0.0825094164785 1 Albert  646.0399336939997 0.065 0.51966439004 1.05456222905 1 1 2 0.31 1
233 3 4.5 0 1 6.867 0.5 1.78645706177 0.0121261869484 1 Albert  648.638925731 0.065 0.591667460618 1.27433087482 1 1 2 0.31 1
234 3 6 0 1 11.2815 0.5 1.60418105125 0.064559161636 1 Albert  651.5170911729999 0.065 0.475193815686 1.03962188962 1 1 2 0.31 1
235 3 6 0 0 12.753 0.5 1.47668099403 0.054624306211 1 Albert  654.237600355 0.065 0.235297962783 0.922056687823 1 1 2 0.31 0
236 3 4.5 0 1 12.753 0.5 1.29240107536 0.0973863382358 1 Albert  656.8341918949998 0.065 0.31519211558 0.695014737127 1 1 2 0.31 1
237 4 6 0 0 12.753 0.5 1.59205102921 0.169994341383 1 Albert  659.2427594419999 0.065 0.264397572445 0.922056687823 1 1 2 0.31 0
238 4 4.5 0 0 6.867 0.5 1.95071005821 0.176379183393 1 Albert  661.949362996 0.065 0.321936998005 1.27433087482 1 1 2 0.31 0
239 3 4.5 0 1 11.2815 0.5 1.39466619492 0.110539507954 1 Albert  665.0239720429997 0.065 0.370829634203 0.784126686962 1 1 2 0.31 1
240 4 4.5 0 1 12.753 0.5 1.30634999275 0.111335255625 1 Albert  667.512778687 0.065 0.342162993662 0.695014737127 1 1 2 0.31 1
241 3 6 0 0 6.867 0.5 2.37170982361 0.187952836033 1 Albert  669.9226692519999 0.065 0.492893410411 1.68375698758 1 1 2 0.31 0
242 3 4.5 0 0 12.753 0.5 1.26186108589 0.0668463487643 1 Albert  673.3880555620001 0.065 0.18831730532 0.695014737127 1 1 2 0.31 0
243 3 4.5 0 1 6.867 0.5 1.76920890808 -0.00512196673811 1 Albert  675.7736414899998 0.065 0.593891386944 1.27433087482 1 1 2 0.31 1
244 3 6 0 1 8.3385 0.5 1.94243001938 0.0469146213826 1 Albert  678.6455453360002 0.065 0.652993634385 1.395515398 1 1 2 0.31 1
245 4 4.5 0 1 9.81 0.5 1.53473114967 0.135277187132 1 Albert  681.697816135 0.065 0.41928494323 0.899453962542 1 1 2 0.31 1
246 4 6 0 0 11.2815 0.5 1.72881388664 0.189191997024 1 Albert  684.351093046 0.065 0.267700071305 1.03962188962 1 1 2 0.31 0
247 4 6 0 0 12.753 0.5 1.60330796242 0.181251274595 1 Albert  687.1660369419999 0.065 0.273990988342 0.922056687823 1 1 2 0.31 0
248 3 4.5 0 0 8.3385 0.5 1.63856196404 0.0839997349803 1 Albert  689.8853144009997 0.065 0.283861287707 1.05456222905 1 1 2 0.31 0
249 3 4.5 0 0 9.81 0.5 1.51335906982 0.113905107282 1 Albert  692.6311723420001 0.065 0.250630114743 0.899453962542 1 1 2 0.31 0
250 3 4.5 0 0 6.867 0.5 1.80958104134 0.0352501665169 1 Albert  695.2528601239999 0.065 0.339779566394 1.27433087482 1 1 2 0.31 0
251 4 6 0 0 8.3385 0.5 2.03232693672 0.136811538726 1 Albert  698.186833815 0.065 0.384927641786 1.395515398 1 1 2 0.31 0
252 4 4.5 0 1 8.3385 0.5 1.61324381828 0.0586815892283 1 Albert  701.3408557259997 0.065 0.484784197692 1.05456222905 1 1 2 0.31 1
253 4 4.5 0 1 11.2815 0.5 1.47235798836 0.188231301396 1 Albert  704.0440530979997 0.065 0.369029336338 0.784126686962 1 1 2 0.31 1
254 3 4.5 0 1 8.3385 0.5 1.62933397293 0.0747717438761 1 Albert  706.6335817080001 0.065 0.494057513209 1.05456222905 1 1 2 0.31 1
255 3 6 0 0 11.2815 0.5 1.61476302147 0.0751411318509 1 Albert  709.3870242390001 0.065 0.297618707496 1.03962188962 1 1 2 0.31 0
256 4 6 0 1 9.81 0.5 1.66084098816 -0.0307149505828 1 Albert  712.1130745530002 0.065 0.554283007606 1.19155593874 1 1 2 0.31 1
257 4 4.5 0 0 11.2815 0.5 1.34889101982 0.0647643328595 1 Albert  714.869445688 0.065 0.206653322234 0.784126686962 1 1 2 0.31 0
258 4 6 0 1 6.867 0.5 2.26989793777 0.0861409501991 1 Albert  717.3176382989998 0.065 0.825800339418 1.68375698758 1 1 2 0.31 1
259 3 6 0 1 12.753 0.5 1.59792995453 0.175873266706 1 Albert  720.68482371 0.065 0.434872691997 0.922056687823 1 1 2 0.31 1
260 4 4.5 0 0 9.81 0.5 1.56469917297 0.165245210432 1 Albert  723.399829703 0.065 0.256253722952 0.899453962542 1 1 2 0.31 0
261 4 6 0 1 8.3385 0.5 1.97127795219 0.0757625541981 1 Albert  726.0895769870001 0.065 0.641556592558 1.395515398 1 1 2 0.31 1
262 4 6 0 0 9.81 0.5 1.9617331028 0.270177164056 1 Albert  729.1365544789999 0.065 0.357453642526 1.19155593874 1 1 2 0.31 0
263 3 4.5 0 1 9.81 0.5 1.56428289413 0.164828931593 1 Albert  732.199861328 0.065 0.436384179517 0.899453962542 1 1 2 0.31 1
264 3 6 0 1 11.2815 0.5 1.63750100136 0.0978791117398 1 Albert  734.858082166 0.065 0.492967293213 1.03962188962 1 1 2 0.31 1
265 4 6 0 0 6.867 0.5 2.50997686386 0.326219876286 1 Albert  737.61072855 0.065 0.483776708926 1.68375698758 1 1 2 0.31 0
266 3 4.5 0 1 12.753 0.5 1.28601002693 0.0909952898044 1 Albert  741.2257666429998 0.065 0.344198973246 0.695014737127 1 1 2 0.31 1
267 3 4.5 0 0 11.2815 0.5 1.45032501221 0.166198325245 1 Albert  743.603743032 0.065 0.230201363886 0.784126686962 1 1 2 0.31 0
268 3 6 0 1 6.867 0.5 2.18480086327 0.00104387569045 1 Albert  746.1464026860001 0.065 0.804286058297 1.68375698758 1 1 2 0.31 1
269 4 4.5 0 0 6.867 0.5 1.97554397583 0.201213101011 1 Albert  749.4314011869999 0.065 0.362869856613 1.27433087482 1 1 2 0.31 0
270 3 6 0 0 12.753 0.5 1.54888606071 0.126829372892 1 Albert  752.5124592629998 0.065 0.271855361411 0.922056687823 1 1 2 0.31 0
271 4 6 0 1 11.2815 0.5 1.63315320015 0.0935313105313 1 Albert  755.1554077499998 0.065 0.493523113658 1.03962188962 1 1 2 0.31 1
272 3 4.5 0 1 11.2815 0.5 1.39276003838 0.108633351414 1 Albert  757.9109506679999 0.065 0.385919813586 0.784126686962 1 1 2 0.31 1
273 3 6 0 1 9.81 0.5 1.8071269989 0.115571060159 1 Albert  760.40246219 0.065 0.557733422111 1.19155593874 1 1 2 0.31 1
274 4 4.5 0 1 6.867 0.5 1.83371591568 0.0593850408608 1 Albert  763.335918424 0.065 0.636186121132 1.27433087482 1 1 2 0.31 1
275 3 6 0 0 8.3385 0.5 2.02011799812 0.124602600127 1 Albert  766.5982890339999 0.065 0.418495926659 1.395515398 1 1 2 0.31 0
276 4 6 0 1 12.753 0.5 1.53992509842 0.117868410596 1 Albert  769.416116523 0.065 0.435971864106 0.922056687823 1 1 2 0.31 1
277 4 4.5 0 0 12.753 0.5 1.33071994781 0.135705210688 1 Albert  772.0646051619999 0.065 0.177112819897 0.695014737127 1 1 2 0.31 0
278 4 4.5 0 0 8.3385 0.5 1.6464908123 0.0919285832469 1 Albert  774.50912085 0.065 0.274347793432 1.05456222905 1 1 2 0.31 0
279 3 6 0 0 9.81 0.5 1.90365886688 0.21210292814 1 Albert  777.2784717389998 0.065 0.312093825594 1.19155593874 1 1 2 0.31 0
280 3 4.5 0 1 11.2815 0.5 1.41526508331 0.131138396351 1 Albert  780.311550267 0.065 0.369484450367 0.784126686962 1 1 2 0.31 1
281 4 6 0 0 6.867 0.5 2.33938217163 0.155625184055 1 Albert  782.812072942 0.065 0.442411235426 1.68375698758 1 1 2 0.31 0
282 3 4.5 0 1 9.81 0.5 1.44164299965 0.0421890371073 1 Albert  786.245661406 0.065 0.429318909254 0.899453962542 1 1 2 0.31 1
283 4 6 0 0 8.3385 0.5 2.06731987 0.171804471999 1 Albert  788.8003642159999 0.065 0.415108254993 1.395515398 1 1 2 0.31 0
284 3 4.5 0 1 8.3385 0.5 1.71343398094 0.158871751887 1 Albert  791.9803447060001 0.065 0.51822944801 1.05456222905 1 1 2 0.31 1
285 3 6 0 0 9.81 0.5 1.79903888702 0.107482948282 1 Albert  794.8133864620002 0.065 0.302950767763 1.19155593874 1 1 2 0.31 0
286 3 4.5 0 0 6.867 0.5 2.0855910778 0.311260202985 1 Albert  797.7196816099997 0.065 0.336010438551 1.27433087482 1 1 2 0.31 0
287 4 6 0 1 11.2815 0.5 1.5200548172 -0.0195670724185 1 Albert  800.9105891040001 0.065 0.491356736042 1.03962188962 1 1 2 0.31 1
288 3 6 0 1 12.753 0.5 1.50218296051 0.0801262726874 1 Albert  803.528263554 0.065 0.433947324181 0.922056687823 1 1 2 0.31 1
289 3 6 0 0 11.2815 0.5 1.61683797836 0.0772160887448 1 Albert  806.1502348920001 0.065 0.279025775929 1.03962188962 1 1 2 0.31 0
290 3 4.5 0 0 12.753 0.5 1.24709510803 0.0520803709048 1 Albert  808.8807719680001 0.065 0.182278229551 0.695014737127 1 1 2 0.31 0
291 4 4.5 0 0 6.867 0.5 1.84810304642 0.0737721715981 1 Albert  811.2335317459999 0.065 0.368403310638 1.27433087482 1 1 2 0.31 0
292 3 4.5 0 0 9.81 0.5 1.42062187195 0.0211679094064 1 Albert  814.208603288 0.065 0.269054706943 0.899453962542 1 1 2 0.31 0
293 4 4.5 0 0 8.3385 0.5 1.62167882919 0.0671166001384 1 Albert  816.739186298 0.065 0.280103253426 1.05456222905 1 1 2 0.31 0
294 3 4.5 0 0 11.2815 0.5 1.32672905922 0.0426023722576 1 Albert  819.475388948 0.065 0.211941753402 0.784126686962 1 1 2 0.31 0
295 3 4.5 0 0 8.3385 0.5 1.61496901512 0.0604067860667 1 Albert  821.918712594 0.065 0.281509869971 1.05456222905 1 1 2 0.31 0
296 4 6 0 0 11.2815 0.5 1.59739995003 0.0577780604092 1 Albert  824.6437873699999 0.065 0.295680410035 1.03962188962 1 1 2 0.31 0
297 4 6 0 1 12.753 0.5 1.58728909492 0.165232407102 1 Albert  827.3647253379997 0.065 0.442492804675 0.922056687823 1 1 2 0.31 1
298 4 4.5 0 1 12.753 0.5 1.26046800613 0.0654532690066 1 Albert  830.074007851 0.065 0.340335815602 0.695014737127 1 1 2 0.31 1
299 4 4.5 0 1 6.867 0.5 1.79822993279 0.0238990579659 1 Albert  832.4546547140001 0.065 0.603693710585 1.27433087482 1 1 2 0.31 1
300 4 6 0 0 9.81 0.5 1.75686383247 0.0653078937318 1 Albert  835.3470221259997 0.065 0.337507761539 1.19155593874 1 1 2 0.31 0
301 4 6 0 0 12.753 0.5 1.4103500843 -0.011706603518 1 Albert  838.2175269379998 0.065 0.251534194259 0.922056687823 1 1 2 0.31 0
302 3 4.5 0 1 12.753 0.5 1.20657300949 0.0115582723636 1 Albert  840.7497708039998 0.065 0.32765792223 0.695014737127 1 1 2 0.31 1
303 3 6 0 0 8.3385 0.5 1.88003706932 -0.0154783286754 1 Albert  843.0654967530002 0.065 0.365895593604 1.395515398 1 1 2 0.31 0
304 4 6 0 1 9.81 0.5 1.50949907303 -0.182056865713 1 Albert  846.0620304759998 0.065 0.560977195626 1.19155593874 1 1 2 0.31 1
305 3 6 0 0 6.867 0.5 2.32821583748 0.144458849903 1 Albert  848.7051090289999 0.065 0.46964381124 1.68375698758 1 1 2 0.31 0
306 4 4.5 0 1 8.3385 0.5 1.52682685852 -0.0277353705343 1 Albert  852.1359480959998 0.065 0.49907545649 1.05456222905 1 1 2 0.31 1
307 4 4.5 0 0 11.2815 0.5 1.24718403816 -0.0369426487995 1 Albert  854.7746302349999 0.065 0.19634345435 0.784126686962 1 1 2 0.31 0
308 3 4.5 0 1 6.867 0.5 1.61797404289 -0.156356831927 1 Albert  857.1311125199998 0.065 0.605664894627 1.27433087482 1 1 2 0.31 1
309 3 6 0 0 12.753 0.5 1.39964818954 -0.0224084982781 1 Albert  859.886388356 0.065 0.233500700417 0.922056687823 1 1 2 0.31 0
310 4 4.5 0 1 11.2815 0.5 1.30543899536 0.0213123083996 1 Albert  862.3901839600001 0.065 0.390603415746 0.784126686962 1 1 2 0.31 1
311 3 6 0 1 6.867 0.5 2.1797580719 -0.00399891567612 1 Albert  864.8199628109999 0.065 0.836728521742 1.68375698758 1 1 2 0.31 1
312 4 6 0 1 6.867 0.5 2.19172906876 0.00797208118057 1 Albert  868.1243855569999 0.065 0.823792779737 1.68375698758 1 1 2 0.31 1
313 4 4.5 0 0 9.81 0.5 1.49989509583 0.100441133283 1 Albert  871.420569866 0.065 0.26022063783 0.899453962542 1 1 2 0.31 0
314 4 4.5 0 0 12.753 0.5 1.28854393959 0.0935292024631 1 Albert  874.0343499120002 0.065 0.187267489604 0.695014737127 1 1 2 0.31 0
315 3 6 0 1 8.3385 0.5 2.01031279564 0.114797397643 1 Albert  876.4336160129999 0.065 0.692340838641 1.395515398 1 1 2 0.31 1
316 4 6 0 1 8.3385 0.5 1.92520213127 0.0296867332753 1 Albert  879.543104268 0.065 0.683073979037 1.395515398 1 1 2 0.31 1
317 4 4.5 0 1 9.81 0.5 1.6478099823 0.248356019758 1 Albert  882.594535468 0.065 0.423155554105 0.899453962542 1 1 2 0.31 1
318 3 6 0 1 9.81 0.5 1.83426213264 0.142706193903 1 Albert  885.3400981490001 0.065 0.588505794056 1.19155593874 1 1 2 0.31 1
319 3 6 0 1 11.2815 0.5 1.79470205307 0.255080163452 1 Albert  888.2851234460002 0.065 0.50083979002 1.03962188962 1 1 2 0.31 1
