trial vx vy vz LongOcclusion g timeStill rTime TemporalError environment id pupiltime IOD OccludedTimeOfTrajectory FlightDuration Drag DragFirst block accuracy LongOcclusion
0 4 6 0 0 9.81 0.5 9.87478399277 8.18322805403 1 Lisa  5.321706383000674 0.064 0.3051745273 1.19155593874 1 1 4 0.24 0
1 4 6 0 0 11.2815 0.5 1.6226079464 0.0829860567776 1 Lisa  14.136249311000029 0.064 0.281527503158 1.03962188962 1 1 4 0.24 0
2 4 6 0 1 12.753 0.5 1.50215888023 0.080102192411 1 Lisa  16.839737188000072 0.064 0.436128821429 0.922056687823 1 1 4 0.24 1
3 3 4.5 0 0 9.81 0.5 1.46851491928 0.0690609567392 1 Lisa  19.44601346700074 0.064 0.234096736411 0.899453962542 1 1 4 0.24 0
4 4 4.5 0 1 11.2815 0.5 1.36874318123 0.0846164942669 1 Lisa  22.026070970000546 0.064 0.367264592527 0.784126686962 1 1 4 0.24 1
5 4 4.5 0 0 9.81 0.5 1.50608515739 0.106631194853 1 Lisa  24.510068567000417 0.064 0.261275874081 0.899453962542 1 1 4 0.24 0
6 4 4.5 0 0 11.2815 0.5 1.37305402756 0.0889273405957 1 Lisa  27.14124759600054 0.064 0.204784785908 0.784126686962 1 1 4 0.24 0
7 3 6 0 1 6.867 0.5 2.51685190201 0.333094914433 1 Lisa  29.612325654000415 0.064 0.839623807454 1.68375698758 1 1 4 0.24 1
8 3 4.5 0 0 12.753 0.5 1.27516794205 0.0801532049197 1 Lisa  33.23761880600068 0.064 0.176631613762 0.695014737127 1 1 4 0.24 0
9 4 4.5 0 0 12.753 0.5 1.3217279911 0.126713253977 1 Lisa  35.641772475000835 0.064 0.186882733505 0.695014737127 1 1 4 0.24 0
10 4 6 0 1 8.3385 0.5 2.02762985229 0.132114454299 1 Lisa  38.066216357000485 0.064 0.686024114321 1.395515398 1 1 4 0.24 1
11 3 6 0 0 8.3385 0.5 1.96986603737 0.0743506393727 1 Lisa  41.21407277400067 0.064 0.408486210827 1.395515398 1 1 4 0.24 0
12 4 4.5 0 1 9.81 0.5 1.56845593452 0.169001971983 1 Lisa  44.28095915100039 0.064 0.429562369848 0.899453962542 1 1 4 0.24 1
13 4 6 0 1 9.81 0.5 1.8512699604 0.159714021661 1 Lisa  46.96086045000084 0.064 0.536281878949 1.19155593874 1 1 4 0.24 1
14 4 4.5 0 1 12.753 0.5 1.28362512589 0.0886103887576 1 Lisa  49.919936955000594 0.064 0.324519741238 0.695014737127 1 1 4 0.24 1
15 4 6 0 1 6.867 0.5 2.5936050415 0.409848053928 1 Lisa  52.31710540200038 0.064 0.806178842778 1.68375698758 1 1 4 0.24 1
16 3 4.5 0 0 8.3385 0.5 1.64821314812 0.0936509190623 1 Lisa  56.040492188000826 0.064 0.297833532789 1.05456222905 1 1 4 0.24 0
17 3 6 0 0 6.867 0.5 2.28901100159 0.105254014011 1 Lisa  58.790089506000186 0.064 0.432133119876 1.68375698758 1 1 4 0.24 0
18 3 6 0 0 9.81 0.5 1.74114704132 0.0495911025788 1 Lisa  62.182136016000186 0.064 0.342395376984 1.19155593874 1 1 4 0.24 0
19 4 6 0 0 12.753 0.5 1.50275182724 0.0806951394172 1 Lisa  65.04954345700025 0.064 0.253542959198 0.922056687823 1 1 4 0.24 0
20 4 6 0 0 6.867 0.5 2.27187514305 0.0881181554756 1 Lisa  67.65340881600059 0.064 0.494649738198 1.68375698758 1 1 4 0.24 0
21 3 4.5 0 1 8.3385 0.5 1.71787691116 0.163314682109 1 Lisa  71.03128340200055 0.064 0.522134025693 1.05456222905 1 1 4 0.24 1
22 3 4.5 0 1 11.2815 0.5 1.35149121284 0.0673645258831 1 Lisa  73.85646946900033 0.064 0.379057361141 0.784126686962 1 1 4 0.24 1
23 3 6 0 1 8.3385 0.5 2.04183506966 0.14631967166 1 Lisa  76.30976835100046 0.064 0.63183261849 1.395515398 1 1 4 0.24 1
24 4 4.5 0 1 6.867 0.5 1.95497894287 0.180648068052 1 Lisa  79.46380021200002 0.064 0.625549435247 1.27433087482 1 1 4 0.24 1
25 3 4.5 0 1 9.81 0.5 1.49882388115 0.0993699186075 1 Lisa  82.52945283200006 0.064 0.416936266113 0.899453962542 1 1 4 0.24 1
26 4 6 0 1 11.2815 0.5 1.78507304192 0.245451152298 1 Lisa  85.13957816400034 0.064 0.485309725369 1.03962188962 1 1 4 0.24 1
27 3 6 0 0 12.753 0.5 1.46696519852 0.044908510694 1 Lisa  88.03455962600037 0.064 0.252350480611 0.922056687823 1 1 4 0.24 0
28 3 4.5 0 0 11.2815 0.5 1.31693196297 0.0328052760052 1 Lisa  90.61297482600003 0.064 0.204274614087 0.784126686962 1 1 4 0.24 0
29 4 4.5 0 1 8.3385 0.5 1.67799305916 0.123430830104 1 Lisa  93.03535209100028 0.064 0.480640587068 1.05456222905 1 1 4 0.24 1
30 3 6 0 1 12.753 0.5 1.45602989197 0.033973204145 1 Lisa  95.82472466800027 0.064 0.424991424111 0.922056687823 1 1 4 0.24 1
31 4 4.5 0 0 6.867 0.5 1.8932299614 0.118899086576 1 Lisa  98.38139560800028 0.064 0.374333857359 1.27433087482 1 1 4 0.24 0
32 3 4.5 0 1 12.753 0.5 1.27606320381 0.0810484666842 1 Lisa  101.37968314200043 0.064 0.342818064622 0.695014737127 1 1 4 0.24 1
33 3 4.5 0 1 6.867 0.5 1.95221495628 0.177884081464 1 Lisa  103.78685917400071 0.064 0.611502788117 1.27433087482 1 1 4 0.24 1
34 3 6 0 0 11.2815 0.5 1.58818387985 0.0485619902341 1 Lisa  106.85709783700077 0.064 0.284621503135 1.03962188962 1 1 4 0.24 0
35 3 6 0 1 11.2815 0.5 1.75925993919 0.219638049575 1 Lisa  109.55974816000071 0.064 0.495662003001 1.03962188962 1 1 4 0.24 1
36 3 4.5 0 0 6.867 0.5 1.87775397301 0.103423098188 1 Lisa  112.42801728700033 0.064 0.369047297469 1.27433087482 1 1 4 0.24 0
37 4 4.5 0 0 8.3385 0.5 1.59867310524 0.0441108761851 1 Lisa  115.41412630800005 0.064 0.30004223434 1.05456222905 1 1 4 0.24 0
38 3 6 0 1 9.81 0.5 1.87864208221 0.187086143472 1 Lisa  118.14174188200013 0.064 0.536731494363 1.19155593874 1 1 4 0.24 1
39 4 6 0 0 8.3385 0.5 2.00745892525 0.111943527251 1 Lisa  121.11679401900074 0.064 0.366500184646 1.395515398 1 1 4 0.24 0
40 4 6 0 0 12.753 0.5 1.56429791451 0.142241226682 1 Lisa  124.23444441300035 0.064 0.27026909383 0.922056687823 1 1 4 0.24 0
41 4 6 0 0 11.2815 0.5 1.74794101715 0.208319127533 1 Lisa  126.9102294660006 0.064 0.290451590033 1.03962188962 1 1 4 0.24 0
42 4 4.5 0 0 9.81 0.5 1.50576806068 0.106314098142 1 Lisa  129.78697287000068 0.064 0.23554118034 0.899453962542 1 1 4 0.24 0
43 3 4.5 0 1 12.753 0.5 1.25298500061 0.057970263483 1 Lisa  132.39697063700078 0.064 0.331713541015 0.695014737127 1 1 4 0.24 1
44 4 6 0 1 6.867 0.5 2.35264396667 0.168886979099 1 Lisa  134.77124458300023 0.064 0.822372830812 1.68375698758 1 1 4 0.24 1
45 3 4.5 0 1 9.81 0.5 1.5016720295 0.102218066953 1 Lisa  138.23170845200002 0.064 0.434094670895 0.899453962542 1 1 4 0.24 1
46 3 4.5 0 0 12.753 0.5 1.29736304283 0.102348305704 1 Lisa  140.84738996800024 0.064 0.202817773686 0.695014737127 1 1 4 0.24 0
47 4 4.5 0 1 6.867 0.5 1.89456415176 0.120233276945 1 Lisa  143.26251065500037 0.064 0.597310390195 1.27433087482 1 1 4 0.24 1
48 3 4.5 0 1 6.867 0.5 1.96182394028 0.187493065458 1 Lisa  146.25798868000038 0.064 0.593629464085 1.27433087482 1 1 4 0.24 1
49 4 4.5 0 1 11.2815 0.5 1.43795108795 0.15382440099 1 Lisa  149.3354634340003 0.064 0.368062316414 0.784126686962 1 1 4 0.24 1
50 4 6 0 1 12.753 0.5 1.6913561821 0.269299494276 1 Lisa  151.89111713800048 0.064 0.455255512184 0.922056687823 1 1 4 0.24 1
51 3 6 0 0 12.753 0.5 1.53302598 0.110969292173 1 Lisa  154.68781163100084 0.064 0.255912030436 0.922056687823 1 1 4 0.24 0
52 3 6 0 1 12.753 0.5 1.61718797684 0.195131289014 1 Lisa  157.3279039680001 0.064 0.429739714794 0.922056687823 1 1 4 0.24 1
53 3 4.5 0 1 8.3385 0.5 1.55965518951 0.0050929604594 1 Lisa  160.0669065050006 0.064 0.490236819013 1.05456222905 1 1 4 0.24 1
54 4 4.5 0 0 8.3385 0.5 1.65957093239 0.105008703334 1 Lisa  162.75393182100015 0.064 0.268767430451 1.05456222905 1 1 4 0.24 0
55 4 6 0 1 8.3385 0.5 2.12539410591 0.229878707915 1 Lisa  165.5194666690004 0.064 0.682862447726 1.395515398 1 1 4 0.24 1
56 4 4.5 0 1 8.3385 0.5 1.5670311451 0.0124689160411 1 Lisa  168.77037387100063 0.064 0.501670659081 1.05456222905 1 1 4 0.24 1
57 4 6 0 1 9.81 0.5 1.78693795204 0.0953820132997 1 Lisa  171.44990394100023 0.064 0.584455300215 1.19155593874 1 1 4 0.24 1
58 4 4.5 0 0 11.2815 0.5 1.31494498253 0.030818295567 1 Lisa  174.36011698600032 0.064 0.218480265062 0.784126686962 1 1 4 0.24 0
59 3 4.5 0 0 11.2815 0.5 1.28659081459 0.00246412762874 1 Lisa  176.7962453550008 0.064 0.197636335822 0.784126686962 1 1 4 0.24 0
60 3 6 0 1 6.867 0.5 2.28661584854 0.102858860966 1 Lisa  179.19512889600082 0.064 0.814038093424 1.68375698758 1 1 4 0.24 1
61 4 4.5 0 0 6.867 0.5 1.73776698112 -0.0365638936943 1 Lisa  182.59288239000034 0.064 0.330127060386 1.27433087482 1 1 4 0.24 0
62 3 6 0 0 6.867 0.5 2.32705688477 0.14329989719 1 Lisa  185.44959631000074 0.064 0.501479686276 1.68375698758 1 1 4 0.24 0
63 4 6 0 0 6.867 0.5 2.19583821297 0.0120812253914 1 Lisa  188.88060532800046 0.064 0.480648683265 1.68375698758 1 1 4 0.24 0
64 3 4.5 0 1 11.2815 0.5 1.34600305557 0.0618763686108 1 Lisa  192.18581038699995 0.064 0.361509119366 0.784126686962 1 1 4 0.24 1
65 4 6 0 0 9.81 0.5 1.73915600777 0.0476000690248 1 Lisa  194.62758293700062 0.064 0.347895823259 1.19155593874 1 1 4 0.24 0
66 3 4.5 0 0 9.81 0.5 1.53431010246 0.134856139921 1 Lisa  197.48379946100067 0.064 0.24747654515 0.899453962542 1 1 4 0.24 0
67 3 4.5 0 0 8.3385 0.5 1.63668513298 0.0821229039256 1 Lisa  200.1329364460007 0.064 0.287067074213 1.05456222905 1 1 4 0.24 0
68 3 6 0 0 9.81 0.5 1.70028495789 0.00872901914378 1 Lisa  202.88174758100013 0.064 0.305420453267 1.19155593874 1 1 4 0.24 0
69 3 6 0 1 11.2815 0.5 1.73378205299 0.194160163376 1 Lisa  205.69549868300055 0.064 0.502708308828 1.03962188962 1 1 4 0.24 1
70 3 4.5 0 0 6.867 0.5 1.86271286011 0.0883819852883 1 Lisa  208.5364626720002 0.064 0.329621320913 1.27433087482 1 1 4 0.24 0
71 4 4.5 0 1 12.753 0.5 1.25736808777 0.0623533506412 1 Lisa  211.52066554000066 0.064 0.334120729697 0.695014737127 1 1 4 0.24 1
72 3 6 0 0 11.2815 0.5 1.62631893158 0.0866970419614 1 Lisa  213.89009874600015 0.064 0.26344180733 1.03962188962 1 1 4 0.24 0
73 4 6 0 0 8.3385 0.5 1.96503901482 0.0695236168202 1 Lisa  216.61946403900038 0.064 0.379760943607 1.395515398 1 1 4 0.24 0
74 4 4.5 0 0 12.753 0.5 1.2492518425 0.0542371053714 1 Lisa  219.6944160030007 0.064 0.175527823789 0.695014737127 1 1 4 0.24 0
75 3 6 0 1 8.3385 0.5 1.94395112991 0.0484357319173 1 Lisa  222.06118133700056 0.064 0.688164155183 1.395515398 1 1 4 0.24 1
76 4 4.5 0 1 9.81 0.5 1.46768403053 0.068230067991 1 Lisa  225.27800445499997 0.064 0.435246238657 0.899453962542 1 1 4 0.24 1
77 3 6 0 1 9.81 0.5 1.7442138195 0.0526578807618 1 Lisa  227.6573075840006 0.064 0.550479469974 1.19155593874 1 1 4 0.24 1
78 4 6 0 1 11.2815 0.5 1.71891999245 0.179298102829 1 Lisa  230.53613522600062 0.064 0.511383203259 1.03962188962 1 1 4 0.24 1
79 3 6 0 0 8.3385 0.5 1.97813820839 0.0826228103932 1 Lisa  233.35739336400002 0.064 0.393831329943 1.395515398 1 1 4 0.24 0
80 3 4.5 0 0 9.81 0.5 1.44848299026 0.0490290277231 1 Lisa  236.46118622700033 0.064 0.254673180287 0.899453962542 1 1 4 0.24 0
81 4 6 0 0 9.81 0.5 1.77457094193 0.0830150031831 1 Lisa  239.01253632299995 0.064 0.334632799558 1.19155593874 1 1 4 0.24 0
82 3 4.5 0 1 11.2815 0.5 1.29761505127 0.0134883643078 1 Lisa  241.91260722600055 0.064 0.387386932209 0.784126686962 1 1 4 0.24 1
83 4 4.5 0 0 6.867 0.5 1.8885371685 0.114206293684 1 Lisa  244.31619235700055 0.064 0.333824130508 1.27433087482 1 1 4 0.24 0
84 4 6 0 0 12.753 0.5 1.50834512711 0.0862884392829 1 Lisa  247.32371875800072 0.064 0.269605563056 0.922056687823 1 1 4 0.24 0
85 3 6 0 1 6.867 0.5 2.11657309532 -0.0671838922539 1 Lisa  249.95130075600082 0.064 0.765217542807 1.68375698758 1 1 4 0.24 1
86 3 4.5 0 0 6.867 0.5 1.73077201843 -0.0435588563865 1 Lisa  253.19685506400037 0.064 0.379391395419 1.27433087482 1 1 4 0.24 0
87 3 4.5 0 1 12.753 0.5 1.24543094635 0.0504162092227 1 Lisa  256.03579881800033 0.064 0.338863620712 0.695014737127 1 1 4 0.24 1
88 4 6 0 1 8.3385 0.5 1.98486208916 0.089346691161 1 Lisa  258.37352689 0.064 0.67561665161 1.395515398 1 1 4 0.24 1
89 3 4.5 0 1 9.81 0.5 1.50966787338 0.110213910841 1 Lisa  261.4688440740001 0.064 0.44334668132 0.899453962542 1 1 4 0.24 1
90 3 6 0 0 9.81 0.5 1.84986305237 0.158307113626 1 Lisa  264.1010723870004 0.064 0.309956311656 1.19155593874 1 1 4 0.24 0
91 3 6 0 0 11.2815 0.5 1.65304780006 0.113425910446 1 Lisa  267.0646757580007 0.064 0.297969205978 1.03962188962 1 1 4 0.24 0
92 4 4.5 0 0 8.3385 0.5 1.69823384285 0.143671613795 1 Lisa  269.8305000700002 0.064 0.296773352799 1.05456222905 1 1 4 0.24 0
93 4 4.5 0 0 9.81 0.5 1.53891205788 0.139458095335 1 Lisa  272.65313610500016 0.064 0.241332809641 0.899453962542 1 1 4 0.24 0
94 3 4.5 0 1 8.3385 0.5 1.75459909439 0.200036865336 1 Lisa  275.3022428660006 0.064 0.480496521514 1.05456222905 1 1 4 0.24 1
95 3 4.5 0 0 8.3385 0.5 1.60224294662 0.04768071757 1 Lisa  278.17733005900027 0.064 0.314001337184 1.05456222905 1 1 4 0.24 0
96 4 6 0 1 9.81 0.5 1.89700698853 0.205451049783 1 Lisa  280.9022135760006 0.064 0.577311131288 1.19155593874 1 1 4 0.24 1
97 3 6 0 1 9.81 0.5 1.95278406143 0.26122812269 1 Lisa  283.9118819260002 0.064 0.543457680747 1.19155593874 1 1 4 0.24 1
98 3 4.5 0 1 6.867 0.5 2.05682182312 0.282490948301 1 Lisa  286.9836003570008 0.064 0.593182254557 1.27433087482 1 1 4 0.24 1
99 3 6 0 1 8.3385 0.5 2.23461890221 0.33910350421 1 Lisa  290.1478426420008 0.064 0.667644878965 1.395515398 1 1 4 0.24 1
100 3 4.5 0 0 12.753 0.5 1.22543501854 0.030420281412 1 Lisa  293.4959523590005 0.064 0.185203674735 0.695014737127 1 1 4 0.24 0
101 3 6 0 0 6.867 0.5 2.31349778175 0.129740794178 1 Lisa  295.8384747660002 0.064 0.485788296482 1.68375698758 1 1 4 0.24 0
102 4 4.5 0 1 11.2815 0.5 1.41862487793 0.134498190968 1 Lisa  299.25982610700066 0.064 0.3607462973 0.784126686962 1 1 4 0.24 1
103 4 4.5 0 0 11.2815 0.5 1.44006085396 0.155934166996 1 Lisa  301.7884379750003 0.064 0.230499558722 0.784126686962 1 1 4 0.24 0
104 3 6 0 0 8.3385 0.5 1.98391699791 0.0884015999135 1 Lisa  304.3410131110004 0.064 0.399234018514 1.395515398 1 1 4 0.24 0
105 3 6 0 1 11.2815 0.5 1.72733402252 0.187712132904 1 Lisa  307.4289100060005 0.064 0.483398326204 1.03962188962 1 1 4 0.24 1
106 4 6 0 0 8.3385 0.5 1.99900889397 0.103493495971 1 Lisa  310.2795336500003 0.064 0.390689332404 1.395515398 1 1 4 0.24 0
107 3 6 0 0 12.753 0.5 1.51167106628 0.0896143784614 1 Lisa  313.39355592100037 0.064 0.251847348722 0.922056687823 1 1 4 0.24 0
108 4 6 0 1 12.753 0.5 1.53978204727 0.117725359449 1 Lisa  316.0299362700007 0.064 0.425606375519 0.922056687823 1 1 4 0.24 1
109 3 6 0 1 12.753 0.5 1.53440403938 0.11234735156 1 Lisa  318.6774278590001 0.064 0.431104169019 0.922056687823 1 1 4 0.24 1
110 3 4.5 0 0 11.2815 0.5 1.32055211067 0.0364254237103 1 Lisa  321.32124305100024 0.064 0.197023837334 0.784126686962 1 1 4 0.24 0
111 4 6 0 1 11.2815 0.5 1.69557189941 0.155950009796 1 Lisa  323.7702412340004 0.064 0.469490646686 1.03962188962 1 1 4 0.24 1
112 4 6 0 0 11.2815 0.5 1.67323493958 0.133613049957 1 Lisa  326.58262644000024 0.064 0.291887617919 1.03962188962 1 1 4 0.24 0
113 4 4.5 0 1 9.81 0.5 1.42447710037 0.0250231378305 1 Lisa  329.3773951460007 0.064 0.411606426246 0.899453962542 1 1 4 0.24 1
114 4 4.5 0 1 8.3385 0.5 1.6406018734 0.0860396443431 1 Lisa  331.91248247400017 0.064 0.482173079012 1.05456222905 1 1 4 0.24 1
115 4 6 0 0 6.867 0.5 2.48235702515 0.298600037571 1 Lisa  334.6716462450004 0.064 0.443044606709 1.68375698758 1 1 4 0.24 0
116 4 4.5 0 1 6.867 0.5 1.86987113953 0.0955402647072 1 Lisa  338.2626836640002 0.064 0.584849222358 1.27433087482 1 1 4 0.24 1
117 4 6 0 1 6.867 0.5 2.27369689941 0.0899399118385 1 Lisa  341.2473078870007 0.064 0.823682186907 1.68375698758 1 1 4 0.24 1
118 4 4.5 0 1 12.753 0.5 1.28584003448 0.0908252973575 1 Lisa  344.64957511100056 0.064 0.342868786136 0.695014737127 1 1 4 0.24 1
119 4 4.5 0 0 12.753 0.5 1.24700903893 0.0519943017978 1 Lisa  347.03578409000056 0.064 0.201397600551 0.695014737127 1 1 4 0.24 0
120 3 4.5 0 0 12.753 0.5 1.3119699955 0.116955258371 1 Lisa  349.38957951000066 0.064 0.184561874451 0.695014737127 1 1 4 0.24 0
121 4 4.5 0 0 11.2815 0.5 1.31891417503 0.0347874880719 1 Lisa  351.8133137450004 0.064 0.228569494558 0.784126686962 1 1 4 0.24 0
122 3 4.5 0 0 9.81 0.5 1.40713095665 0.00767699410798 1 Lisa  354.2469424840001 0.064 0.2569190327 0.899453962542 1 1 4 0.24 0
123 4 4.5 0 0 12.753 0.5 1.21778607368 0.0227713365573 1 Lisa  356.76432948800084 0.064 0.178337239226 0.695014737127 1 1 4 0.24 0
124 4 6 0 1 9.81 0.5 1.82073903084 0.129183092096 1 Lisa  359.08673197400003 0.064 0.537189446999 1.19155593874 1 1 4 0.24 1
125 3 4.5 0 1 9.81 0.5 1.41163802147 0.0121840589273 1 Lisa  362.0313577100005 0.064 0.445454025703 0.899453962542 1 1 4 0.24 1
126 4 6 0 1 11.2815 0.5 1.61709189415 0.0774700045316 1 Lisa  364.553220537 0.064 0.511333856178 1.03962188962 1 1 4 0.24 1
127 3 6 0 0 8.3385 0.5 1.98475193977 0.0892365417775 1 Lisa  367.27947269700053 0.064 0.35301389427 1.395515398 1 1 4 0.24 0
128 4 6 0 1 8.3385 0.5 2.0189948082 0.123479410201 1 Lisa  370.3812601080008 0.064 0.631286738918 1.395515398 1 1 4 0.24 1
129 3 4.5 0 0 8.3385 0.5 1.68069386482 0.126131635768 1 Lisa  373.5073976020003 0.064 0.312951001191 1.05456222905 1 1 4 0.24 0
130 3 6 0 1 8.3385 0.5 1.97426986694 0.0787544689473 1 Lisa  376.30047304300024 0.064 0.680547504201 1.395515398 1 1 4 0.24 1
131 4 4.5 0 1 12.753 0.5 1.36767601967 0.172661282541 1 Lisa  379.40187138200054 0.064 0.329094929802 0.695014737127 1 1 4 0.24 1
132 4 6 0 0 12.753 0.5 1.50951099396 0.0874543061347 1 Lisa  381.87396683600036 0.064 0.254259617769 0.922056687823 1 1 4 0.24 0
133 4 4.5 0 1 6.867 0.5 1.78196001053 0.0076291357094 1 Lisa  384.4927035280007 0.064 0.596331789329 1.27433087482 1 1 4 0.24 1
134 4 6 0 1 6.867 0.5 2.37764596939 0.193888981815 1 Lisa  387.38794866400076 0.064 0.791146729905 1.68375698758 1 1 4 0.24 1
135 4 6 0 0 9.81 0.5 1.7887737751 0.0972178363587 1 Lisa  390.88063504 0.064 0.322268398077 1.19155593874 1 1 4 0.24 0
136 4 4.5 0 1 8.3385 0.5 1.62595486641 0.0713926373545 1 Lisa  393.77838119400076 0.064 0.480028750025 1.05456222905 1 1 4 0.24 1
137 3 4.5 0 1 6.867 0.5 1.90206217766 0.127731302839 1 Lisa  396.5286735560003 0.064 0.631717294656 1.27433087482 1 1 4 0.24 1
138 3 4.5 0 0 6.867 0.5 1.8025431633 0.0282122884804 1 Lisa  399.5435481150007 0.064 0.372762347654 1.27433087482 1 1 4 0.24 0
139 3 6 0 1 11.2815 0.5 1.6729850769 0.133363187286 1 Lisa  402.44564320100017 0.064 0.488517218747 1.03962188962 1 1 4 0.24 1
140 3 4.5 0 0 11.2815 0.5 1.48058986664 0.196463179676 1 Lisa  405.23422502300036 0.064 0.210050360648 0.784126686962 1 1 4 0.24 0
141 4 4.5 0 0 8.3385 0.5 1.75993490219 0.205372673136 1 Lisa  407.82771600400065 0.064 0.30805759228 1.05456222905 1 1 4 0.24 0
142 3 6 0 0 6.867 0.5 2.30241703987 0.118660052296 1 Lisa  410.68355811400033 0.064 0.501282505111 1.68375698758 1 1 4 0.24 0
143 4 6 0 0 8.3385 0.5 2.07515311241 0.179637714415 1 Lisa  414.1077204360008 0.064 0.388680954264 1.395515398 1 1 4 0.24 0
144 4 4.5 0 0 9.81 0.5 1.49107193947 0.0916179769266 1 Lisa  417.28120827400016 0.064 0.225974068364 0.899453962542 1 1 4 0.24 0
145 4 4.5 0 0 6.867 0.5 1.81413912773 0.0398082529122 1 Lisa  419.88195884200013 0.064 0.33328446592 1.27433087482 1 1 4 0.24 0
146 4 4.5 0 1 11.2815 0.5 1.38563108444 0.10150439748 1 Lisa  422.81482330000017 0.064 0.377499160173 0.784126686962 1 1 4 0.24 1
147 3 4.5 0 1 8.3385 0.5 1.68025994301 0.125697713954 1 Lisa  425.3300901530001 0.064 0.510217535992 1.05456222905 1 1 4 0.24 1
148 4 6 0 0 11.2815 0.5 1.62158107758 0.0819591879575 1 Lisa  428.10827657700065 0.064 0.305301721645 1.03962188962 1 1 4 0.24 0
149 3 4.5 0 1 12.753 0.5 1.25990986824 0.064895131113 1 Lisa  430.8501132320007 0.064 0.313542099697 0.695014737127 1 1 4 0.24 1
150 4 4.5 0 1 9.81 0.5 1.54221916199 0.142765199446 1 Lisa  433.21568534500057 0.064 0.404871262127 0.899453962542 1 1 4 0.24 1
151 3 6 0 0 11.2815 0.5 1.74255204201 0.202930152389 1 Lisa  435.8596823650005 0.064 0.287152809575 1.03962188962 1 1 4 0.24 0
152 3 4.5 0 1 11.2815 0.5 1.41174697876 0.127620291798 1 Lisa  438.7301966640007 0.064 0.375779542583 0.784126686962 1 1 4 0.24 1
153 3 6 0 1 9.81 0.5 1.79699683189 0.105440893152 1 Lisa  441.25777011100035 0.064 0.587791228187 1.19155593874 1 1 4 0.24 1
154 3 6 0 1 6.867 0.5 2.38240599632 0.198649008747 1 Lisa  444.1732720250002 0.064 0.818004897092 1.68375698758 1 1 4 0.24 1
155 3 6 0 1 12.753 0.5 1.69524502754 0.273188339719 1 Lisa  447.6665632310005 0.064 0.426384540542 0.922056687823 1 1 4 0.24 1
156 3 6 0 0 12.753 0.5 1.56512999535 0.143073307523 1 Lisa  450.49007816500034 0.064 0.241276315134 0.922056687823 1 1 4 0.24 0
157 3 6 0 0 9.81 0.5 1.70637893677 0.0148229980256 1 Lisa  453.16947467299997 0.064 0.34454147688 1.19155593874 1 1 4 0.24 0
158 4 6 0 1 12.753 0.5 1.54798102379 0.125924335966 1 Lisa  455.99024340600045 0.064 0.445056119744 0.922056687823 1 1 4 0.24 1
159 4 6 0 0 6.867 0.5 2.28154993057 0.097792942997 1 Lisa  458.6638480800002 0.064 0.496978708269 1.68375698758 1 1 4 0.24 0
160 3 4.5 0 0 6.867 0.5 1.86459589005 0.090265015226 1 Lisa  462.0562820720006 0.064 0.371497771475 1.27433087482 1 1 4 0.24 0
161 3 4.5 0 1 12.753 0.5 1.23854994774 0.0435352106112 1 Lisa  465.0434523140002 0.064 0.330449638062 0.695014737127 1 1 4 0.24 1
162 3 6 0 1 11.2815 0.5 1.81707191467 0.277450025055 1 Lisa  467.4001841270001 0.064 0.469812586665 1.03962188962 1 1 4 0.24 1
163 4 6 0 0 9.81 0.5 1.82555484772 0.133998908975 1 Lisa  470.314792528 0.064 0.30415819624 1.19155593874 1 1 4 0.24 0
164 4 4.5 0 0 8.3385 0.5 1.64705395699 0.0924917279307 1 Lisa  473.25798119700084 0.064 0.264518690431 1.05456222905 1 1 4 0.24 0
165 3 6 0 1 9.81 0.5 1.85368418694 0.162128248193 1 Lisa  476.02318608300084 0.064 0.558640531424 1.19155593874 1 1 4 0.24 1
166 3 6 0 0 6.867 0.5 2.45367312431 0.269916136738 1 Lisa  478.99939504400027 0.064 0.482984854364 1.68375698758 1 1 4 0.24 0
167 4 6 0 1 9.81 0.5 1.86286902428 0.171313085535 1 Lisa  482.5753355680008 0.064 0.544544431065 1.19155593874 1 1 4 0.24 1
168 4 4.5 0 0 11.2815 0.5 1.43256783485 0.148441147892 1 Lisa  485.5599078510004 0.064 0.208337404116 0.784126686962 1 1 4 0.24 0
169 4 6 0 1 8.3385 0.5 2.17361497879 0.278099580794 1 Lisa  488.10773653600063 0.064 0.678515201937 1.395515398 1 1 4 0.24 1
170 4 4.5 0 1 9.81 0.5 1.53657793999 0.137123977445 1 Lisa  491.39243649700074 0.064 0.410227614239 0.899453962542 1 1 4 0.24 1
171 4 6 0 1 12.753 0.5 1.68497610092 0.262919413099 1 Lisa  494.0284380990006 0.064 0.457184896216 0.922056687823 1 1 4 0.24 1
172 4 4.5 0 0 6.867 0.5 1.84961891174 0.075288036924 1 Lisa  496.82076718400003 0.064 0.339532818716 1.27433087482 1 1 4 0.24 0
173 3 4.5 0 1 8.3385 0.5 10.3520870209 8.79752479182 1 Lisa  507.51539298600073 0.064 0.507827369605 1.05456222905 1 1 4 0.24 1
174 4 4.5 0 1 8.3385 0.5 1.70453310013 0.149970871073 1 Lisa  511.273588903 0.064 0.482433738883 1.05456222905 1 1 4 0.24 1
175 4 4.5 0 0 9.81 0.5 1.51394486427 0.114490901731 1 Lisa  514.0564934380009 0.064 0.247582363102 0.899453962542 1 1 4 0.24 0
176 4 6 0 0 11.2815 0.5 1.75637483597 0.21675294635 1 Lisa  516.6850417260002 0.064 0.291281320744 1.03962188962 1 1 4 0.24 0
177 3 4.5 0 1 9.81 0.5 1.51152992249 0.112075959944 1 Lisa  519.571117214 0.064 0.426088615057 0.899453962542 1 1 4 0.24 1
178 4 6 0 1 11.2815 0.5 1.56363511086 0.0240132212369 1 Lisa  522.1772180120006 0.064 0.511904481114 1.03962188962 1 1 4 0.24 1
179 3 6 0 1 8.3385 0.5 1.98860907555 0.0930936775502 1 Lisa  524.8487679720001 0.064 0.650314919421 1.395515398 1 1 4 0.24 1
180 3 6 0 1 6.867 0.5 2.26233100891 0.0785740213356 1 Lisa  527.9478379650009 0.064 0.769786120729 1.68375698758 1 1 4 0.24 1
181 4 6 0 0 6.867 0.5 2.36142396927 0.177666981693 1 Lisa  531.3148021710003 0.064 0.449706705395 1.68375698758 1 1 4 0.24 0
182 4 4.5 0 1 6.867 0.5 1.82502007484 0.0506892000252 1 Lisa  534.7968411870006 0.064 0.633175433749 1.27433087482 1 1 4 0.24 1
183 3 6 0 1 12.753 0.5 1.65703701973 0.234980331907 1 Lisa  537.7227911950004 0.064 0.431879613652 0.922056687823 1 1 4 0.24 1
184 3 6 0 0 12.753 0.5 1.56631684303 0.14426015521 1 Lisa  540.4971242290003 0.064 0.251551042764 0.922056687823 1 1 4 0.24 0
185 4 4.5 0 1 11.2815 0.5 1.4679479599 0.183821272938 1 Lisa  543.1697107760001 0.064 0.353212510689 0.784126686962 1 1 4 0.24 1
186 4 6 0 0 12.753 0.5 1.72732686996 0.305270182142 1 Lisa  545.7586734630004 0.064 0.263016202527 0.922056687823 1 1 4 0.24 0
187 3 6 0 0 11.2815 0.5 1.69697093964 0.157349050018 1 Lisa  548.5980981080002 0.064 0.275508944461 1.03962188962 1 1 4 0.24 0
188 3 4.5 0 0 9.81 0.5 1.59568095207 0.19622698953 1 Lisa  551.4103194380004 0.064 0.254316285965 0.899453962542 1 1 4 0.24 0
189 3 6 0 0 8.3385 0.5 1.99256110191 0.0970457039174 1 Lisa  554.0973036190007 0.064 0.415289102932 1.395515398 1 1 4 0.24 0
190 4 6 0 0 8.3385 0.5 2.09879899025 0.203283592254 1 Lisa  557.2172932270005 0.064 0.40467801208 1.395515398 1 1 4 0.24 0
191 3 4.5 0 0 8.3385 0.5 1.6311070919 0.0765448628489 1 Lisa  560.423456124 0.064 0.293638911387 1.05456222905 1 1 4 0.24 0
192 3 4.5 0 1 6.867 0.5 1.7895629406 0.0152320657784 1 Lisa  563.1702439120008 0.064 0.612833513876 1.27433087482 1 1 4 0.24 1
193 3 4.5 0 0 11.2815 0.5 1.33605599403 0.0519293070721 1 Lisa  566.075908582 0.064 0.231742985779 0.784126686962 1 1 4 0.24 0
194 4 6 0 1 6.867 0.5 2.46577191353 0.282014925953 1 Lisa  568.5176193700008 0.064 0.814476344403 1.68375698758 1 1 4 0.24 1
195 3 4.5 0 0 12.753 0.5 1.32795619965 0.132941462519 1 Lisa  572.0922350120009 0.064 0.176121404182 0.695014737127 1 1 4 0.24 0
196 4 4.5 0 1 12.753 0.5 1.24659705162 0.0515823144931 1 Lisa  574.5386793410007 0.064 0.313191718765 0.695014737127 1 1 4 0.24 1
197 3 6 0 0 9.81 0.5 1.74529504776 0.053739109018 1 Lisa  576.8882441770002 0.064 0.301745984233 1.19155593874 1 1 4 0.24 0
198 4 4.5 0 0 12.753 0.5 1.27046704292 0.0754523057956 1 Lisa  579.7623310900008 0.064 0.204587332715 0.695014737127 1 1 4 0.24 0
199 3 4.5 0 1 11.2815 0.5 1.31388187408 0.0297551871228 1 Lisa  582.1354008880007 0.064 0.386251746844 0.784126686962 1 1 4 0.24 1
200 4 4.5 0 1 8.3385 0.5 1.62936615944 0.0748039303843 1 Lisa  584.556805964 0.064 0.519313320564 1.05456222905 1 1 4 0.24 1
201 3 4.5 0 1 8.3385 0.5 1.65297102928 0.0984088002269 1 Lisa  587.3153494880007 0.064 0.510297347533 1.05456222905 1 1 4 0.24 1
202 4 6 0 1 9.81 0.5 1.81246089935 0.120904960611 1 Lisa  590.0728023020001 0.064 0.542720190997 1.19155593874 1 1 4 0.24 1
203 4 6 0 0 9.81 0.5 1.75184297562 0.0602870368745 1 Lisa  593.0018438110001 0.064 0.311698220011 1.19155593874 1 1 4 0.24 0
204 4 4.5 0 0 8.3385 0.5 1.64235782623 0.0877955971781 1 Lisa  595.8928477900008 0.064 0.270196310054 1.05456222905 1 1 4 0.24 0
205 3 6 0 0 6.867 0.5 2.39830088615 0.214543898579 1 Lisa  598.6275540670003 0.064 0.443239414255 1.68375698758 1 1 4 0.24 0
206 4 6 0 0 8.3385 0.5 2.08375477791 0.188239379912 1 Lisa  602.1318179660002 0.064 0.387040746979 1.395515398 1 1 4 0.24 0
207 3 6 0 0 9.81 0.5 1.77130103111 0.0797450923707 1 Lisa  605.3227319090001 0.064 0.304548975832 1.19155593874 1 1 4 0.24 0
208 3 4.5 0 1 11.2815 0.5 1.31676197052 0.0326352835583 1 Lisa  608.2099331830004 0.064 0.379193077575 0.784126686962 1 1 4 0.24 1
209 4 6 0 0 12.753 0.5 1.5567650795 0.134708391675 1 Lisa  610.6378289180002 0.064 0.276051311133 0.922056687823 1 1 4 0.24 0
210 4 4.5 0 1 12.753 0.5 1.25586390495 0.0608491678256 1 Lisa  613.2913197620001 0.064 0.339920530596 0.695014737127 1 1 4 0.24 1
211 3 6 0 1 11.2815 0.5 1.68414306641 0.144521176788 1 Lisa  615.6451547840006 0.064 0.470916894481 1.03962188962 1 1 4 0.24 1
212 3 4.5 0 1 9.81 0.5 1.44294905663 0.0434950940836 1 Lisa  618.4464404120008 0.064 0.448468552705 0.899453962542 1 1 4 0.24 1
213 3 4.5 0 0 8.3385 0.5 1.67014884949 0.115586620433 1 Lisa  620.9896118140005 0.064 0.303713055177 1.05456222905 1 1 4 0.24 0
214 4 6 0 1 11.2815 0.5 1.74216485023 0.202542960617 1 Lisa  623.7683704520005 0.064 0.516969157443 1.03962188962 1 1 4 0.24 1
215 3 4.5 0 0 6.867 0.5 1.83389210701 0.0595612321907 1 Lisa  626.6273204980007 0.064 0.333847285384 1.27433087482 1 1 4 0.24 0
216 3 6 0 1 12.753 0.5 1.66729593277 0.245239244947 1 Lisa  629.5733600400008 0.064 0.439306594832 0.922056687823 1 1 4 0.24 1
217 4 4.5 0 0 9.81 0.5 1.50369286537 0.10423890283 1 Lisa  632.3592234960006 0.064 0.256757997192 0.899453962542 1 1 4 0.24 0
218 3 4.5 0 0 11.2815 0.5 1.33999204636 0.0558653593945 1 Lisa  634.9702075580008 0.064 0.198241165397 0.784126686962 1 1 4 0.24 0
219 3 4.5 0 0 12.753 0.5 1.23834896088 0.0433342237491 1 Lisa  637.4057861950005 0.064 0.187312382061 0.695014737127 1 1 4 0.24 0
220 4 6 0 1 12.753 0.5 1.62907481194 0.207018124113 1 Lisa  639.7577058030001 0.064 0.427836468495 0.922056687823 1 1 4 0.24 1
221 4 4.5 0 0 11.2815 0.5 1.28731799126 0.003191304295 1 Lisa  642.5025885520008 0.064 0.203510822547 0.784126686962 1 1 4 0.24 0
222 3 4.5 0 0 9.81 0.5 1.43775391579 0.0382999532449 1 Lisa  644.9178386180001 0.064 0.25388281563 0.899453962542 1 1 4 0.24 0
223 4 6 0 1 8.3385 0.5 1.87850999832 -0.0170053996745 1 Lisa  647.4777302780003 0.064 0.671492496488 1.395515398 1 1 4 0.24 1
224 4 6 0 0 11.2815 0.5 1.61354804039 0.0739261507718 1 Lisa  650.4702146930003 0.064 0.310606731618 1.03962188962 1 1 4 0.24 0
225 4 4.5 0 1 9.81 0.5 1.514138937 0.114684974455 1 Lisa  653.1948138840007 0.064 0.424574246106 0.899453962542 1 1 4 0.24 1
226 4 6 0 0 6.867 0.5 2.28322315216 0.0994661645851 1 Lisa  655.8035937600007 0.064 0.455723597938 1.68375698758 1 1 4 0.24 0
227 3 4.5 0 1 12.753 0.5 1.2712688446 0.0762541074771 1 Lisa  659.1957656310005 0.064 0.337839428086 0.695014737127 1 1 4 0.24 1
228 3 4.5 0 1 6.867 0.5 1.88557291031 0.11124203549 1 Lisa  661.5893519910005 0.064 0.58940043715 1.27433087482 1 1 4 0.24 1
229 3 6 0 1 6.867 0.5 2.37342095375 0.189663966175 1 Lisa  664.5688989780001 0.064 0.793137646887 1.68375698758 1 1 4 0.24 1
230 4 4.5 0 0 6.867 0.5 1.80944895744 0.0351180826241 1 Lisa  668.0337513140003 0.064 0.364153189565 1.27433087482 1 1 4 0.24 0
231 3 6 0 0 12.753 0.5 1.53661990166 0.114563213834 1 Lisa  670.9473118440001 0.064 0.257805667948 0.922056687823 1 1 4 0.24 0
232 3 6 0 0 8.3385 0.5 1.91855216026 0.023036762267 1 Lisa  673.6093631390004 0.064 0.350255300209 1.395515398 1 1 4 0.24 0
233 4 4.5 0 1 11.2815 0.5 1.21902608871 -0.0651005982471 1 Lisa  676.642230466 0.064 0.358914242144 0.784126686962 1 1 4 0.24 1
234 3 6 0 1 8.3385 0.5 1.90582108498 0.0103056869801 1 Lisa  678.9605498000001 0.064 0.691292675687 1.395515398 1 1 4 0.24 1
235 4 4.5 0 1 6.867 0.5 1.80813002586 0.0337991510445 1 Lisa  681.9794082550006 0.064 0.623691342529 1.27433087482 1 1 4 0.24 1
236 3 6 0 0 11.2815 0.5 1.68323516846 0.143613278839 1 Lisa  684.8858053670001 0.064 0.298690986864 1.03962188962 1 1 4 0.24 0
237 3 6 0 1 9.81 0.5 1.77430987358 0.082753934839 1 Lisa  687.6752066940007 0.064 0.54517572381 1.19155593874 1 1 4 0.24 1
238 4 6 0 1 6.867 0.5 2.44261288643 0.258855898853 1 Lisa  690.5557844090008 0.064 0.784631571216 1.68375698758 1 1 4 0.24 1
239 4 4.5 0 0 12.753 0.5 1.30808591843 0.113071181299 1 Lisa  694.1070266850002 0.064 0.183690705668 0.695014737127 1 1 4 0.24 0
