trial vx vy vz LongOcclusion g timeStill rTime TemporalError environment id pupiltime IOD OccludedTimeOfTrajectory FlightDuration Drag DragFirst block accuracy LongOcclusion
0 3 6 0 0 11.2815 0.5 10.559221983 9.01960009334 1 Rodolfo  3.1013212069992733 0.062 0.284026867005 1.03962188962 1 1 3 0.91 0
1 4 6 0 1 8.3385 0.5 0.137296915054 -1.75821848294 1 Rodolfo  14.781497701998887 0.062 0.640932592877 1.395515398 1 1 3 0.91 1
2 4 6 0 0 12.753 0.5 2.14795899391 0.725902306089 1 Rodolfo  15.880559123997955 0.062 0.268726263091 0.922056687823 1 1 3 0.91 0
3 3 6 0 1 12.753 0.5 2.4837038517 1.06164716388 1 Rodolfo  19.144773675998294 0.062 0.457296307219 0.922056687823 1 1 3 0.91 1
4 4 4.5 0 1 11.2815 0.5 17.1573569775 15.8732302905 1 Rodolfo  22.75659993299996 0.062 0.38816610901 0.784126686962 1 1 3 0.91 1
5 4 6 0 0 11.2815 0.5 1.57505106926 0.0354291796414 1 Rodolfo  41.02809567199802 0.062 0.306163995979 1.03962188962 1 1 3 0.91 0
6 4 4.5 0 1 8.3385 0.5 1.42588686943 -0.128675359624 1 Rodolfo  43.6753589430009 0.062 0.513958453072 1.05456222905 1 1 3 0.91 1
7 3 6 0 0 12.753 0.5 1.35470199585 -0.0673546919732 1 Rodolfo  46.2011537699982 0.062 0.232303736137 0.922056687823 1 1 3 0.91 0
8 4 4.5 0 1 12.753 0.5 1.23020100594 0.0351862688083 1 Rodolfo  48.652801382999314 0.062 0.316507219995 0.695014737127 1 1 3 0.91 1
9 3 4.5 0 1 8.3385 0.5 1.48712801933 -0.0674342097219 1 Rodolfo  50.99871822999921 0.062 0.521931742353 1.05456222905 1 1 3 0.91 1
10 3 4.5 0 0 6.867 0.5 1.81761097908 0.043280104261 1 Rodolfo  53.56912573799855 0.062 0.324403167957 1.27433087482 1 1 3 0.91 0
11 3 6 0 0 6.867 0.5 2.18854212761 0.00478514003371 1 Rodolfo  56.48397366000063 0.062 0.50216765932 1.68375698758 1 1 3 0.91 0
12 4 4.5 0 1 6.867 0.5 2.9884018898 1.21407101498 1 Rodolfo  59.77680748900093 0.062 0.630128539137 1.27433087482 1 1 3 0.91 1
13 4 6 0 1 12.753 0.5 4.36087703705 2.93882034923 1 Rodolfo  63.885226731999865 0.062 0.45689074598 0.922056687823 1 1 3 0.91 1
14 4 6 0 1 6.867 0.5 7.40079784393 5.21704085636 1 Rodolfo  76.26151304800078 0.062 0.758427672276 1.68375698758 1 1 3 0.91 1
15 3 4.5 0 0 12.753 0.5 7.40079784393 5.21704085636 1 Rodolfo  77.45974460499929 0.062 0.188793983862 0.695014737127 1 1 3 0.91 0
16 3 6 0 1 9.81 0.5 7.40079784393 5.21704085636 1 Rodolfo  77.62722947300063 0.062 0.580184128548 1.19155593874 1 1 3 0.91 1
17 4 4.5 0 0 9.81 0.5 1.35853791237 -0.040916050173 1 Rodolfo  77.84190177900018 0.062 0.252158799349 0.899453962542 1 1 3 0.91 0
18 4 6 0 1 11.2815 0.5 3.585064888 2.04544299838 1 Rodolfo  80.30084197099859 0.062 0.477455842579 1.03962188962 1 1 3 0.91 1
19 4 6 0 0 6.867 0.5 1.90257191658 -0.281185070995 1 Rodolfo  84.99068873899887 0.062 0.445419321188 1.68375698758 1 1 3 0.91 0
20 3 6 0 0 8.3385 0.5 2.48846912384 0.592953725844 1 Rodolfo  87.99494600099933 0.062 0.384005330953 1.395515398 1 1 3 0.91 0
21 4 4.5 0 0 6.867 0.5 1.85337996483 0.0790490900093 1 Rodolfo  91.54960362600104 0.062 0.358950159219 1.27433087482 1 1 3 0.91 0
22 4 6 0 0 8.3385 0.5 3.37305092812 1.47753553012 1 Rodolfo  94.51776765400064 0.062 0.382222938504 1.395515398 1 1 3 0.91 0
23 4 4.5 0 0 8.3385 0.5 1.71479010582 0.160227876765 1 Rodolfo  98.99126611300017 0.062 0.295004155129 1.05456222905 1 1 3 0.91 0
24 4 4.5 0 0 11.2815 0.5 1.4582118988 0.174085211842 1 Rodolfo  101.84094253000148 0.062 0.213146318036 0.784126686962 1 1 3 0.91 0
25 3 4.5 0 1 12.753 0.5 1.27775406837 0.0827393312472 1 Rodolfo  104.42059004999828 0.062 0.316722151129 0.695014737127 1 1 3 0.91 1
26 3 4.5 0 0 11.2815 0.5 5.31179404259 4.02766735563 1 Rodolfo  106.82114644600006 0.062 0.225216545423 0.784126686962 1 1 3 0.91 0
27 3 4.5 0 0 9.81 0.5 1.41467690468 0.0152229421365 1 Rodolfo  113.26094469999953 0.062 0.230870903254 0.899453962542 1 1 3 0.91 0
28 4 6 0 0 9.81 0.5 1.51633405685 -0.175221881888 1 Rodolfo  115.80515643900071 0.062 0.327519560121 1.19155593874 1 1 3 0.91 0
29 4 4.5 0 1 9.81 0.5 1.28725910187 -0.112194860674 1 Rodolfo  118.41100936699877 0.062 0.435974550845 0.899453962542 1 1 3 0.91 1
30 3 6 0 1 11.2815 0.5 1.45599389076 -0.0836279988559 1 Rodolfo  120.79431875099908 0.062 0.518837498462 1.03962188962 1 1 3 0.91 1
31 3 4.5 0 1 6.867 0.5 1.79460787773 0.0202770029122 1 Rodolfo  123.35505412199927 0.062 0.636984719182 1.27433087482 1 1 3 0.91 1
32 3 6 0 0 9.81 0.5 1.41890501976 -0.272650918982 1 Rodolfo  126.26237486399987 0.062 0.302598925074 1.19155593874 1 1 3 0.91 0
33 3 4.5 0 0 8.3385 0.5 1.48562693596 -0.0689352930959 1 Rodolfo  128.78203621300054 0.062 0.266874850907 1.05456222905 1 1 3 0.91 0
34 3 6 0 1 6.867 0.5 1.47600889206 -0.707748095516 1 Rodolfo  131.3832899070003 0.062 0.770321446484 1.68375698758 1 1 3 0.91 1
35 3 6 0 1 8.3385 0.5 1.65052890778 -0.24498649022 1 Rodolfo  133.9618889529993 0.062 0.686861583286 1.395515398 1 1 3 0.91 1
36 3 4.5 0 1 11.2815 0.5 1.30306601524 0.0189393282818 1 Rodolfo  136.73391554599948 0.062 0.366742646364 0.784126686962 1 1 3 0.91 1
37 4 6 0 1 9.81 0.5 1.47952485085 -0.212031087897 1 Rodolfo  139.14591222400122 0.062 0.546598455686 1.19155593874 1 1 3 0.91 1
38 3 4.5 0 1 9.81 0.5 1.29818916321 -0.101264799334 1 Rodolfo  141.7396171859982 0.062 0.416928634753 0.899453962542 1 1 3 0.91 1
39 4 4.5 0 0 12.753 0.5 1.14126610756 -0.0537486295682 1 Rodolfo  144.15071900600014 0.062 0.175045449365 0.695014737127 1 1 3 0.91 0
40 4 4.5 0 1 8.3385 0.5 1.1973669529 -0.357195276159 1 Rodolfo  146.3929049719991 0.062 0.504588820971 1.05456222905 1 1 3 0.91 1
41 3 4.5 0 1 8.3385 0.5 1.28852295876 -0.266039270299 1 Rodolfo  148.71120428499853 0.062 0.497025487891 1.05456222905 1 1 3 0.91 1
42 3 4.5 0 0 9.81 0.5 1.43427801132 0.0348240487802 1 Rodolfo  151.14082388099996 0.062 0.250479568685 0.899453962542 1 1 3 0.91 0
43 3 6 0 1 9.81 0.5 1.54439616203 -0.147159776709 1 Rodolfo  153.69268297099916 0.062 0.551303086344 1.19155593874 1 1 3 0.91 1
44 4 4.5 0 1 11.2815 0.5 1.25617194176 -0.0279547452045 1 Rodolfo  156.36143384800016 0.062 0.367655931555 0.784126686962 1 1 3 0.91 1
45 4 6 0 0 12.753 0.5 1.32862091064 -0.0934357771783 1 Rodolfo  158.73622635799984 0.062 0.234458457144 0.922056687823 1 1 3 0.91 0
46 3 4.5 0 0 8.3385 0.5 1.46460199356 -0.089960235494 1 Rodolfo  161.18656512899906 0.062 0.286809666587 1.05456222905 1 1 3 0.91 0
47 4 4.5 0 0 6.867 0.5 3.18481588364 1.41048500882 1 Rodolfo  163.77540817699992 0.062 0.379545932619 1.27433087482 1 1 3 0.91 0
48 3 6 0 1 8.3385 0.5 1.99184703827 0.096331640273 1 Rodolfo  168.04799664899838 0.062 0.660300282936 1.395515398 1 1 3 0.91 1
49 3 6 0 0 8.3385 0.5 1.96202611923 0.0665107212361 1 Rodolfo  171.13403291199938 0.062 0.374307997926 1.395515398 1 1 3 0.91 0
50 4 4.5 0 0 12.753 0.5 1.28174495697 0.0867302198428 1 Rodolfo  174.23067846299818 0.062 0.205209883822 0.695014737127 1 1 3 0.91 0
51 4 4.5 0 0 8.3385 0.5 1.47352290154 -0.0810393275197 1 Rodolfo  176.61073548499917 0.062 0.30878300858 1.05456222905 1 1 3 0.91 0
52 4 4.5 0 1 6.867 0.5 1.60640501976 -0.167925855059 1 Rodolfo  179.18602869000097 0.062 0.596632599541 1.27433087482 1 1 3 0.91 1
53 4 6 0 1 9.81 0.5 1.51491785049 -0.176638088248 1 Rodolfo  181.89108554400082 0.062 0.586340561041 1.19155593874 1 1 3 0.91 1
54 4 6 0 1 8.3385 0.5 1.66462087631 -0.230894521684 1 Rodolfo  184.51949936399978 0.062 0.655360098425 1.395515398 1 1 3 0.91 1
55 4 6 0 1 6.867 0.5 1.87052893639 -0.313228051189 1 Rodolfo  187.29966323700137 0.062 0.76296831845 1.68375698758 1 1 3 0.91 1
56 3 4.5 0 1 6.867 0.5 1.5499830246 -0.224347850222 1 Rodolfo  190.29113337799936 0.062 0.612021788801 1.27433087482 1 1 3 0.91 1
57 4 6 0 0 6.867 0.5 1.70792388916 -0.475833098415 1 Rodolfo  192.9650505089994 0.062 0.420978399188 1.68375698758 1 1 3 0.91 0
58 3 4.5 0 1 9.81 0.5 1.38711214066 -0.0123418218863 1 Rodolfo  195.78772709300029 0.062 0.418473170683 0.899453962542 1 1 3 0.91 1
59 3 4.5 0 1 11.2815 0.5 1.2199909687 -0.0641357182575 1 Rodolfo  198.2898918589999 0.062 0.388877551084 0.784126686962 1 1 3 0.91 1
60 3 6 0 0 12.753 0.5 1.41614699364 -0.00590969418572 1 Rodolfo  200.63448209299895 0.062 0.256325851413 0.922056687823 1 1 3 0.91 0
61 3 4.5 0 0 12.753 0.5 1.55064797401 0.355633236887 1 Rodolfo  203.16444209700057 0.062 0.200814269958 0.695014737127 1 1 3 0.91 0
62 3 4.5 0 1 12.753 0.5 1.2536149025 0.0586001653689 1 Rodolfo  205.836186059998 0.062 0.343259851055 0.695014737127 1 1 3 0.91 1
63 3 6 0 1 6.867 0.5 1.95949292183 -0.224264065746 1 Rodolfo  208.22590068299905 0.062 0.832535221612 1.68375698758 1 1 3 0.91 1
64 4 6 0 1 12.753 0.5 1.41393899918 -0.00811768864678 1 Rodolfo  211.30004500799987 0.062 0.45109265531 0.922056687823 1 1 3 0.91 1
65 3 6 0 1 12.753 0.5 1.32121300697 -0.10084368085 1 Rodolfo  213.8174898090001 0.062 0.436919485114 0.922056687823 1 1 3 0.91 1
66 4 4.5 0 0 11.2815 0.5 1.21957397461 -0.0645527123523 1 Rodolfo  216.26008103999993 0.062 0.209399976325 0.784126686962 1 1 3 0.91 0
67 4 4.5 0 1 12.753 0.5 1.00747203827 -0.187542698858 1 Rodolfo  218.60830559500027 0.062 0.332758101399 0.695014737127 1 1 3 0.91 1
68 3 4.5 0 0 6.867 0.5 1.51989507675 -0.254435798067 1 Rodolfo  220.72948737099796 0.062 0.337844926453 1.27433087482 1 1 3 0.91 0
69 4 4.5 0 1 9.81 0.5 1.28626799583 -0.113185966707 1 Rodolfo  223.3693900899998 0.062 0.442505261363 0.899453962542 1 1 3 0.91 1
70 3 6 0 0 6.867 0.5 2.16309309006 -0.0206638975182 1 Rodolfo  225.7742069829983 0.062 0.429920511498 1.68375698758 1 1 3 0.91 0
71 3 6 0 1 11.2815 0.5 1.61628890038 0.0766670107571 1 Rodolfo  229.06208528199932 0.062 0.485138272571 1.03962188962 1 1 3 0.91 1
72 4 4.5 0 0 9.81 0.5 1.29514694214 -0.104307020403 1 Rodolfo  231.80426600899955 0.062 0.244270449319 0.899453962542 1 1 3 0.91 0
73 4 6 0 1 11.2815 0.5 1.61295008659 0.0733281969754 1 Rodolfo  234.20488145000127 0.062 0.49070432204 1.03962188962 1 1 3 0.91 1
74 3 6 0 0 9.81 0.5 1.60665297508 -0.0849029636596 1 Rodolfo  236.94387657499828 0.062 0.352173670527 1.19155593874 1 1 3 0.91 0
75 3 4.5 0 0 11.2815 0.5 1.21426296234 -0.0698637246204 1 Rodolfo  239.67929891699896 0.062 0.20640743154 0.784126686962 1 1 3 0.91 0
76 4 6 0 0 11.2815 0.5 1.81051516533 0.270893275711 1 Rodolfo  241.9990885799998 0.062 0.296700917811 1.03962188962 1 1 3 0.91 0
77 4 6 0 0 9.81 0.5 1.70842814445 0.016872205713 1 Rodolfo  244.9194444579989 0.062 0.34964954566 1.19155593874 1 1 3 0.91 0
78 4 6 0 0 8.3385 0.5 1.43518018723 -0.460335210771 1 Rodolfo  247.74050160099796 0.062 0.373818724244 1.395515398 1 1 3 0.91 0
79 3 6 0 0 11.2815 0.5 1.69607996941 0.156458079788 1 Rodolfo  250.28018434000114 0.062 0.311430360249 1.03962188962 1 1 3 0.91 0
80 4 4.5 0 0 11.2815 0.5 1.41953611374 0.135409426777 1 Rodolfo  253.08064075899892 0.062 0.214689965013 0.784126686962 1 1 3 0.91 0
81 4 6 0 0 11.2815 0.5 1.48629498482 -0.0533269048007 1 Rodolfo  255.62404152999807 0.062 0.295887641129 1.03962188962 1 1 3 0.91 0
82 3 6 0 0 6.867 0.5 2.08352398872 -0.100232998852 1 Rodolfo  258.2201393530013 0.062 0.499904826384 1.68375698758 1 1 3 0.91 0
83 4 6 0 0 9.81 0.5 1.71610617638 0.0245502376344 1 Rodolfo  261.4151719699985 0.062 0.34851429202 1.19155593874 1 1 3 0.91 0
84 4 4.5 0 1 9.81 0.5 4.29014611244 2.8906921499 1 Rodolfo  264.210273820001 0.062 0.41053569249 0.899453962542 1 1 3 0.91 1
85 4 4.5 0 1 6.867 0.5 1.60873103142 -0.165599843401 1 Rodolfo  269.6188699640006 0.062 0.625507888552 1.27433087482 1 1 3 0.91 1
86 4 6 0 1 12.753 0.5 1.25739812851 -0.164658559313 1 Rodolfo  272.3404398829989 0.062 0.433959012138 0.922056687823 1 1 3 0.91 1
87 3 6 0 1 6.867 0.5 1.41489505768 -0.768861929897 1 Rodolfo  274.71011698299844 0.062 0.787189251073 1.68375698758 1 1 3 0.91 1
88 4 4.5 0 1 8.3385 0.5 1.90676116943 0.352198940379 1 Rodolfo  277.24432326399983 0.062 0.484038318273 1.05456222905 1 1 3 0.91 1
89 3 4.5 0 0 12.753 0.5 1.37778878212 0.182774044992 1 Rodolfo  280.2623317129983 0.062 0.201317917837 0.695014737127 1 1 3 0.91 0
90 4 4.5 0 0 9.81 0.5 1.49818992615 0.0987359636057 1 Rodolfo  282.7609583379999 0.062 0.262340673873 0.899453962542 1 1 3 0.91 0
91 3 6 0 1 11.2815 0.5 1.50621986389 -0.0334020257266 1 Rodolfo  285.3660213809999 0.062 0.494214888236 1.03962188962 1 1 3 0.91 1
92 3 4.5 0 1 12.753 0.5 1.30723309517 0.112218358042 1 Rodolfo  288.00148791099855 0.062 0.340985009848 0.695014737127 1 1 3 0.91 1
93 3 4.5 0 1 8.3385 0.5 1.45549297333 -0.0990692557271 1 Rodolfo  290.411322068001 0.062 0.522285704842 1.05456222905 1 1 3 0.91 1
94 4 4.5 0 1 12.753 0.5 1.16293406487 -0.0320806722623 1 Rodolfo  292.9906161079998 0.062 0.33201121795 0.695014737127 1 1 3 0.91 1
95 4 6 0 1 11.2815 0.5 1.48595905304 -0.0536628365787 1 Rodolfo  295.2634569139991 0.062 0.484788140041 1.03962188962 1 1 3 0.91 1
96 4 6 0 1 9.81 0.5 1.53456807137 -0.156987867377 1 Rodolfo  297.85635284100135 0.062 0.594477591098 1.19155593874 1 1 3 0.91 1
97 4 4.5 0 0 6.867 0.5 1.82827186584 0.0539409910256 1 Rodolfo  300.4970974530006 0.062 0.333538827864 1.27433087482 1 1 3 0.91 0
98 3 4.5 0 0 8.3385 0.5 1.51385807991 -0.0407041491445 1 Rodolfo  303.44007058200077 0.062 0.312351200564 1.05456222905 1 1 3 0.91 0
99 4 4.5 0 0 12.753 0.5 1.28451704979 0.089502312662 1 Rodolfo  306.06235925299916 0.062 0.183747491897 0.695014737127 1 1 3 0.91 0
100 4 6 0 0 12.753 0.5 1.45181083679 0.0297541489692 1 Rodolfo  308.46095915099795 0.062 0.275274659836 0.922056687823 1 1 3 0.91 0
101 3 6 0 0 11.2815 0.5 1.48701310158 -0.0526087880405 1 Rodolfo  311.02620278799805 0.062 0.283840968434 1.03962188962 1 1 3 0.91 0
102 3 4.5 0 1 6.867 0.5 1.51427793503 -0.260052939791 1 Rodolfo  313.6339327249989 0.062 0.612850691449 1.27433087482 1 1 3 0.91 1
103 3 4.5 0 0 9.81 0.5 1.28303408623 -0.116419876314 1 Rodolfo  316.2621825130009 0.062 0.232360849278 0.899453962542 1 1 3 0.91 0
104 4 4.5 0 1 11.2815 0.5 1.23802495003 -0.0461017369342 1 Rodolfo  318.64749229800145 0.062 0.357422490034 0.784126686962 1 1 3 0.91 1
105 3 6 0 1 9.81 0.5 1.65000700951 -0.0415489292357 1 Rodolfo  321.01019946700035 0.062 0.57100645414 1.19155593874 1 1 3 0.91 1
106 3 6 0 0 8.3385 0.5 1.98976993561 0.0942545376118 1 Rodolfo  323.7774828449983 0.062 0.380657695009 1.395515398 1 1 3 0.91 0
107 4 6 0 1 6.867 0.5 1.87283587456 -0.310921113018 1 Rodolfo  326.906130323001 0.062 0.782067525857 1.68375698758 1 1 3 0.91 1
108 4 4.5 0 0 8.3385 0.5 1.48785996437 -0.066702264684 1 Rodolfo  329.8679376129985 0.062 0.298727434697 1.05456222905 1 1 3 0.91 0
109 3 6 0 0 9.81 0.5 3.48202681541 1.79047087667 1 Rodolfo  332.464971161 0.062 0.311522269393 1.19155593874 1 1 3 0.91 0
110 3 6 0 0 12.753 0.5 1.78008103371 0.358024345884 1 Rodolfo  337.06735158000083 0.062 0.267217279534 0.922056687823 1 1 3 0.91 0
111 3 6 0 1 8.3385 0.5 1.66751408577 -0.228001312226 1 Rodolfo  339.96978341700014 0.062 0.686817808445 1.395515398 1 1 3 0.91 1
112 3 4.5 0 1 11.2815 0.5 1.36312484741 0.0789981604504 1 Rodolfo  342.74319819599987 0.062 0.359173385392 0.784126686962 1 1 3 0.91 1
113 4 6 0 0 6.867 0.5 2.1691300869 -0.0146269006767 1 Rodolfo  345.2294741500009 0.062 0.491414722771 1.68375698758 1 1 3 0.91 0
114 3 4.5 0 1 9.81 0.5 1.41454100609 0.0150870435465 1 Rodolfo  348.499924699001 0.062 0.433864027474 0.899453962542 1 1 3 0.91 1
115 4 6 0 0 8.3385 0.5 1.98743796349 0.0919225654897 1 Rodolfo  351.0367244199988 0.062 0.35320941615 1.395515398 1 1 3 0.91 0
116 3 4.5 0 0 6.867 0.5 1.86389112473 0.0895602499062 1 Rodolfo  354.13668154100014 0.062 0.346432817232 1.27433087482 1 1 3 0.91 0
117 3 6 0 1 12.753 0.5 1.48518610001 0.0631294121833 1 Rodolfo  357.12843793999855 0.062 0.43488211118 0.922056687823 1 1 3 0.91 1
118 3 4.5 0 0 11.2815 0.5 1.4300160408 0.14588935384 1 Rodolfo  359.69898832000035 0.062 0.20261964505 0.784126686962 1 1 3 0.91 0
119 4 6 0 1 8.3385 0.5 2.09206581116 0.196550413161 1 Rodolfo  362.21854186199926 0.062 0.644290150236 1.395515398 1 1 3 0.91 1
120 3 6 0 0 12.753 0.5 1.27126812935 -0.150788558474 1 Rodolfo  365.41656588800106 0.062 0.262365443474 0.922056687823 1 1 3 0.91 0
121 3 4.5 0 1 8.3385 0.5 1.55426192284 -0.000300306218459 1 Rodolfo  367.79306091200124 0.062 0.47740423385 1.05456222905 1 1 3 0.91 1
122 4 6 0 1 11.2815 0.5 1.4939930439 -0.0456288457187 1 Rodolfo  370.4331649150008 0.062 0.494776578292 1.03962188962 1 1 3 0.91 1
123 3 4.5 0 1 12.753 0.5 1.25553703308 0.0605222959537 1 Rodolfo  373.05517023399807 0.062 0.333351244116 0.695014737127 1 1 3 0.91 1
124 3 6 0 0 6.867 0.5 2.13115596771 -0.0526010198631 1 Rodolfo  375.42510011899867 0.062 0.468555296696 1.68375698758 1 1 3 0.91 0
125 3 4.5 0 1 11.2815 0.5 1.32716298103 0.0430362940716 1 Rodolfo  378.67280322900115 0.062 0.360514199091 0.784126686962 1 1 3 0.91 1
126 3 4.5 0 0 12.753 0.5 1.0743060112 -0.120708725927 1 Rodolfo  381.11904017800043 0.062 0.207558791717 0.695014737127 1 1 3 0.91 0
127 3 6 0 1 12.753 0.5 1.40659809113 -0.0154585966973 1 Rodolfo  383.3203733730006 0.062 0.452593069514 0.922056687823 1 1 3 0.91 1
128 4 6 0 1 8.3385 0.5 4.52842712402 2.63291172603 1 Rodolfo  385.8563241289994 0.062 0.669611841868 1.395515398 1 1 3 0.91 1
129 4 4.5 0 0 8.3385 0.5 1.10841012001 -0.446152109044 1 Rodolfo  391.49725210999895 0.062 0.280731329935 1.05456222905 1 1 3 0.91 0
130 4 4.5 0 0 9.81 0.5 19.2817738056 17.8823198431 1 Rodolfo  411.80774422600007 0.062 0.263428461829 0.899453962542 1 1 3 0.91 0
131 3 6 0 1 11.2815 0.5 19.4225828648 18.0231289022 1 Rodolfo  413.1830215049995 0.062 0.513737477291 1.03962188962 1 1 3 0.91 1
132 3 6 0 0 8.3385 0.5 19.4225828648 18.0231289022 1 Rodolfo  413.38683260999824 0.062 0.383738260493 1.395515398 1 1 3 0.91 0
133 4 6 0 1 6.867 0.5 19.4225828648 18.0231289022 1 Rodolfo  413.38683260999824 0.062 0.383738260493 1.395515398 1 1 3 0.91 0
134 3 4.5 0 1 6.867 0.5 19.4225828648 18.0231289022 1 Rodolfo  413.6913840800007 0.062 0.598799660908 1.27433087482 1 1 3 0.91 1
135 4 4.5 0 0 11.2815 0.5 19.4225828648 18.0231289022 1 Rodolfo  413.79401390099883 0.062 0.234385257102 0.784126686962 1 1 3 0.91 0
136 4 6 0 0 9.81 0.5 19.4225828648 18.0231289022 1 Rodolfo  413.93723880999823 0.062 0.29908021846 1.19155593874 1 1 3 0.91 0
137 4 6 0 0 6.867 0.5 19.4225828648 18.0231289022 1 Rodolfo  414.1054740770014 0.062 0.491424743128 1.68375698758 1 1 3 0.91 0
138 4 6 0 1 12.753 0.5 1.34851312637 -0.0735435614495 1 Rodolfo  414.23522799299826 0.062 0.42666486459 0.922056687823 1 1 3 0.91 1
139 3 4.5 0 1 9.81 0.5 1.27965307236 -0.119800890185 1 Rodolfo  416.70014506000007 0.062 0.440535263183 0.899453962542 1 1 3 0.91 1
140 4 4.5 0 1 11.2815 0.5 1.2302339077 -0.0538927792621 1 Rodolfo  419.09811787999934 0.062 0.384736247814 0.784126686962 1 1 3 0.91 1
141 4 4.5 0 0 6.867 0.5 1.21792411804 -0.556406756777 1 Rodolfo  421.4448413179998 0.062 0.361635399457 1.27433087482 1 1 3 0.91 0
142 3 6 0 1 8.3385 0.5 2.62446093559 0.728945537597 1 Rodolfo  423.78948234700147 0.062 0.672475272201 1.395515398 1 1 3 0.91 1
143 3 4.5 0 0 11.2815 0.5 1.40831804276 0.124191355793 1 Rodolfo  427.53583036299824 0.062 0.232565974801 0.784126686962 1 1 3 0.91 0
144 4 4.5 0 1 9.81 0.5 1.31812310219 -0.0813308603537 1 Rodolfo  430.06767134099937 0.062 0.4480754349 0.899453962542 1 1 3 0.91 1
145 4 6 0 0 8.3385 0.5 1.6716530323 -0.223862365693 1 Rodolfo  432.4963597450005 0.062 0.401014287139 1.395515398 1 1 3 0.91 0
146 3 6 0 0 9.81 0.5 1.51042103767 -0.181134901068 1 Rodolfo  435.2840149340009 0.062 0.329719159506 1.19155593874 1 1 3 0.91 0
147 3 6 0 1 6.867 0.5 1.94077086449 -0.242986123089 1 Rodolfo  437.90436057899933 0.062 0.770189915262 1.68375698758 1 1 3 0.91 1
148 4 6 0 1 9.81 0.5 1.44480991364 -0.246746025107 1 Rodolfo  440.9494308249996 0.062 0.58710488056 1.19155593874 1 1 3 0.91 1
149 3 6 0 0 11.2815 0.5 1.63506507874 0.0954431891171 1 Rodolfo  443.5081485349983 0.062 0.265728274601 1.03962188962 1 1 3 0.91 0
150 4 4.5 0 1 8.3385 0.5 1.41332006454 -0.14124216451 1 Rodolfo  446.24568882899985 0.062 0.526020947715 1.05456222905 1 1 3 0.91 1
151 3 6 0 1 9.81 0.5 1.6170270443 -0.0745288944457 1 Rodolfo  448.76994018299956 0.062 0.548932102503 1.19155593874 1 1 3 0.91 1
152 4 4.5 0 1 12.753 0.5 1.16827201843 -0.0267427186948 1 Rodolfo  451.5158168179987 0.062 0.330449141825 0.695014737127 1 1 3 0.91 1
153 4 6 0 0 12.753 0.5 1.25403118134 -0.168025506487 1 Rodolfo  453.7887787039981 0.062 0.234022413061 0.922056687823 1 1 3 0.91 0
154 3 4.5 0 0 6.867 0.5 1.48302698135 -0.291303893465 1 Rodolfo  456.16485453800124 0.062 0.326105257572 1.27433087482 1 1 3 0.91 0
155 3 4.5 0 0 8.3385 0.5 1.55314707756 -0.00141515149434 1 Rodolfo  458.74113051699896 0.062 0.283945357397 1.05456222905 1 1 3 0.91 0
156 3 4.5 0 0 9.81 0.5 1.41510891914 0.0156549566019 1 Rodolfo  461.4129431000001 0.062 0.266276838736 0.899453962542 1 1 3 0.91 0
157 4 4.5 0 1 6.867 0.5 1.44636106491 -0.327969809908 1 Rodolfo  463.95776249700066 0.062 0.619355048496 1.27433087482 1 1 3 0.91 1
158 4 6 0 0 11.2815 0.5 1.52840805054 -0.0112138390811 1 Rodolfo  466.4992123250013 0.062 0.303209207157 1.03962188962 1 1 3 0.91 0
159 4 4.5 0 0 12.753 0.5 1.29534888268 0.100334145548 1 Rodolfo  469.1584902989998 0.062 0.207657270266 0.695014737127 1 1 3 0.91 0
160 4 4.5 0 0 8.3385 0.5 1.56098198891 0.0064197598521 1 Rodolfo  471.5618375369995 0.062 0.282304231612 1.05456222905 1 1 3 0.91 0
161 4 6 0 1 8.3385 0.5 1.28573203087 -0.609783367128 1 Rodolfo  474.23385644299924 0.062 0.641696571273 1.395515398 1 1 3 0.91 1
162 3 6 0 0 11.2815 0.5 1.54559612274 0.00597423312347 1 Rodolfo  476.64704959200026 0.062 0.268295892652 1.03962188962 1 1 3 0.91 0
163 4 6 0 1 6.867 0.5 1.91272521019 -0.271031777386 1 Rodolfo  479.3163834139996 0.062 0.82920013879 1.68375698758 1 1 3 0.91 1
164 4 4.5 0 0 9.81 0.5 1.32512617111 -0.0743277914297 1 Rodolfo  482.34293428599995 0.062 0.227073096769 0.899453962542 1 1 3 0.91 0
165 3 6 0 0 9.81 0.5 1.89822292328 0.206666984537 1 Rodolfo  484.78192734700133 0.062 0.339156757452 1.19155593874 1 1 3 0.91 0
166 4 6 0 0 12.753 0.5 1.51961994171 0.0975632538886 1 Rodolfo  487.79676427699815 0.062 0.267506963383 0.922056687823 1 1 3 0.91 0
167 3 6 0 1 9.81 0.5 1.64076805115 -0.0507878875945 1 Rodolfo  490.44912230800037 0.062 0.540708098043 1.19155593874 1 1 3 0.91 1
168 4 6 0 0 8.3385 0.5 1.45112586021 -0.444389537782 1 Rodolfo  493.20687378100047 0.062 0.416551024193 1.395515398 1 1 3 0.91 0
169 3 4.5 0 0 9.81 0.5 1.21992516518 -0.179528797365 1 Rodolfo  495.7714103520011 0.062 0.253832512999 0.899453962542 1 1 3 0.91 0
170 4 4.5 0 0 12.753 0.5 5.3529689312 4.15795419407 1 Rodolfo  498.08512844600045 0.062 0.183555154581 0.695014737127 1 1 3 0.91 0
171 4 4.5 0 1 11.2815 0.5 1.31668615341 0.0325594664502 1 Rodolfo  504.55785885799924 0.062 0.358211749553 0.784126686962 1 1 3 0.91 1
172 4 6 0 0 11.2815 0.5 3.03678584099 1.49716395137 1 Rodolfo  506.99566451699866 0.062 0.284166246335 1.03962188962 1 1 3 0.91 0
173 4 6 0 1 12.753 0.5 1.19054389 -0.231512797823 1 Rodolfo  511.1290843179995 0.062 0.415702783004 0.922056687823 1 1 3 0.91 1
174 3 4.5 0 1 9.81 0.5 1.28795695305 -0.111497009493 1 Rodolfo  513.4367975280002 0.062 0.427275332825 0.899453962542 1 1 3 0.91 1
175 3 6 0 1 8.3385 0.5 1.68849301338 -0.207022384614 1 Rodolfo  515.8427963549984 0.062 0.634676676942 1.395515398 1 1 3 0.91 1
176 4 4.5 0 0 6.867 0.5 1.51575613022 -0.258574744601 1 Rodolfo  518.6252480570001 0.062 0.356626595328 1.27433087482 1 1 3 0.91 0
177 4 6 0 0 9.81 0.5 1.46182107925 -0.229734859488 1 Rodolfo  521.2699786230005 0.062 0.331105103501 1.19155593874 1 1 3 0.91 0
178 4 4.5 0 1 12.753 0.5 1.354170084 0.159155346872 1 Rodolfo  523.8435906470004 0.062 0.325958842938 0.695014737127 1 1 3 0.91 1
179 3 4.5 0 1 8.3385 0.5 5.33049702644 3.77593479739 1 Rodolfo  526.324572906 0.062 0.502128825926 1.05456222905 1 1 3 0.91 1
180 4 6 0 1 11.2815 0.5 2.81696796417 1.27734607455 1 Rodolfo  532.7773407829991 0.062 0.469150846917 1.03962188962 1 1 3 0.91 1
181 3 4.5 0 0 12.753 0.5 1.24897789955 0.053963162424 1 Rodolfo  536.7139255840011 0.062 0.184312273092 0.695014737127 1 1 3 0.91 0
182 3 4.5 0 0 6.867 0.5 2.37671399117 0.602383116346 1 Rodolfo  539.082528865998 0.062 0.347067795726 1.27433087482 1 1 3 0.91 0
183 3 6 0 1 6.867 0.5 3.0024740696 0.81871708202 1 Rodolfo  542.5826905309987 0.062 0.809977922878 1.68375698758 1 1 3 0.91 1
184 3 4.5 0 1 6.867 0.5 1.67038106918 -0.103949805636 1 Rodolfo  546.680568036998 0.062 0.606981067265 1.27433087482 1 1 3 0.91 1
185 3 6 0 1 12.753 0.5 1.42685294151 0.00479625369025 1 Rodolfo  549.4616959499981 0.062 0.460288850338 0.922056687823 1 1 3 0.91 1
186 4 4.5 0 1 8.3385 0.5 1.52721309662 -0.0273491324361 1 Rodolfo  551.9962088069988 0.062 0.49943776923 1.05456222905 1 1 3 0.91 1
187 4 4.5 0 1 9.81 0.5 1.31963706017 -0.0798169023764 1 Rodolfo  554.651955663001 0.062 0.44845955392 0.899453962542 1 1 3 0.91 1
188 3 6 0 1 11.2815 0.5 1.79484295845 0.255221068832 1 Rodolfo  557.0868333879989 0.062 0.494023844351 1.03962188962 1 1 3 0.91 1
189 4 6 0 1 9.81 0.5 1.50704884529 -0.184507093451 1 Rodolfo  559.9880623280005 0.062 0.593334349423 1.19155593874 1 1 3 0.91 1
190 3 6 0 0 8.3385 0.5 1.96375513077 0.0682397327718 1 Rodolfo  562.6168576230011 0.062 0.407735536771 1.395515398 1 1 3 0.91 0
191 3 6 0 0 12.753 0.5 1.33279204369 -0.0892646441369 1 Rodolfo  565.6838943350012 0.062 0.262268580372 0.922056687823 1 1 3 0.91 0
192 4 6 0 0 6.867 0.5 2.23855805397 0.0548010663948 1 Rodolfo  568.0986792449985 0.062 0.452726850842 1.68375698758 1 1 3 0.91 0
193 4 4.5 0 0 11.2815 0.5 1.29348278046 0.00935609349483 1 Rodolfo  571.4208614249983 0.062 0.232178437388 0.784126686962 1 1 3 0.91 0
194 3 4.5 0 1 12.753 0.5 1.26687097549 0.071856238367 1 Rodolfo  573.8174261319982 0.062 0.317934445939 0.695014737127 1 1 3 0.91 1
195 3 4.5 0 0 8.3385 0.5 1.48556804657 -0.0689941824849 1 Rodolfo  576.2024296710006 0.062 0.2912149726 1.05456222905 1 1 3 0.91 0
196 3 4.5 0 1 11.2815 0.5 1.48094296455 0.196816277592 1 Rodolfo  578.7796663679983 0.062 0.380890309706 0.784126686962 1 1 3 0.91 1
197 3 4.5 0 0 11.2815 0.5 1.55213689804 0.268010211079 1 Rodolfo  581.3840140249995 0.062 0.229990393747 0.784126686962 1 1 3 0.91 0
198 4 4.5 0 1 6.867 0.5 1.53175091743 -0.242579957384 1 Rodolfo  584.0576119600009 0.062 0.633274210797 1.27433087482 1 1 3 0.91 1
199 3 6 0 0 6.867 0.5 2.18512797356 0.00137098598098 1 Rodolfo  586.7071752119991 0.062 0.456479937179 1.68375698758 1 1 3 0.91 0
200 3 6 0 0 6.867 0.5 2.11420798302 -0.0695490045586 1 Rodolfo  590.0093173829991 0.062 0.474921237769 1.68375698758 1 1 3 0.91 0
201 4 6 0 1 6.867 0.5 1.90010309219 -0.283653895382 1 Rodolfo  593.234728782998 0.062 0.793391696543 1.68375698758 1 1 3 0.91 1
202 4 4.5 0 0 6.867 0.5 1.5966758728 -0.177655002016 1 Rodolfo  596.2577585399995 0.062 0.348023539834 1.27433087482 1 1 3 0.91 0
203 4 4.5 0 1 9.81 0.5 1.36589503288 -0.0335589296591 1 Rodolfo  598.9696366919998 0.062 0.427173107046 0.899453962542 1 1 3 0.91 1
204 3 4.5 0 0 8.3385 0.5 1.45391988754 -0.100642341512 1 Rodolfo  601.4286824189985 0.062 0.268385640684 1.05456222905 1 1 3 0.91 0
205 3 4.5 0 1 8.3385 0.5 1.53597521782 -0.0185870112355 1 Rodolfo  603.9931214839999 0.062 0.494795025666 1.05456222905 1 1 3 0.91 1
206 4 6 0 0 11.2815 0.5 1.59184503555 0.0522231459347 1 Rodolfo  606.658301337 0.062 0.29334802366 1.03962188962 1 1 3 0.91 0
207 4 4.5 0 0 9.81 0.5 1.36690211296 -0.032551849581 1 Rodolfo  609.3417186529987 0.062 0.228469635547 0.899453962542 1 1 3 0.91 0
208 3 6 0 1 6.867 0.5 2.41168904305 0.22793205547 1 Rodolfo  611.7941022359992 0.062 0.767285991253 1.68375698758 1 1 3 0.91 1
209 3 4.5 0 0 6.867 0.5 1.85057497025 0.0762440954262 1 Rodolfo  615.3382206440001 0.062 0.355034981389 1.27433087482 1 1 3 0.91 0
210 3 6 0 1 12.753 0.5 1.43073105812 0.00867437029792 1 Rodolfo  618.3100363049998 0.062 0.457698342862 0.922056687823 1 1 3 0.91 1
211 4 6 0 0 6.867 0.5 2.24204397202 0.0582869844398 1 Rodolfo  620.8437316220006 0.062 0.504067658754 1.68375698758 1 1 3 0.91 0
212 3 4.5 0 1 11.2815 0.5 1.32212305069 0.037996363728 1 Rodolfo  624.2159958859993 0.062 0.366196861969 0.784126686962 1 1 3 0.91 1
213 4 4.5 0 0 8.3385 0.5 1.54028701782 -0.0142752112325 1 Rodolfo  626.6362938419988 0.062 0.279518685653 1.05456222905 1 1 3 0.91 0
214 3 4.5 0 1 6.867 0.5 1.74411916733 -0.0302117074913 1 Rodolfo  629.2987617149993 0.062 0.58434590563 1.27433087482 1 1 3 0.91 1
215 4 4.5 0 1 11.2815 0.5 1.29356098175 0.00943429478877 1 Rodolfo  632.1516265300015 0.062 0.360018901874 0.784126686962 1 1 3 0.91 1
216 3 6 0 1 8.3385 0.5 1.66078281403 -0.23473258397 1 Rodolfo  634.5678027590002 0.062 0.667450080434 1.395515398 1 1 3 0.91 1
217 3 4.5 0 0 9.81 0.5 1.29789805412 -0.101555908419 1 Rodolfo  637.3348991759995 0.062 0.231457681212 0.899453962542 1 1 3 0.91 0
218 3 4.5 0 0 12.753 0.5 2.73606681824 1.54105208111 1 Rodolfo  639.7552098330016 0.062 0.193186516447 0.695014737127 1 1 3 0.91 0
219 4 4.5 0 1 8.3385 0.5 1.46200203896 -0.0925601900991 1 Rodolfo  643.6091780079987 0.062 0.490660717131 1.05456222905 1 1 3 0.91 1
220 4 6 0 0 12.753 0.5 1.39953017235 -0.0225265154748 1 Rodolfo  646.1884368169995 0.062 0.25893408274 0.922056687823 1 1 3 0.91 0
221 4 6 0 1 12.753 0.5 1.42911410332 0.00705741549445 1 Rodolfo  648.7019924019987 0.062 0.455529780184 0.922056687823 1 1 3 0.91 1
222 3 4.5 0 1 12.753 0.5 1.17776203156 -0.0172527055722 1 Rodolfo  651.2553533799983 0.062 0.334475790681 0.695014737127 1 1 3 0.91 1
223 3 4.5 0 0 11.2815 0.5 1.1760931015 -0.10803358546 1 Rodolfo  653.546674762998 0.062 0.201269617126 0.784126686962 1 1 3 0.91 0
224 3 6 0 0 8.3385 0.5 1.87348103523 -0.0220343627635 1 Rodolfo  655.8315950659999 0.062 0.410821854635 1.395515398 1 1 3 0.91 0
225 3 6 0 1 9.81 0.5 1.58376479149 -0.107791147253 1 Rodolfo  658.8277441589998 0.062 0.586756507632 1.19155593874 1 1 3 0.91 1
226 4 4.5 0 0 11.2815 0.5 1.23237800598 -0.0517486809803 1 Rodolfo  661.5415378389989 0.062 0.233801572415 0.784126686962 1 1 3 0.91 0
227 3 6 0 0 12.753 0.5 1.39651489258 -0.0255417952447 1 Rodolfo  663.9014405890011 0.062 0.253718629671 0.922056687823 1 1 3 0.91 0
228 3 6 0 0 11.2815 0.5 1.62278914452 0.0831672548978 1 Rodolfo  666.4088886099998 0.062 0.310035191482 1.03962188962 1 1 3 0.91 0
229 4 4.5 0 1 12.753 0.5 1.24203014374 0.0470154066104 1 Rodolfo  669.1256361740016 0.062 0.343817493798 0.695014737127 1 1 3 0.91 1
230 4 6 0 1 8.3385 0.5 2.39835309982 0.502837701827 1 Rodolfo  671.4777810839987 0.062 0.634430632145 1.395515398 1 1 3 0.91 1
231 3 6 0 1 11.2815 0.5 1.28988218307 -0.249739706543 1 Rodolfo  674.9803922819992 0.062 0.489099602891 1.03962188962 1 1 3 0.91 1
232 4 4.5 0 0 12.753 0.5 1.17647600174 -0.0185387353879 1 Rodolfo  677.349965065001 0.062 0.176369092972 0.695014737127 1 1 3 0.91 0
233 3 4.5 0 1 9.81 0.5 1.406468153 0.00701419045808 1 Rodolfo  679.6388909919988 0.062 0.436402194393 0.899453962542 1 1 3 0.91 1
234 4 6 0 0 8.3385 0.5 1.76267695427 -0.132838443727 1 Rodolfo  682.1423007150006 0.062 0.397784686288 1.395515398 1 1 3 0.91 0
235 4 4.5 0 1 6.867 0.5 1.48566484451 -0.288666030306 1 Rodolfo  685.030735160999 0.062 0.5951648574 1.27433087482 1 1 3 0.91 1
236 4 6 0 1 9.81 0.5 1.62067103386 -0.0708849048827 1 Rodolfo  687.6234062139993 0.062 0.546867882699 1.19155593874 1 1 3 0.91 1
237 3 6 0 0 9.81 0.5 2.84438085556 1.15282491682 1 Rodolfo  690.3500149770007 0.062 0.353474991475 1.19155593874 1 1 3 0.91 0
238 4 6 0 0 9.81 0.5 1.63289499283 -0.0586609459136 1 Rodolfo  694.3173238099989 0.062 0.337362429046 1.19155593874 1 1 3 0.91 0
239 4 6 0 1 11.2815 0.5 6.1765229702 4.63690108058 1 Rodolfo  697.0609469509982 0.062 0.4854247656 1.03962188962 1 1 3 0.91 1
240 3 6 0 1 8.3385 0.5 1.91412806511 0.0186126671132 1 Rodolfo  704.3337653220005 0.062 0.65626180584 1.395515398 1 1 3 0.91 1
241 4 6 0 1 12.753 0.5 1.44074416161 0.018687473783 1 Rodolfo  707.3552716869999 0.062 0.451070006755 0.922056687823 1 1 3 0.91 1
242 3 4.5 0 1 8.3385 0.5 1.56327986717 0.00871763811748 1 Rodolfo  709.9042698999983 0.062 0.526905856446 1.05456222905 1 1 3 0.91 1
243 3 6 0 0 6.867 0.5 2.01285099983 -0.170905987743 1 Rodolfo  712.5707960149994 0.062 0.478814941773 1.68375698758 1 1 3 0.91 0
244 4 4.5 0 0 12.753 0.5 1.40070509911 0.205690361978 1 Rodolfo  715.712387552001 0.062 0.174369900498 0.695014737127 1 1 3 0.91 0
245 4 4.5 0 0 8.3385 0.5 1.46198415756 -0.0925780714925 1 Rodolfo  718.1935445880008 0.062 0.274523565236 1.05456222905 1 1 3 0.91 0
246 3 6 0 1 6.867 0.5 1.91752791405 -0.266229073528 1 Rodolfo  720.7572878360006 0.062 0.822322912582 1.68375698758 1 1 3 0.91 1
247 4 4.5 0 1 9.81 0.5 1.46771097183 0.0682570092905 1 Rodolfo  723.7759848499991 0.062 0.410421860099 0.899453962542 1 1 3 0.91 1
248 3 4.5 0 0 9.81 0.5 1.45459318161 0.0551392190683 1 Rodolfo  726.3744528710013 0.062 0.232704198119 0.899453962542 1 1 3 0.91 0
249 3 4.5 0 1 6.867 0.5 1.55894589424 -0.215384980578 1 Rodolfo  728.9200118389999 0.062 0.635246728659 1.27433087482 1 1 3 0.91 1
250 4 6 0 0 9.81 0.5 2.17866206169 0.487106122949 1 Rodolfo  731.6084577260008 0.062 0.307684937572 1.19155593874 1 1 3 0.91 0
251 3 6 0 1 9.81 0.5 1.61961889267 -0.0719370460723 1 Rodolfo  734.9061468889995 0.062 0.545856393364 1.19155593874 1 1 3 0.91 1
252 4 4.5 0 1 8.3385 0.5 1.49116611481 -0.0633961142476 1 Rodolfo  737.6531600210001 0.062 0.499839030594 1.05456222905 1 1 3 0.91 1
253 3 6 0 0 8.3385 0.5 3.46480607986 1.56929068187 1 Rodolfo  740.217167832001 0.062 0.373779797411 1.395515398 1 1 3 0.91 0
254 3 6 0 0 11.2815 0.5 1.50295901299 -0.036662876633 1 Rodolfo  744.8105931469981 0.062 0.302399083495 1.03962188962 1 1 3 0.91 0
255 3 4.5 0 0 11.2815 0.5 1.31482005119 0.0306933642315 1 Rodolfo  747.4191482329989 0.062 0.209256085791 0.784126686962 1 1 3 0.91 0
256 4 6 0 0 8.3385 0.5 1.89257192612 -0.00294347187912 1 Rodolfo  749.8638827760005 0.062 0.414227600808 1.395515398 1 1 3 0.91 0
257 3 4.5 0 1 11.2815 0.5 1.42202591896 0.137899231999 1 Rodolfo  752.8427004580008 0.062 0.358391230074 0.784126686962 1 1 3 0.91 1
258 4 6 0 1 6.867 0.5 1.89120197296 -0.292555014614 1 Rodolfo  755.4007607509993 0.062 0.780377331909 1.68375698758 1 1 3 0.91 1
259 3 6 0 0 12.753 0.5 1.4743847847 0.0523280968757 1 Rodolfo  758.3892310580013 0.062 0.26737366653 0.922056687823 1 1 3 0.91 0
260 4 6 0 0 12.753 0.5 1.81459403038 0.392537342557 1 Rodolfo  760.9640663200007 0.062 0.247600184064 0.922056687823 1 1 3 0.91 0
261 3 4.5 0 1 9.81 0.5 1.4039478302 0.0044938676584 1 Rodolfo  763.882159255998 0.062 0.425295423142 0.899453962542 1 1 3 0.91 1
262 4 6 0 0 6.867 0.5 1.91300606728 -0.2707509203 1 Rodolfo  766.4023046980001 0.062 0.42432829712 1.68375698758 1 1 3 0.91 0
263 4 4.5 0 0 6.867 0.5 1.28330302238 -0.491027852435 1 Rodolfo  769.42220352 0.062 0.336204548081 1.27433087482 1 1 3 0.91 0
264 4 6 0 0 11.2815 0.5 1.70872092247 0.169099032852 1 Rodolfo  771.8153040209982 0.062 0.311472890083 1.03962188962 1 1 3 0.91 0
265 3 4.5 0 0 12.753 0.5 1.27609992027 0.0810851831454 1 Rodolfo  774.6372589829989 0.062 0.184057293478 0.695014737127 1 1 3 0.91 0
266 4 4.5 0 1 11.2815 0.5 1.80348491669 0.519358229725 1 Rodolfo  776.9879325539987 0.062 0.35449812579 0.784126686962 1 1 3 0.91 1
267 4 4.5 0 0 11.2815 0.5 1.38244795799 0.0983212710308 1 Rodolfo  779.8960293150012 0.062 0.215666187677 0.784126686962 1 1 3 0.91 0
268 3 6 0 0 9.81 0.5 1.40117621422 -0.290379724524 1 Rodolfo  782.3944095590014 0.062 0.327883534057 1.19155593874 1 1 3 0.91 0
269 4 6 0 1 9.81 0.5 1.50007486343 -0.191481075308 1 Rodolfo  784.8903226680013 0.062 0.594380744482 1.19155593874 1 1 3 0.91 1
270 3 6 0 1 12.753 0.5 1.35787701607 -0.0641796717553 1 Rodolfo  787.5175786740001 0.062 0.457124821004 0.922056687823 1 1 3 0.91 1
271 3 4.5 0 1 12.753 0.5 1.26160216331 0.0665874261874 1 Rodolfo  789.970862184 0.062 0.347427714036 0.695014737127 1 1 3 0.91 1
272 3 4.5 0 0 8.3385 0.5 1.34856009483 -0.206002134221 1 Rodolfo  792.3285589619991 0.062 0.279457148582 1.05456222905 1 1 3 0.91 0
273 4 4.5 0 1 12.753 0.5 1.37898087502 0.183966137888 1 Rodolfo  794.7824819989983 0.062 0.335882428071 0.695014737127 1 1 3 0.91 1
274 4 4.5 0 1 6.867 0.5 1.58423280716 -0.19009806766 1 Rodolfo  797.2652478769996 0.062 0.608279827011 1.27433087482 1 1 3 0.91 1
275 3 6 0 1 11.2815 0.5 2.25851178169 0.718889892074 1 Rodolfo  800.0130556830009 0.062 0.489442144152 1.03962188962 1 1 3 0.91 1
276 3 4.5 0 0 6.867 0.5 1.8852751255 0.110944250684 1 Rodolfo  803.3441020739992 0.062 0.341895404868 1.27433087482 1 1 3 0.91 0
277 4 6 0 1 11.2815 0.5 1.53997302055 0.00035113093536 1 Rodolfo  806.3384745549993 0.062 0.500860855783 1.03962188962 1 1 3 0.91 1
278 4 6 0 1 8.3385 0.5 27.9774971008 26.0819817028 1 Rodolfo  836.2205004930001 0.062 0.654831925324 1.395515398 1 1 3 0.91 1
279 4 4.5 0 0 9.81 0.5 27.9774971008 26.0819817028 1 Rodolfo  837.5241508649997 0.062 0.248392933088 0.899453962542 1 1 3 0.91 0
280 4 4.5 0 0 8.3385 0.5 27.9774971008 26.0819817028 1 Rodolfo  837.5241508649997 0.062 0.248392933088 0.899453962542 1 1 3 0.91 0
281 4 6 0 0 6.867 0.5 27.9774971008 26.0819817028 1 Rodolfo  837.7623355309988 0.062 0.486006234844 1.68375698758 1 1 3 0.91 0
282 3 6 0 1 12.753 0.5 27.9774971008 26.0819817028 1 Rodolfo  837.9047416329995 0.062 0.418782997678 0.922056687823 1 1 3 0.91 1
283 4 6 0 0 12.753 0.5 1.59690880775 0.174852119932 1 Rodolfo  838.0420465149982 0.062 0.248265420877 0.922056687823 1 1 3 0.91 0
284 3 6 0 1 6.867 0.5 1.77968811989 -0.404068867687 1 Rodolfo  840.7546795390008 0.062 0.802065315217 1.68375698758 1 1 3 0.91 1
285 3 6 0 0 11.2815 0.5 1.55177092552 0.0121490359036 1 Rodolfo  843.6647556159987 0.062 0.265643656755 1.03962188962 1 1 3 0.91 0
286 4 6 0 0 9.81 0.5 1.89222693443 0.200670995691 1 Rodolfo  846.3124968769989 0.062 0.315438135522 1.19155593874 1 1 3 0.91 0
287 4 4.5 0 0 9.81 0.5 1.33027887344 -0.0691750890982 1 Rodolfo  849.0388706730009 0.062 0.234768332199 0.899453962542 1 1 3 0.91 0
288 4 6 0 0 11.2815 0.5 1.6084280014 0.0688061117856 1 Rodolfo  851.4943502489987 0.062 0.302983788509 1.03962188962 1 1 3 0.91 0
289 4 4.5 0 1 9.81 0.5 1.34405589104 -0.0553980715048 1 Rodolfo  854.2266272900015 0.062 0.439147669573 0.899453962542 1 1 3 0.91 1
290 4 4.5 0 1 11.2815 0.5 1.96501612663 0.680889439671 1 Rodolfo  856.6868367210009 0.062 0.390353452451 0.784126686962 1 1 3 0.91 1
291 4 4.5 0 0 11.2815 0.5 1.31293392181 0.0288072348523 1 Rodolfo  859.7666119099995 0.062 0.225597034728 0.784126686962 1 1 3 0.91 0
292 3 6 0 0 9.81 0.5 1.76593899727 0.0743830585267 1 Rodolfo  862.188493190999 0.062 0.35736221406 1.19155593874 1 1 3 0.91 0
293 3 4.5 0 1 11.2815 0.5 1.24688482285 -0.0372418641163 1 Rodolfo  865.0210411260014 0.062 0.358787482197 0.784126686962 1 1 3 0.91 1
294 4 6 0 0 8.3385 0.5 1.85707402229 -0.038441375703 1 Rodolfo  867.3843710330002 0.062 0.406235021702 1.395515398 1 1 3 0.91 0
295 3 6 0 1 11.2815 0.5 6.74638319016 5.20676130054 1 Rodolfo  870.3323002409998 0.062 0.497773823126 1.03962188962 1 1 3 0.91 1
296 3 4.5 0 0 11.2815 0.5 1.54356908798 0.25944240102 1 Rodolfo  878.1865833119991 0.062 0.233324642702 0.784126686962 1 1 3 0.91 0
297 3 6 0 1 8.3385 0.5 6.84821605682 4.95270065883 1 Rodolfo  880.8402676730002 0.062 0.690546553027 1.395515398 1 1 3 0.91 1
298 4 4.5 0 1 8.3385 0.5 1.47027087212 -0.0842913569387 1 Rodolfo  888.792991792001 0.062 0.526417367762 1.05456222905 1 1 3 0.91 1
299 4 6 0 1 8.3385 0.5 1.79823088646 -0.0972845115367 1 Rodolfo  891.3679345259989 0.062 0.632568902463 1.395515398 1 1 3 0.91 1
300 4 6 0 1 9.81 0.5 1.49224805832 -0.199307880423 1 Rodolfo  894.2900076199985 0.062 0.569819817738 1.19155593874 1 1 3 0.91 1
301 3 4.5 0 1 12.753 0.5 1.19699597359 0.00198123645964 1 Rodolfo  896.8922052329981 0.062 0.322155886768 0.695014737127 1 1 3 0.91 1
302 4 4.5 0 1 12.753 0.5 1.34548187256 0.150467135431 1 Rodolfo  899.2067911410013 0.062 0.346722232639 0.695014737127 1 1 3 0.91 1
303 3 6 0 1 9.81 0.5 1.55569696426 -0.135858974478 1 Rodolfo  901.660851572 0.062 0.565081131078 1.19155593874 1 1 3 0.91 1
304 3 4.5 0 0 9.81 0.5 1.14682507515 -0.252628887392 1 Rodolfo  904.3226971740005 0.062 0.229114928383 0.899453962542 1 1 3 0.91 0
305 4 6 0 1 6.867 0.5 1.887403965 -0.296353022579 1 Rodolfo  906.5815817859984 0.062 0.824954010276 1.68375698758 1 1 3 0.91 1
306 3 6 0 0 6.867 0.5 1.99689602852 -0.186860959057 1 Rodolfo  909.5367767450007 0.062 0.428581713948 1.68375698758 1 1 3 0.91 0
307 3 4.5 0 0 12.753 0.5 3.1144452095 1.91943047238 1 Rodolfo  912.6351638429987 0.062 0.175205046828 0.695014737127 1 1 3 0.91 0
308 4 6 0 1 12.753 0.5 1.43644309044 0.014386402616 1 Rodolfo  916.8463574339985 0.062 0.420550276865 0.922056687823 1 1 3 0.91 1
309 4 4.5 0 0 12.753 0.5 1.06078791618 -0.134226820944 1 Rodolfo  919.393604558998 0.062 0.174201312622 0.695014737127 1 1 3 0.91 0
310 4 4.5 0 0 6.867 0.5 1.73992013931 -0.0344107355064 1 Rodolfo  921.5661636830009 0.062 0.322094938424 1.27433087482 1 1 3 0.91 0
311 4 6 0 1 11.2815 0.5 5.63736581802 4.09774392841 1 Rodolfo  924.4063823979996 0.062 0.515175339635 1.03962188962 1 1 3 0.91 1
312 3 4.5 0 1 6.867 0.5 1.60225510597 -0.172075768847 1 Rodolfo  931.1495251310007 0.062 0.615384236674 1.27433087482 1 1 3 0.91 1
313 3 6 0 0 12.753 0.5 1.34825801849 -0.0737986693292 1 Rodolfo  933.8571420279986 0.062 0.268701860177 0.922056687823 1 1 3 0.91 0
314 3 4.5 0 0 6.867 0.5 1.50990009308 -0.264430781741 1 Rodolfo  936.3104406349994 0.062 0.362245526885 1.27433087482 1 1 3 0.91 0
315 3 4.5 0 1 8.3385 0.5 1.52480196953 -0.0297602595266 1 Rodolfo  938.9176020269988 0.062 0.503593304897 1.05456222905 1 1 3 0.91 1
316 3 6 0 0 8.3385 0.5 1.80557012558 -0.0899452724162 1 Rodolfo  941.5505674009983 0.062 0.376531500118 1.395515398 1 1 3 0.91 0
317 4 4.5 0 1 6.867 0.5 1.70722103119 -0.0671098436302 1 Rodolfo  944.4772413200008 0.062 0.60880962884 1.27433087482 1 1 3 0.91 1
318 3 4.5 0 0 8.3385 0.5 1.66389799118 0.109335762126 1 Rodolfo  947.299605780001 0.062 0.289988663735 1.05456222905 1 1 3 0.91 0
319 3 4.5 0 1 9.81 0.5 1.40553307533 0.00607911279085 1 Rodolfo  950.0828235129993 0.062 0.44248240991 0.899453962542 1 1 3 0.91 1
