trial vx vy vz LongOcclusion g timeStill rTime TemporalError environment id pupiltime IOD OccludedTimeOfTrajectory FlightDuration Drag DragFirst block accuracy LongOcclusion
0 3 6 0 0 -9.81 0.5 9.07381796837 7.38226202963 1 Lisa  2.2172776229999727 0.064 0.304649579157 1.19155593874 1 1 1 0.54 0
1 3 4.5 0 1 9.81 0.5 10.1307451725 8.43918923376 1 Lisa  12.392129822000015 0.064 0.441455747046 0.899453962542 1 1 1 0.54 1
2 3 6 0 1 9.81 0.5 1.98795509338 0.296399154642 1 Lisa  13.474921968999979 0.064 0.552397162676 1.19155593874 1 1 1 0.54 1
3 3 4.5 0 1 -9.81 0.5 1.4371099472 0.0376559846628 1 Lisa  16.57331350300001 0.064 0.406821993336 0.899453962542 1 1 1 0.54 1
4 3 6 0 1 -9.81 0.5 1.81515717506 0.123601236322 1 Lisa  19.117963057999987 0.064 0.587064436465 1.19155593874 1 1 1 0.54 1
5 4 6 0 0 -9.81 0.5 1.69337701797 0.00182107923289 1 Lisa  22.03340859900004 0.064 0.323996883203 1.19155593874 1 1 1 0.54 0
6 3 4.5 0 0 9.81 0.5 1.44020485878 0.0407508962381 1 Lisa  24.833605510000098 0.064 0.25896631303 0.899453962542 1 1 1 0.54 0
7 4 4.5 0 1 9.81 0.5 1.43075585365 0.0313018911112 1 Lisa  27.37887352000007 0.064 0.421062229349 0.899453962542 1 1 1 0.54 1
8 4 4.5 0 0 9.81 0.5 1.44684290886 0.0473889463175 1 Lisa  29.92896885899995 0.064 0.256058280281 0.899453962542 1 1 1 0.54 0
9 4 6 0 1 -9.81 0.5 1.59011507034 -0.101440868399 1 Lisa  32.493521639999926 0.064 0.581520772624 1.19155593874 1 1 1 0.54 1
10 3 6 0 0 9.81 0.5 1.6521229744 -0.0394329643462 1 Lisa  35.1800334699999 0.064 0.349891835279 1.19155593874 1 1 1 0.54 0
11 4 4.5 0 1 -9.81 0.5 1.5425131321 0.143059169554 1 Lisa  37.940369391000104 0.064 0.407596631986 0.899453962542 1 1 1 0.54 1
12 4 6 0 1 9.81 0.5 1.68474507332 -0.00681086542348 1 Lisa  40.59757407899997 0.064 0.576669950741 1.19155593874 1 1 1 0.54 1
13 4 4.5 0 0 -9.81 0.5 1.45098304749 0.0515290849436 1 Lisa  43.39351462100012 0.064 0.235981223894 0.899453962542 1 1 1 0.54 0
14 4 6 0 0 9.81 0.5 1.74093985558 0.0493839168336 1 Lisa  45.947644397999966 0.064 0.336635584122 1.19155593874 1 1 1 0.54 0
15 3 4.5 0 0 -9.81 0.5 1.50247716904 0.103023206495 1 Lisa  48.804299004000086 0.064 0.243116019979 0.899453962542 1 1 1 0.54 0
16 4 6 0 1 -9.81 0.5 1.87107491493 0.17951897619 1 Lisa  51.422555397999986 0.064 0.594404239974 1.19155593874 1 1 1 0.54 1
17 4 4.5 0 1 9.81 0.5 1.39595198631 -0.00350197622893 1 Lisa  54.40293328500002 0.064 0.4401488228 0.899453962542 1 1 1 0.54 1
18 4 6 0 0 -9.81 0.5 1.76087498665 0.0693190479066 1 Lisa  56.90359244799993 0.064 0.343069368418 1.19155593874 1 1 1 0.54 0
19 3 6 0 0 -9.81 0.5 1.72485208511 0.0332961463716 1 Lisa  59.775931091000075 0.064 0.321386749756 1.19155593874 1 1 1 0.54 0
20 3 6 0 1 9.81 0.5 1.71304011345 0.0214841747071 1 Lisa  62.60056166200002 0.064 0.589588922425 1.19155593874 1 1 1 0.54 1
21 3 6 0 1 -9.81 0.5 1.89671707153 0.205161132791 1 Lisa  65.42276211900003 0.064 0.575794183915 1.19155593874 1 1 1 0.54 1
22 3 4.5 0 0 9.81 0.5 1.46353602409 0.0640820615518 1 Lisa  68.44884961999992 0.064 0.224931789069 0.899453962542 1 1 1 0.54 0
23 3 4.5 0 1 9.81 0.5 1.51319313049 0.113739167951 1 Lisa  71.01952198799995 0.064 0.420804105273 0.899453962542 1 1 1 0.54 1
24 4 6 0 0 9.81 0.5 1.74632883072 0.054772891977 1 Lisa  73.65181354800006 0.064 0.333078080444 1.19155593874 1 1 1 0.54 0
25 3 4.5 0 1 -9.81 0.5 1.42959904671 0.0301450841654 1 Lisa  76.48726810099993 0.064 0.418826637412 0.899453962542 1 1 1 0.54 1
26 3 6 0 0 9.81 0.5 1.71645307541 0.024897136667 1 Lisa  79.02341542900012 0.064 0.306608112283 1.19155593874 1 1 1 0.54 0
27 3 4.5 0 0 -9.81 0.5 1.53159499168 0.132141029142 1 Lisa  81.8477024660001 0.064 0.248357446476 0.899453962542 1 1 1 0.54 0
28 4 4.5 0 0 -9.81 0.5 1.49060106277 0.0911471002329 1 Lisa  84.48023220100004 0.064 0.265799975506 0.899453962542 1 1 1 0.54 0
29 4 4.5 0 1 -9.81 0.5 1.42726421356 0.0278102510202 1 Lisa  87.09506286100009 0.064 0.448919731931 0.899453962542 1 1 1 0.54 1
30 4 4.5 0 0 9.81 0.5 1.43023705482 0.030783092283 1 Lisa  89.628344061 0.064 0.249976016931 0.899453962542 1 1 1 0.54 0
31 4 6 0 1 9.81 0.5 1.74619698524 0.0546410465028 1 Lisa  92.16032156999995 0.064 0.548780771769 1.19155593874 1 1 1 0.54 1
32 3 6 0 0 9.81 0.5 1.71872210503 0.0271661662843 1 Lisa  95.01791021600002 0.064 0.331458489379 1.19155593874 1 1 1 0.54 0
33 4 4.5 0 0 -9.81 0.5 1.48745989799 0.0880059354532 1 Lisa  97.84410039299996 0.064 0.266532347043 0.899453962542 1 1 1 0.54 0
34 3 4.5 0 1 -9.81 0.5 1.51929783821 0.119843875669 1 Lisa  100.43394901900001 0.064 0.421318628988 0.899453962542 1 1 1 0.54 1
35 3 6 0 1 -9.81 0.5 1.77755188942 0.0859959506776 1 Lisa  103.06514697000011 0.064 0.573705072321 1.19155593874 1 1 1 0.54 1
36 4 4.5 0 1 -9.81 0.5 1.48481488228 0.0853609197366 1 Lisa  105.9410009180001 0.064 0.415391643856 0.899453962542 1 1 1 0.54 1
37 4 6 0 0 9.81 0.5 1.69941210747 0.00785616872569 1 Lisa  108.54063989399992 0.064 0.32829025099 1.19155593874 1 1 1 0.54 0
38 3 6 0 1 9.81 0.5 1.72303009033 0.0314741515901 1 Lisa  111.34489585300003 0.064 0.592480523028 1.19155593874 1 1 1 0.54 1
39 4 4.5 0 0 9.81 0.5 1.35304498672 -0.0464089758169 1 Lisa  114.20585299100003 0.064 0.235381769774 0.899453962542 1 1 1 0.54 0
40 4 4.5 0 1 9.81 0.5 1.41776704788 0.0183130853403 1 Lisa  116.91922259000012 0.064 0.405701957711 0.899453962542 1 1 1 0.54 1
41 3 6 0 0 -9.81 0.5 1.7826321125 0.0910761737611 1 Lisa  119.18298376500002 0.064 0.335260627958 1.19155593874 1 1 1 0.54 0
42 4 6 0 0 -9.81 0.5 1.72515797615 0.0336020374085 1 Lisa  122.05548743100007 0.064 0.298504686986 1.19155593874 1 1 1 0.54 0
43 3 4.5 0 0 9.81 0.5 1.41046905518 0.011015092634 1 Lisa  124.89729895899995 0.064 0.261233770175 0.899453962542 1 1 1 0.54 0
44 3 4.5 0 1 9.81 0.5 1.42842912674 0.0289751641977 1 Lisa  127.41767150200008 0.064 0.433204277929 0.899453962542 1 1 1 0.54 1
45 4 6 0 1 9.81 0.5 1.88527011871 0.193714179971 1 Lisa  129.94965575700007 0.064 0.594445171331 1.19155593874 1 1 1 0.54 1
46 4 6 0 1 -9.81 0.5 1.84128093719 0.149724998453 1 Lisa  132.94518555800005 0.064 0.563114342935 1.19155593874 1 1 1 0.54 1
47 3 4.5 0 0 -9.81 0.5 1.54759693146 0.148142968916 1 Lisa  135.88286238599994 0.064 0.257596675233 0.899453962542 1 1 1 0.54 0
48 3 4.5 0 0 9.81 0.5 1.4555709362 0.0561169736612 1 Lisa  138.52257126199993 0.064 0.245247564423 0.899453962542 1 1 1 0.54 0
49 4 4.5 0 0 9.81 0.5 1.47303509712 0.0735811345804 1 Lisa  141.10244139499991 0.064 0.246310020283 0.899453962542 1 1 1 0.54 0
50 4 4.5 0 0 -9.81 0.5 1.4889690876 0.0895151250589 1 Lisa  143.68389797200007 0.064 0.246137692909 0.899453962542 1 1 1 0.54 0
51 4 6 0 1 -9.81 0.5 1.78542113304 0.0938651942994 1 Lisa  146.27546647500003 0.064 0.582791830492 1.19155593874 1 1 1 0.54 1
52 3 6 0 1 9.81 0.5 1.87640404701 0.18484810827 1 Lisa  149.16315975199996 0.064 0.571611850779 1.19155593874 1 1 1 0.54 1
53 3 4.5 0 1 -9.81 0.5 1.5404150486 0.140961086057 1 Lisa  152.14501183099992 0.064 0.430196362434 0.899453962542 1 1 1 0.54 1
54 4 4.5 0 1 9.81 0.5 1.50215601921 0.102702056669 1 Lisa  154.79965602099992 0.064 0.441099252819 0.899453962542 1 1 1 0.54 1
55 4 4.5 0 1 -9.81 0.5 1.42270803452 0.0232540719736 1 Lisa  157.40581005000013 0.064 0.425976849397 0.899453962542 1 1 1 0.54 1
56 3 4.5 0 1 9.81 0.5 1.47227501869 0.0728210561502 1 Lisa  159.93678836599997 0.064 0.421918766942 0.899453962542 1 1 1 0.54 1
57 3 6 0 0 -9.81 0.5 1.72202110291 0.0304651641633 1 Lisa  162.51620418800007 0.064 0.344328025262 1.19155593874 1 1 1 0.54 0
58 3 4.5 0 0 -9.81 0.5 1.62469005585 0.225236093305 1 Lisa  165.34215856200012 0.064 0.257883266774 0.899453962542 1 1 1 0.54 0
59 4 6 0 0 -9.81 0.5 1.76166200638 0.0701060676362 1 Lisa  168.08119528499992 0.064 0.301939962828 1.19155593874 1 1 1 0.54 0
60 3 6 0 1 -9.81 0.5 1.74822402 0.0566680812623 1 Lisa  170.94950603799998 0.064 0.588539571272 1.19155593874 1 1 1 0.54 1
61 4 6 0 1 9.81 0.5 1.72977495193 0.0382190131929 1 Lisa  173.80631355900005 0.064 0.55536551432 1.19155593874 1 1 1 0.54 1
62 4 6 0 0 9.81 0.5 1.71500396729 0.0234480285432 1 Lisa  176.62949912399995 0.064 0.328020655945 1.19155593874 1 1 1 0.54 0
63 3 6 0 0 9.81 0.5 1.69594502449 0.00438908574839 1 Lisa  179.4489852260001 0.064 0.334933961257 1.19155593874 1 1 1 0.54 0
64 3 4.5 0 1 9.81 0.5 1.39489817619 -0.00455578634856 1 Lisa  182.23912462800013 0.064 0.447024191571 0.899453962542 1 1 1 0.54 1
65 3 4.5 0 0 -9.81 0.5 1.48189020157 0.0824362390268 1 Lisa  184.73193088800008 0.064 0.254249859335 0.899453962542 1 1 1 0.54 0
66 3 6 0 1 9.81 0.5 1.89129805565 0.199742116907 1 Lisa  187.311794469 0.064 0.590243577009 1.19155593874 1 1 1 0.54 1
67 4 6 0 1 9.81 0.5 1.75108480453 0.0595288657929 1 Lisa  190.33211710499995 0.064 0.586035835983 1.19155593874 1 1 1 0.54 1
68 4 4.5 0 0 9.81 0.5 1.41195511818 0.0125011556375 1 Lisa  193.1766042690001 0.064 0.256221223644 0.899453962542 1 1 1 0.54 0
69 4 6 0 1 -9.81 0.5 1.64880299568 -0.0427529430602 1 Lisa  195.69659559299998 0.064 0.543445684694 1.19155593874 1 1 1 0.54 1
70 3 6 0 0 9.81 0.5 1.69082307816 -0.000732860586447 1 Lisa  198.44761555500008 0.064 0.346619326919 1.19155593874 1 1 1 0.54 0
71 4 4.5 0 1 9.81 0.5 1.4428191185 0.043365155958 1 Lisa  201.25691951499994 0.064 0.441210414322 0.899453962542 1 1 1 0.54 1
72 4 4.5 0 1 -9.81 0.5 1.40266418457 0.00321022202852 1 Lisa  203.8050564780001 0.064 0.412108562606 0.899453962542 1 1 1 0.54 1
73 4 6 0 0 9.81 0.5 1.77101612091 0.0794601821687 1 Lisa  206.327957772 0.064 0.355600355496 1.19155593874 1 1 1 0.54 0
74 4 6 0 0 -9.81 0.5 1.80020880699 0.10865286825 1 Lisa  209.1992185910001 0.064 0.298904538681 1.19155593874 1 1 1 0.54 0
75 3 6 0 1 -9.81 0.5 1.88181591034 0.190259971597 1 Lisa  212.10249711699998 0.064 0.579644175466 1.19155593874 1 1 1 0.54 1
76 4 4.5 0 0 -9.81 0.5 1.59069299698 0.191239034437 1 Lisa  215.08746388300005 0.064 0.233040112934 0.899453962542 1 1 1 0.54 0
77 3 4.5 0 0 9.81 0.5 1.49515509605 0.0957011335123 1 Lisa  217.76375021600006 0.064 0.249038829058 0.899453962542 1 1 1 0.54 0
78 3 6 0 0 -9.81 0.5 1.74797105789 0.0564151191499 1 Lisa  220.359211813 0.064 0.300011762899 1.19155593874 1 1 1 0.54 0
79 3 4.5 0 1 -9.81 0.5 1.52577590942 0.126321946882 1 Lisa  223.2071597470001 0.064 0.447362240763 0.899453962542 1 1 1 0.54 1
80 4 6 0 0 -9.81 0.5 1.86459302902 0.17303709028 1 Lisa  225.82958992199997 0.064 0.309413036806 1.19155593874 1 1 1 0.54 0
81 4 6 0 1 9.81 0.5 1.7752699852 0.083714046457 1 Lisa  228.81200287299998 0.064 0.579856680148 1.19155593874 1 1 1 0.54 1
82 3 6 0 1 -9.81 0.5 1.84450697899 0.152951040247 1 Lisa  231.69190230899994 0.064 0.593227311082 1.19155593874 1 1 1 0.54 1
83 4 4.5 0 0 -9.81 0.5 1.49360609055 0.0941521280039 1 Lisa  234.64449671700004 0.064 0.255934217724 0.899453962542 1 1 1 0.54 0
84 4 4.5 0 1 9.81 0.5 1.41175889969 0.0123049371469 1 Lisa  237.25907917400014 0.064 0.434327473691 0.899453962542 1 1 1 0.54 1
85 4 6 0 0 9.81 0.5 1.81001496315 0.118459024408 1 Lisa  239.76598179999996 0.064 0.32905854038 1.19155593874 1 1 1 0.54 0
86 3 6 0 1 9.81 0.5 1.80733299255 0.115777053812 1 Lisa  242.69054427700007 0.064 0.584225088139 1.19155593874 1 1 1 0.54 1
87 4 6 0 1 -9.81 0.5 1.72635507584 0.0347991370942 1 Lisa  245.60319251300007 0.064 0.575791652036 1.19155593874 1 1 1 0.54 1
88 3 4.5 0 1 9.81 0.5 1.4445271492 0.0450731866586 1 Lisa  248.4403848290001 0.064 0.43968118221 0.899453962542 1 1 1 0.54 1
89 3 4.5 0 0 9.81 0.5 1.43488097191 0.0354270093668 1 Lisa  250.99866276000012 0.064 0.245724091322 0.899453962542 1 1 1 0.54 0
90 4 4.5 0 0 9.81 0.5 1.38586306572 -0.0135908968222 1 Lisa  253.54023322900002 0.064 0.239344416842 0.899453962542 1 1 1 0.54 0
91 3 4.5 0 1 -9.81 0.5 1.52724099159 0.127787029051 1 Lisa  255.9936939260001 0.064 0.441656893547 0.899453962542 1 1 1 0.54 1
92 3 6 0 0 -9.81 0.5 1.69798493385 0.00642899511119 1 Lisa  258.6325032909999 0.064 0.304677097451 1.19155593874 1 1 1 0.54 0
93 3 6 0 0 9.81 0.5 1.68671798706 -0.00483795168142 1 Lisa  261.44374058300014 0.064 0.351476848309 1.19155593874 1 1 1 0.54 0
94 4 4.5 0 1 -9.81 0.5 1.57548308372 0.176029121183 1 Lisa  264.23757370499993 0.064 0.427648495218 0.899453962542 1 1 1 0.54 1
95 3 4.5 0 0 -9.81 0.5 1.54355192184 0.144097959303 1 Lisa  266.9195257040001 0.064 0.236187767086 0.899453962542 1 1 1 0.54 0
96 3 6 0 1 -9.81 0.5 1.81358003616 0.122024097421 1 Lisa  269.576932081 0.064 0.565160500259 1.19155593874 1 1 1 0.54 1
97 3 4.5 0 0 -9.81 0.5 1.49789595604 0.0984419934976 1 Lisa  272.50817493399995 0.064 0.246797421291 0.899453962542 1 1 1 0.54 0
98 4 6 0 0 -9.81 0.5 1.84083795547 0.149282016733 1 Lisa  275.1224736040001 0.064 0.30565663029 1.19155593874 1 1 1 0.54 0
99 4 6 0 1 -9.81 0.5 1.75005197525 0.0584960365083 1 Lisa  278.0596755450001 0.064 0.589055753409 1.19155593874 1 1 1 0.54 1
100 4 4.5 0 0 9.81 0.5 1.42190504074 0.0224510781992 1 Lisa  280.90657269400003 0.064 0.225999947668 0.899453962542 1 1 1 0.54 0
101 4 6 0 0 9.81 0.5 1.78503584862 0.0934799098756 1 Lisa  283.4285154290001 0.064 0.347727340039 1.19155593874 1 1 1 0.54 0
102 3 6 0 0 9.81 0.5 1.75005578995 0.0584998512055 1 Lisa  286.3350495070001 0.064 0.352204787115 1.19155593874 1 1 1 0.54 0
103 3 6 0 0 -9.81 0.5 1.70428109169 0.0127251529481 1 Lisa  289.21274853299997 0.064 0.354515227215 1.19155593874 1 1 1 0.54 0
104 4 4.5 0 1 9.81 0.5 1.37725996971 -0.0221939928305 1 Lisa  292.0210363609999 0.064 0.415701624212 0.899453962542 1 1 1 0.54 1
105 4 6 0 1 9.81 0.5 1.95899486542 0.267438926676 1 Lisa  294.52370036699995 0.064 0.552919041071 1.19155593874 1 1 1 0.54 1
106 4 4.5 0 1 -9.81 0.5 1.58655905724 0.187105094694 1 Lisa  297.581956944 0.064 0.432148654023 0.899453962542 1 1 1 0.54 1
107 3 4.5 0 1 9.81 0.5 1.46931505203 0.0698610894907 1 Lisa  300.253777444 0.064 0.412339844863 0.899453962542 1 1 1 0.54 1
108 3 4.5 0 0 9.81 0.5 1.48604083061 0.0865868680704 1 Lisa  302.846132139 0.064 0.230778942184 0.899453962542 1 1 1 0.54 0
109 3 6 0 1 9.81 0.5 1.89317297935 0.201617040613 1 Lisa  305.42220243199995 0.064 0.572852280987 1.19155593874 1 1 1 0.54 1
110 4 4.5 0 0 -9.81 0.5 1.51119494438 0.11174098184 1 Lisa  308.4344064229999 0.064 0.232729574699 0.899453962542 1 1 1 0.54 0
111 3 4.5 0 1 -9.81 0.5 1.32846403122 -0.0709899313223 1 Lisa  311.0431356660001 0.064 0.434032310349 0.899453962542 1 1 1 0.54 1
112 4 4.5 0 0 9.81 0.5 1.54888701439 0.149433051847 1 Lisa  313.49268606600003 0.064 0.226968008121 0.899453962542 1 1 1 0.54 0
113 4 4.5 0 1 -9.81 0.5 1.56527686119 0.165822898649 1 Lisa  316.1409295650001 0.064 0.433155291332 0.899453962542 1 1 1 0.54 1
114 4 6 0 0 -9.81 0.5 1.88397097588 0.192415037134 1 Lisa  318.9962285250001 0.064 0.340437437295 1.19155593874 1 1 1 0.54 0
115 4 6 0 1 9.81 0.5 1.90839099884 0.216835060098 1 Lisa  322.3360790250001 0.064 0.587069979196 1.19155593874 1 1 1 0.54 1
116 3 6 0 0 9.81 0.5 1.75326299667 0.0617070579316 1 Lisa  324.98917316000006 0.064 0.306842379058 1.19155593874 1 1 1 0.54 0
117 3 6 0 0 -9.81 0.5 1.8200469017 0.128490962961 1 Lisa  327.84172767500013 0.064 0.29985547654 1.19155593874 1 1 1 0.54 0
118 3 4.5 0 1 -9.81 0.5 1.53329086304 0.133836900495 1 Lisa  330.7495413250001 0.064 0.448150985147 0.899453962542 1 1 1 0.54 1
119 3 6 0 1 9.81 0.5 1.86952400208 0.177968063333 1 Lisa  333.4040473330001 0.064 0.546685863817 1.19155593874 1 1 1 0.54 1
120 3 6 0 1 -9.81 0.5 1.84469294548 0.153137006738 1 Lisa  336.3699981320001 0.064 0.543134885148 1.19155593874 1 1 1 0.54 1
121 3 4.5 0 0 9.81 0.5 1.42829608917 0.0288421266306 1 Lisa  339.31280586699995 0.064 0.225862131863 0.899453962542 1 1 1 0.54 0
122 4 6 0 0 9.81 0.5 1.83647799492 0.144922056177 1 Lisa  341.84516549399996 0.064 0.298831220766 1.19155593874 1 1 1 0.54 0
123 3 4.5 0 1 9.81 0.5 1.4225268364 0.0230728738535 1 Lisa  344.80125809900005 0.064 0.413006274236 0.899453962542 1 1 1 0.54 1
124 4 4.5 0 0 -9.81 0.5 1.50148916245 0.102035199903 1 Lisa  347.34054926700014 0.064 0.246393753819 0.899453962542 1 1 1 0.54 0
125 4 4.5 0 1 9.81 0.5 1.54370093346 0.144246970915 1 Lisa  349.9647684880001 0.064 0.41114920273 0.899453962542 1 1 1 0.54 1
126 3 4.5 0 0 -9.81 0.5 1.57558703423 0.176133071684 1 Lisa  352.6003938460001 0.064 0.256133398343 0.899453962542 1 1 1 0.54 0
127 4 6 0 1 -9.81 0.5 1.94084787369 0.249291934946 1 Lisa  355.30017725200014 0.064 0.594780571062 1.19155593874 1 1 1 0.54 1
128 4 4.5 0 0 9.81 0.5 1.50744700432 0.107993041776 1 Lisa  358.3562579510001 0.064 0.230239454594 0.899453962542 1 1 1 0.54 0
129 3 4.5 0 0 9.81 0.5 1.49919509888 0.0997411363352 1 Lisa  360.985221679 0.064 0.254785327729 0.899453962542 1 1 1 0.54 0
130 4 4.5 0 0 -9.81 0.5 1.48353600502 0.0840820424783 1 Lisa  363.58197039100014 0.064 0.255151664664 0.899453962542 1 1 1 0.54 0
131 4 6 0 1 9.81 0.5 1.80658888817 0.115032949426 1 Lisa  366.19078126399995 0.064 0.542984421676 1.19155593874 1 1 1 0.54 1
132 3 4.5 0 1 -9.81 0.5 1.61324691772 0.213792955183 1 Lisa  369.11378845600007 0.064 0.430183760353 0.899453962542 1 1 1 0.54 1
133 4 4.5 0 1 9.81 0.5 1.51017212868 0.110718166136 1 Lisa  371.83058918899997 0.064 0.416120013048 0.899453962542 1 1 1 0.54 1
134 3 6 0 1 9.81 0.5 1.95288991928 0.261333980539 1 Lisa  374.45233247600004 0.064 0.537306936116 1.19155593874 1 1 1 0.54 1
135 3 4.5 0 0 -9.81 0.5 1.4846599102 0.0852059476602 1 Lisa  377.523009473 0.064 0.240566753426 0.899453962542 1 1 1 0.54 0
136 4 6 0 1 -9.81 0.5 1.9909529686 0.299397029855 1 Lisa  380.10606979 0.064 0.575823552201 1.19155593874 1 1 1 0.54 1
137 4 6 0 0 -9.81 0.5 1.89290904999 0.201353111246 1 Lisa  383.222298209 0.064 0.345763910272 1.19155593874 1 1 1 0.54 0
138 3 6 0 0 -9.81 0.5 1.79965019226 0.108094253519 1 Lisa  386.23700322700006 0.064 0.319878900348 1.19155593874 1 1 1 0.54 0
139 4 6 0 0 9.81 0.5 1.8577709198 0.166214981058 1 Lisa  389.14501545100006 0.064 0.355080887517 1.19155593874 1 1 1 0.54 0
140 3 4.5 0 1 9.81 0.5 1.44260287285 0.0431489103067 1 Lisa  392.0977412320001 0.064 0.449570135733 0.899453962542 1 1 1 0.54 1
141 3 6 0 1 -9.81 0.5 1.84189295769 0.150337018945 1 Lisa  394.648081626 0.064 0.546542081334 1.19155593874 1 1 1 0.54 1
142 3 6 0 0 9.81 0.5 1.77524089813 0.0836849593904 1 Lisa  397.611288605 0.064 0.340550776278 1.19155593874 1 1 1 0.54 0
143 4 4.5 0 1 -9.81 0.5 1.5608689785 0.161415015959 1 Lisa  400.48651449800013 0.064 0.435003635371 0.899453962542 1 1 1 0.54 1
144 3 6 0 0 9.81 0.5 1.8257291317 0.134173192957 1 Lisa  403.165489662 0.064 0.31086788709 1.19155593874 1 1 1 0.54 0
145 3 6 0 1 -9.81 0.5 1.88958787918 0.198031940439 1 Lisa  406.121746647 0.064 0.546541004732 1.19155593874 1 1 1 0.54 1
146 4 6 0 1 -9.81 0.5 2.02558708191 0.334031143167 1 Lisa  409.10274341700006 0.064 0.55560692479 1.19155593874 1 1 1 0.54 1
147 4 4.5 0 0 -9.81 0.5 1.73183608055 0.332382118009 1 Lisa  412.223070474 0.064 0.253769567446 0.899453962542 1 1 1 0.54 0
148 4 6 0 1 9.81 0.5 1.99553394318 0.303978004434 1 Lisa  415.0565004120001 0.064 0.586349512783 1.19155593874 1 1 1 0.54 1
149 3 4.5 0 0 -9.81 0.5 1.53809809685 0.138644134306 1 Lisa  418.1691634440001 0.064 0.255815563909 0.899453962542 1 1 1 0.54 0
150 3 6 0 0 -9.81 0.5 1.8465590477 0.155003108957 1 Lisa  420.81957135200014 0.064 0.329876547291 1.19155593874 1 1 1 0.54 0
151 3 6 0 1 9.81 0.5 1.82946896553 0.137913026788 1 Lisa  423.78575641299994 0.064 0.5562413582 1.19155593874 1 1 1 0.54 1
152 4 4.5 0 1 9.81 0.5 1.51360607147 0.11415210893 1 Lisa  426.72564746800003 0.064 0.440489178482 0.899453962542 1 1 1 0.54 1
153 3 4.5 0 1 9.81 0.5 1.58255696297 0.183103000425 1 Lisa  429.36450444 0.064 0.441139207042 0.899453962542 1 1 1 0.54 1
154 4 6 0 0 9.81 0.5 1.82221889496 0.130662956217 1 Lisa  432.05949905800003 0.064 0.311848080654 1.19155593874 1 1 1 0.54 0
155 3 4.5 0 0 9.81 0.5 1.48113107681 0.0816771142709 1 Lisa  434.9860967520001 0.064 0.243669548272 0.899453962542 1 1 1 0.54 0
156 4 4.5 0 0 9.81 0.5 1.47619700432 0.0767430417764 1 Lisa  437.57226928900013 0.064 0.259274287419 0.899453962542 1 1 1 0.54 0
157 4 4.5 0 1 -9.81 0.5 1.64555191994 0.246097957395 1 Lisa  440.142768207 0.064 0.434379812085 0.899453962542 1 1 1 0.54 1
158 4 6 0 0 -9.81 0.5 1.70129203796 0.0097360992219 1 Lisa  442.88486154600014 0.064 0.347581231332 1.19155593874 1 1 1 0.54 0
159 3 4.5 0 1 -9.81 0.5 1.62895083427 0.229496871732 1 Lisa  445.70435080200014 0.064 0.410281872464 0.899453962542 1 1 1 0.54 1
160 4 4.5 0 1 9.81 0.5 1.50028204918 0.100828086637 1 Lisa  448.453956627 0.064 0.419024051356 0.899453962542 1 1 1 0.54 1
161 3 4.5 0 1 -9.81 0.5 1.62099981308 0.221545850538 1 Lisa  451.07153582900014 0.064 0.417908770712 0.899453962542 1 1 1 0.54 1
162 4 4.5 0 0 -9.81 0.5 1.60784888268 0.208394920133 1 Lisa  453.80105981500014 0.064 0.253837122045 0.899453962542 1 1 1 0.54 0
163 3 6 0 1 9.81 0.5 1.70714998245 0.0155940437104 1 Lisa  456.52254636199996 0.064 0.541624419094 1.19155593874 1 1 1 0.54 1
164 4 6 0 1 9.81 0.5 1.83551001549 0.143954076746 1 Lisa  459.3519284660001 0.064 0.591971912225 1.19155593874 1 1 1 0.54 1
165 3 4.5 0 1 9.81 0.5 1.5522069931 0.152753030561 1 Lisa  462.293086377 0.064 0.41595830724 0.899453962542 1 1 1 0.54 1
166 4 4.5 0 0 9.81 0.5 1.562322855 0.162868892454 1 Lisa  464.94827258400005 0.064 0.227728988128 0.899453962542 1 1 1 0.54 0
167 4 6 0 0 -9.81 0.5 1.85491609573 0.163360156992 1 Lisa  467.60560856300003 0.064 0.33588869681 1.19155593874 1 1 1 0.54 0
168 4 6 0 0 9.81 0.5 1.74779200554 0.056236066797 1 Lisa  470.5526900510001 0.064 0.344042378118 1.19155593874 1 1 1 0.54 0
169 3 4.5 0 0 -9.81 0.5 1.50630402565 0.106850063108 1 Lisa  473.419143868 0.064 0.266304644337 0.899453962542 1 1 1 0.54 0
170 3 6 0 0 -9.81 0.5 1.82604598999 0.134490051248 1 Lisa  476.03882068300004 0.064 0.321624098915 1.19155593874 1 1 1 0.54 0
171 3 6 0 1 -9.81 0.5 1.82574295998 0.134187021234 1 Lisa  478.96565859700013 0.064 0.591251977573 1.19155593874 1 1 1 0.54 1
172 4 4.5 0 1 -9.81 0.5 1.64893698692 0.249483024381 1 Lisa  481.89050251899994 0.064 0.446548347206 0.899453962542 1 1 1 0.54 1
173 3 4.5 0 0 9.81 0.5 1.44475007057 0.0452961080301 1 Lisa  484.62478340000007 0.064 0.243383243253 0.899453962542 1 1 1 0.54 0
174 3 6 0 0 9.81 0.5 1.76229906082 0.0707431220796 1 Lisa  487.16648880799994 0.064 0.344264090681 1.19155593874 1 1 1 0.54 0
175 4 6 0 1 -9.81 0.5 1.79636693001 0.104810991266 1 Lisa  490.02480377999996 0.064 0.574911202716 1.19155593874 1 1 1 0.54 1
176 3 4.5 0 0 9.81 0.5 1.52026391029 0.120809947752 1 Lisa  492.9302564310001 0.064 0.235282770036 0.899453962542 1 1 1 0.54 0
177 4 6 0 0 9.81 0.5 1.84614491463 0.154588975885 1 Lisa  495.577361527 0.064 0.34622441269 1.19155593874 1 1 1 0.54 0
178 3 4.5 0 1 9.81 0.5 1.39474010468 -0.0047138578665 1 Lisa  498.5184943250001 0.064 0.413575446917 0.899453962542 1 1 1 0.54 1
179 4 6 0 0 -9.81 0.5 1.77251911163 0.0809631728913 1 Lisa  501.002982106 0.064 0.344836083107 1.19155593874 1 1 1 0.54 0
180 4 6 0 1 9.81 0.5 1.77081918716 0.0792632484223 1 Lisa  503.8787581450001 0.064 0.591012514367 1.19155593874 1 1 1 0.54 1
181 4 4.5 0 0 9.81 0.5 1.39043903351 -0.0090149290335 1 Lisa  506.7670894770001 0.064 0.265803383365 0.899453962542 1 1 1 0.54 0
182 4 4.5 0 1 -9.81 0.5 1.71030187607 0.310847913526 1 Lisa  509.2539726530001 0.064 0.440913006737 0.899453962542 1 1 1 0.54 1
183 4 6 0 1 -9.81 0.5 1.98637199402 0.294816055277 1 Lisa  512.07337274 0.064 0.594306653886 1.19155593874 1 1 1 0.54 1
184 3 6 0 0 9.81 0.5 1.815128088 0.123572149255 1 Lisa  515.1680811900001 0.064 0.300619305576 1.19155593874 1 1 1 0.54 0
185 3 6 0 1 -9.81 0.5 1.87100601196 0.179450073221 1 Lisa  518.0870529670001 0.064 0.553338867878 1.19155593874 1 1 1 0.54 1
186 4 4.5 0 1 9.81 0.5 1.45829510689 0.058841144346 1 Lisa  521.080774537 0.064 0.406057127144 0.899453962542 1 1 1 0.54 1
187 3 6 0 1 9.81 0.5 1.79157805443 0.100022115686 1 Lisa  523.6351766 0.064 0.593124165071 1.19155593874 1 1 1 0.54 1
188 4 4.5 0 0 -9.81 0.5 1.64186191559 0.242407953047 1 Lisa  526.5236379350001 0.064 0.253102516777 0.899453962542 1 1 1 0.54 0
189 3 4.5 0 1 -9.81 0.5 1.54576992989 0.146315967344 1 Lisa  529.269679583 0.064 0.433854848081 0.899453962542 1 1 1 0.54 1
190 3 6 0 0 -9.81 0.5 1.79997491837 0.108418979624 1 Lisa  531.9398371480002 0.064 0.328222063425 1.19155593874 1 1 1 0.54 0
191 3 4.5 0 0 -9.81 0.5 1.58143401146 0.181980048918 1 Lisa  534.8339904450002 0.064 0.241431512792 0.899453962542 1 1 1 0.54 0
192 4 6 0 1 -9.81 0.5 1.68210721016 -0.00944872858266 1 Lisa  537.519900264 0.064 0.594341981019 1.19155593874 1 1 1 0.54 1
193 3 4.5 0 1 -9.81 0.5 1.47177410126 0.0723201387155 1 Lisa  540.2891225230001 0.064 0.4493276035 0.899453962542 1 1 1 0.54 1
194 4 4.5 0 0 -9.81 0.5 1.50550484657 0.106050884031 1 Lisa  542.855238524 0.064 0.260381925076 0.899453962542 1 1 1 0.54 0
195 3 6 0 0 9.81 0.5 1.76786494255 0.0763090038087 1 Lisa  545.489394292 0.064 0.329922016656 1.19155593874 1 1 1 0.54 0
196 3 6 0 1 9.81 0.5 1.79016590118 0.0986099624421 1 Lisa  548.3473403390001 0.064 0.58539769542 1.19155593874 1 1 1 0.54 1
197 4 4.5 0 1 -9.81 0.5 1.45219016075 0.0527361982095 1 Lisa  551.2415900200001 0.064 0.432382636557 0.899453962542 1 1 1 0.54 1
198 4 4.5 0 0 9.81 0.5 1.54281497002 0.143361007475 1 Lisa  553.8209907329999 0.064 0.236182340005 0.899453962542 1 1 1 0.54 0
199 3 4.5 0 0 -9.81 0.5 1.53336286545 0.133908902906 1 Lisa  556.464956262 0.064 0.263213419495 0.899453962542 1 1 1 0.54 0
200 3 4.5 0 0 9.81 0.5 1.39368510246 -0.00576886007903 1 Lisa  559.7097249820001 0.064 0.269070889531 0.899453962542 1 1 1 0.54 0
201 4 6 0 0 9.81 0.5 1.79714798927 0.105592050531 1 Lisa  561.6368639300001 0.064 0.356712658553 1.19155593874 1 1 1 0.54 0
202 3 6 0 1 -9.81 0.5 1.79187703133 0.100321092584 1 Lisa  564.5572140420002 0.064 0.544348664893 1.19155593874 1 1 1 0.54 1
203 3 6 0 0 -9.81 0.5 1.85690808296 0.16535214422 1 Lisa  567.4642790690002 0.064 0.336803980375 1.19155593874 1 1 1 0.54 0
204 3 4.5 0 1 9.81 0.5 1.56936407089 0.169910108351 1 Lisa  570.445686587 0.064 0.419942722691 0.899453962542 1 1 1 0.54 1
205 4 6 0 0 -9.81 0.5 1.73899006844 0.0474341296937 1 Lisa  573.1397932870002 0.064 0.310423583043 1.19155593874 1 1 1 0.54 0
206 4 6 0 1 9.81 0.5 1.86993098259 0.178375043848 1 Lisa  575.9861764049999 0.064 0.589246236273 1.19155593874 1 1 1 0.54 1
207 4 4.5 0 1 9.81 0.5 1.42095398903 0.0215000264871 1 Lisa  578.9787676200001 0.064 0.437499808576 0.899453962542 1 1 1 0.54 1
208 4 6 0 1 -9.81 0.5 1.7326669693 0.0411110305574 1 Lisa  581.5006547320002 0.064 0.543102692536 1.19155593874 1 1 1 0.54 1
209 4 4.5 0 1 9.81 0.5 1.5069129467 0.107458984159 1 Lisa  584.335849116 0.064 0.417166304223 0.899453962542 1 1 1 0.54 1
210 4 4.5 0 0 -9.81 0.5 1.48218894005 0.0827349775064 1 Lisa  586.95635552 0.064 0.246233111617 0.899453962542 1 1 1 0.54 0
211 4 4.5 0 0 9.81 0.5 1.54817199707 0.148718034529 1 Lisa  589.554848513 0.064 0.247159947892 0.899453962542 1 1 1 0.54 0
212 3 4.5 0 0 -9.81 0.5 1.52370500565 0.124251043104 1 Lisa  592.2276522899999 0.064 0.246886314897 0.899453962542 1 1 1 0.54 0
213 3 6 0 0 -9.81 0.5 1.76330804825 0.0717521095063 1 Lisa  594.842462888 0.064 0.306280489895 1.19155593874 1 1 1 0.54 0
214 3 4.5 0 1 -9.81 0.5 1.66883087158 0.26937690904 1 Lisa  597.728117076 0.064 0.44772506858 0.899453962542 1 1 1 0.54 1
215 4 6 0 0 9.81 0.5 1.51256990433 -0.178986034415 1 Lisa  600.5032323349999 0.064 0.34271354105 1.19155593874 1 1 1 0.54 0
216 3 6 0 1 -9.81 0.5 2.00194406509 0.310388126352 1 Lisa  603.1173797260001 0.064 0.586912725443 1.19155593874 1 1 1 0.54 1
217 4 6 0 0 -9.81 0.5 1.8927230835 0.201167144754 1 Lisa  606.2278700260001 0.064 0.312190004531 1.19155593874 1 1 1 0.54 0
218 4 4.5 0 1 -9.81 0.5 1.75248289108 0.353028928541 1 Lisa  609.213284833 0.064 0.435490606277 0.899453962542 1 1 1 0.54 1
219 3 4.5 0 1 9.81 0.5 1.63254308701 0.233089124464 1 Lisa  612.0756874030001 0.064 0.415950444359 0.899453962542 1 1 1 0.54 1
220 4 6 0 1 9.81 0.5 2.06232094765 0.370765008905 1 Lisa  614.7763462810001 0.064 0.591901787167 1.19155593874 1 1 1 0.54 1
221 3 4.5 0 0 9.81 0.5 1.45373916626 0.054285203718 1 Lisa  617.9522787029998 0.064 0.268423528573 0.899453962542 1 1 1 0.54 0
222 3 6 0 0 9.81 0.5 1.74088311195 0.0493271732118 1 Lisa  620.520860627 0.064 0.301319527311 1.19155593874 1 1 1 0.54 0
223 3 6 0 1 9.81 0.5 1.91248393059 0.220927991846 1 Lisa  623.363954017 0.064 0.584711657854 1.19155593874 1 1 1 0.54 1
224 3 6 0 1 -9.81 0.5 1.98823904991 0.29668311117 1 Lisa  626.4078671330001 0.064 0.569230323126 1.19155593874 1 1 1 0.54 1
225 4 6 0 0 9.81 0.5 1.80464601517 0.113090076425 1 Lisa  629.484055954 0.064 0.316589670568 1.19155593874 1 1 1 0.54 0
226 4 6 0 0 -9.81 0.5 1.89947390556 0.207917966821 1 Lisa  632.3920639640003 0.064 0.323393537659 1.19155593874 1 1 1 0.54 0
227 4 4.5 0 0 9.81 0.5 1.6642100811 0.264756118559 1 Lisa  635.3940801310002 0.064 0.253532241706 0.899453962542 1 1 1 0.54 0
228 4 4.5 0 1 9.81 0.5 1.51517796516 0.115724002622 1 Lisa  638.159565443 0.064 0.418605363497 0.899453962542 1 1 1 0.54 1
229 3 4.5 0 0 9.81 0.5 1.54018902779 0.140735065244 1 Lisa  640.7634633949999 0.064 0.227581977504 0.899453962542 1 1 1 0.54 0
230 4 6 0 1 -9.81 0.5 1.8541021347 0.162546195963 1 Lisa  643.392208733 0.064 0.569449321513 1.19155593874 1 1 1 0.54 1
231 3 4.5 0 1 9.81 0.5 1.54351687431 0.144062911772 1 Lisa  646.342959672 0.064 0.410280865288 0.899453962542 1 1 1 0.54 1
232 3 6 0 0 -9.81 0.5 1.91548609734 0.223930158594 1 Lisa  648.992837306 0.064 0.30600298995 1.19155593874 1 1 1 0.54 0
233 4 4.5 0 0 -9.81 0.5 1.57795286179 0.178498899244 1 Lisa  652.0037520230001 0.064 0.231509550985 0.899453962542 1 1 1 0.54 0
234 3 4.5 0 0 -9.81 0.5 1.57998299599 0.180529033445 1 Lisa  654.6818517970003 0.064 0.269436129746 0.899453962542 1 1 1 0.54 0
235 3 4.5 0 1 -9.81 0.5 1.53445601463 0.135002052091 1 Lisa  657.3758287460003 0.064 0.42542242907 0.899453962542 1 1 1 0.54 1
236 3 6 0 0 9.81 0.5 1.76037311554 0.0688171767976 1 Lisa  660.0178992960002 0.064 0.334022764084 1.19155593874 1 1 1 0.54 0
237 4 4.5 0 1 -9.81 0.5 1.62796998024 0.228516017698 1 Lisa  662.8918154710002 0.064 0.427285985449 0.899453962542 1 1 1 0.54 1
238 3 6 0 1 9.81 0.5 1.91407799721 0.222522058466 1 Lisa  665.6333531530001 0.064 0.543845136261 1.19155593874 1 1 1 0.54 1
239 4 6 0 1 9.81 0.5 1.8993999958 0.207844057062 1 Lisa  668.6688485480001 0.064 0.554148644607 1.19155593874 1 1 1 0.54 1
240 4 4.5 0 1 9.81 0.5 1.5789411068 0.179487144254 1 Lisa  671.6714925620001 0.064 0.444203289092 0.899453962542 1 1 1 0.54 1
241 4 6 0 0 9.81 0.5 1.85361480713 0.162058868387 1 Lisa  674.3647446390003 0.064 0.308713545223 1.19155593874 1 1 1 0.54 0
242 3 4.5 0 1 -9.81 0.5 1.66374015808 0.264286195539 1 Lisa  677.3454712760001 0.064 0.428901641148 0.899453962542 1 1 1 0.54 1
243 3 4.5 0 0 9.81 0.5 1.50922703743 0.109773074888 1 Lisa  680.122632069 0.064 0.233607761893 0.899453962542 1 1 1 0.54 0
244 4 6 0 1 -9.81 0.5 2.15940213203 0.467846193292 1 Lisa  682.7508382100002 0.064 0.564844808188 1.19155593874 1 1 1 0.54 1
245 3 4.5 0 1 9.81 0.5 1.44553208351 0.0460781209696 1 Lisa  686.0257195800002 0.064 0.413670471078 0.899453962542 1 1 1 0.54 1
246 3 6 0 1 -9.81 0.5 1.90508198738 0.213526048639 1 Lisa  688.5667775079999 0.064 0.575213311885 1.19155593874 1 1 1 0.54 1
247 4 6 0 1 9.81 0.5 1.93104410172 0.239488162973 1 Lisa  691.5967439960002 0.064 0.578186157298 1.19155593874 1 1 1 0.54 1
248 4 4.5 0 1 -9.81 0.5 1.59168601036 0.192232047819 1 Lisa  694.6503657670003 0.064 0.445457011877 0.899453962542 1 1 1 0.54 1
249 4 4.5 0 0 -9.81 0.5 1.56835007668 0.168896114134 1 Lisa  697.347822171 0.064 0.236985036787 0.899453962542 1 1 1 0.54 0
250 3 6 0 0 -9.81 0.5 1.73564004898 0.0440841102387 1 Lisa  700.0325023040002 0.064 0.355024431226 1.19155593874 1 1 1 0.54 0
251 4 4.5 0 0 9.81 0.5 1.50060796738 0.101154004835 1 Lisa  702.8941592090002 0.064 0.255599979646 0.899453962542 1 1 1 0.54 0
252 4 6 0 0 -9.81 0.5 1.84440302849 0.152847089746 1 Lisa  705.525309157 0.064 0.304931812029 1.19155593874 1 1 1 0.54 0
253 3 6 0 1 9.81 0.5 1.79718804359 0.105632104852 1 Lisa  708.4647998379999 0.064 0.546059009331 1.19155593874 1 1 1 0.54 1
254 3 4.5 0 0 -9.81 0.5 1.55765891075 0.15820494821 1 Lisa  711.3629987870002 0.064 0.237180414271 0.899453962542 1 1 1 0.54 0
255 3 6 0 0 9.81 0.5 1.7681248188 0.0765688800599 1 Lisa  714.0461317430002 0.064 0.30046350553 1.19155593874 1 1 1 0.54 0
256 3 6 0 1 9.81 0.5 1.92620801926 0.234652080515 1 Lisa  716.9443459430001 0.064 0.561882341211 1.19155593874 1 1 1 0.54 1
257 3 4.5 0 1 -9.81 0.5 1.66402101517 0.264567052625 1 Lisa  719.9641329600001 0.064 0.432165943029 0.899453962542 1 1 1 0.54 1
258 4 4.5 0 1 9.81 0.5 1.63619685173 0.236742889189 1 Lisa  722.7280534889999 0.064 0.445605333479 0.899453962542 1 1 1 0.54 1
259 4 4.5 0 1 -9.81 0.5 1.64326095581 0.243806993269 1 Lisa  725.4726733919999 0.064 0.426623087474 0.899453962542 1 1 1 0.54 1
260 4 6 0 1 -9.81 0.5 2.0109500885 0.319394149759 1 Lisa  728.2134927200002 0.064 0.550111761544 1.19155593874 1 1 1 0.54 1
261 3 4.5 0 0 -9.81 0.5 1.54974198341 0.150288020872 1 Lisa  731.3233585300002 0.064 0.262461698889 0.899453962542 1 1 1 0.54 0
262 4 4.5 0 0 -9.81 0.5 1.5441968441 0.144742881559 1 Lisa  734.0004988630001 0.064 0.259315117442 0.899453962542 1 1 1 0.54 0
263 3 4.5 0 0 9.81 0.5 1.48856902122 0.0891150586832 1 Lisa  736.6737941540002 0.064 0.232738738723 0.899453962542 1 1 1 0.54 0
264 4 6 0 0 9.81 0.5 1.80201101303 0.110455074289 1 Lisa  739.2577747789999 0.064 0.298156793415 1.19155593874 1 1 1 0.54 0
265 4 4.5 0 0 9.81 0.5 1.5149769783 0.11552301576 1 Lisa  742.1652156080002 0.064 0.25297924684 0.899453962542 1 1 1 0.54 0
266 3 6 0 0 -9.81 0.5 1.7743909359 0.0828349971559 1 Lisa  744.8036948000001 0.064 0.306147346064 1.19155593874 1 1 1 0.54 0
267 3 6 0 0 9.81 0.5 1.79771995544 0.106164016702 1 Lisa  747.685007587 0.064 0.343054790129 1.19155593874 1 1 1 0.54 0
268 3 6 0 1 -9.81 0.5 2.11965179443 0.428095855692 1 Lisa  750.6051121960002 0.064 0.562009497488 1.19155593874 1 1 1 0.54 1
269 4 6 0 1 9.81 0.5 1.89488196373 0.203326024988 1 Lisa  753.823192006 0.064 0.579961078917 1.19155593874 1 1 1 0.54 1
270 4 6 0 0 -9.81 0.5 1.82587385178 0.134317913034 1 Lisa  756.8262412619999 0.064 0.328103924325 1.19155593874 1 1 1 0.54 0
271 3 4.5 0 1 9.81 0.5 1.42127799988 0.0218240373361 1 Lisa  759.7462968570001 0.064 0.413121030802 0.899453962542 1 1 1 0.54 1
272 4 4.5 0 0 9.81 0.5 1.51980614662 0.12035218408 1 Lisa  762.279854438 0.064 0.23491180009 0.899453962542 1 1 1 0.54 0
273 3 6 0 0 -9.81 0.5 1.73751711845 0.045961179712 1 Lisa  764.8981494350003 0.064 0.334067827593 1.19155593874 1 1 1 0.54 0
274 3 6 0 0 9.81 0.5 1.7366168499 0.0450609111573 1 Lisa  767.7403868550002 0.064 0.339067935433 1.19155593874 1 1 1 0.54 0
275 3 4.5 0 1 9.81 0.5 1.42704796791 0.027594005369 1 Lisa  770.5746989480001 0.064 0.41440373012 0.899453962542 1 1 1 0.54 1
276 4 4.5 0 0 -9.81 0.5 1.55154013634 0.152086173795 1 Lisa  773.1137732059999 0.064 0.229997634659 0.899453962542 1 1 1 0.54 0
277 4 6 0 1 9.81 0.5 1.90222501755 0.210669078806 1 Lisa  775.7606412830003 0.064 0.581907557845 1.19155593874 1 1 1 0.54 1
278 4 6 0 0 9.81 0.5 1.94144415855 0.249888219812 1 Lisa  778.7847813559999 0.064 0.317213898322 1.19155593874 1 1 1 0.54 0
279 3 4.5 0 0 9.81 0.5 1.51136994362 0.111915981077 1 Lisa  781.8471208150002 0.064 0.253613446849 0.899453962542 1 1 1 0.54 0
280 3 6 0 1 -9.81 0.5 1.82786893845 0.136312999704 1 Lisa  784.4757863470002 0.064 0.555966463005 1.19155593874 1 1 1 0.54 1
281 4 4.5 0 1 -9.81 0.5 1.59848499298 0.199031030439 1 Lisa  787.406922036 0.064 0.417792480999 0.899453962542 1 1 1 0.54 1
282 3 4.5 0 1 -9.81 0.5 1.75053405762 0.351080095075 1 Lisa  790.1298027119999 0.064 0.42682809095 0.899453962542 1 1 1 0.54 1
283 4 6 0 0 -9.81 0.5 1.95093584061 0.259379901865 1 Lisa  793.001435291 0.064 0.322844772122 1.19155593874 1 1 1 0.54 0
284 3 4.5 0 0 -9.81 0.5 1.51207995415 0.112625991606 1 Lisa  796.0600785640002 0.064 0.247532218897 0.899453962542 1 1 1 0.54 0
285 4 4.5 0 1 9.81 0.5 1.4250369072 0.0255829446542 1 Lisa  798.6948551610001 0.064 0.430512556498 0.899453962542 1 1 1 0.54 1
286 4 6 0 1 -9.81 0.5 2.04207801819 0.350522079447 1 Lisa  801.2298316829999 0.064 0.593410550194 1.19155593874 1 1 1 0.54 1
287 3 6 0 1 9.81 0.5 1.89172077179 0.200164833048 1 Lisa  804.373350435 0.064 0.57671813135 1.19155593874 1 1 1 0.54 1
288 4 6 0 0 9.81 0.5 1.94994187355 0.258385934808 1 Lisa  807.364115691 0.064 0.354441349875 1.19155593874 1 1 1 0.54 0
289 3 6 0 1 -9.81 0.5 2.03671002388 0.345154085138 1 Lisa  810.417957501 0.064 0.585410149595 1.19155593874 1 1 1 0.54 1
290 3 4.5 0 0 -9.81 0.5 1.57437801361 0.174924051069 1 Lisa  813.5575518120002 0.064 0.248408428734 0.899453962542 1 1 1 0.54 0
291 3 6 0 0 9.81 0.5 1.77321815491 0.0816622161653 1 Lisa  816.2236538190002 0.064 0.32715242416 1.19155593874 1 1 1 0.54 0
292 3 6 0 1 9.81 0.5 1.97945022583 0.287894287088 1 Lisa  819.0904934960001 0.064 0.564704046161 1.19155593874 1 1 1 0.54 1
293 4 6 0 1 9.81 0.5 1.93540906906 0.243853130319 1 Lisa  822.172699724 0.064 0.585504320247 1.19155593874 1 1 1 0.54 1
294 3 4.5 0 1 -9.81 0.5 1.61675095558 0.21729699304 1 Lisa  825.2097783219999 0.064 0.440053405131 0.899453962542 1 1 1 0.54 1
295 4 4.5 0 0 -9.81 0.5 1.69346380234 0.294009839796 1 Lisa  827.9413413640002 0.064 0.266501224945 0.899453962542 1 1 1 0.54 0
296 4 4.5 0 0 9.81 0.5 1.52620792389 0.126753961347 1 Lisa  830.7265381469999 0.064 0.246670990777 0.899453962542 1 1 1 0.54 0
297 3 4.5 0 0 9.81 0.5 1.48065805435 0.08120409181 1 Lisa  833.348555069 0.064 0.246229460471 0.899453962542 1 1 1 0.54 0
298 4 4.5 0 1 -9.81 0.5 1.62850809097 0.229054128431 1 Lisa  835.9284319410001 0.064 0.446566909053 0.899453962542 1 1 1 0.54 1
299 4 6 0 1 -9.81 0.5 2.18756890297 0.496012964227 1 Lisa  838.6505567360002 0.064 0.592788695276 1.19155593874 1 1 1 0.54 1
300 4 6 0 0 -9.81 0.5 1.9581720829 0.266616144159 1 Lisa  841.9376269940001 0.064 0.304565640697 1.19155593874 1 1 1 0.54 0
301 3 6 0 0 -9.81 0.5 2.05160593987 0.360050001123 1 Lisa  844.9965268670001 0.064 0.323870992442 1.19155593874 1 1 1 0.54 0
302 4 4.5 0 1 9.81 0.5 1.6168088913 0.217354928755 1 Lisa  848.1510009850001 0.064 0.415836213597 0.899453962542 1 1 1 0.54 1
303 3 4.5 0 1 9.81 0.5 1.54006814957 0.140614187025 1 Lisa  850.8744330050001 0.064 0.440259192045 0.899453962542 1 1 1 0.54 1
304 3 6 0 0 9.81 0.5 1.77109503746 0.0795390987184 1 Lisa  853.5118461150003 0.064 0.305955928493 1.19155593874 1 1 1 0.54 0
305 4 4.5 0 0 9.81 0.5 1.5616941452 0.162240182661 1 Lisa  856.3841849560001 0.064 0.265188801423 0.899453962542 1 1 1 0.54 0
306 4 4.5 0 1 -9.81 0.5 1.59478902817 0.195335065626 1 Lisa  859.0601462940001 0.064 0.430215371007 0.899453962542 1 1 1 0.54 1
307 3 4.5 0 1 -9.81 0.5 1.70180797577 0.302354013227 1 Lisa  861.7714568500003 0.064 0.433170040596 0.899453962542 1 1 1 0.54 1
308 4 6 0 1 9.81 0.5 1.87028312683 0.178727188089 1 Lisa  864.572749321 0.064 0.595599480514 1.19155593874 1 1 1 0.54 1
309 3 6 0 1 9.81 0.5 1.9645421505 0.272986211755 1 Lisa  867.5466741430002 0.064 0.542890038767 1.19155593874 1 1 1 0.54 1
310 3 4.5 0 0 -9.81 0.5 1.52311706543 0.123663102888 1 Lisa  870.6180419150003 0.064 0.252157023783 0.899453962542 1 1 1 0.54 0
311 3 6 0 0 -9.81 0.5 1.93232607841 0.240770139673 1 Lisa  873.254526249 0.064 0.308276420633 1.19155593874 1 1 1 0.54 0
312 3 6 0 1 -9.81 0.5 2.03370594978 0.342150011041 1 Lisa  876.3113112050003 0.064 0.545436569087 1.19155593874 1 1 1 0.54 1
313 4 6 0 0 9.81 0.5 1.7380130291 0.0464570903565 1 Lisa  879.4482789400001 0.064 0.331843584184 1.19155593874 1 1 1 0.54 0
314 4 6 0 1 -9.81 0.5 1.92420196533 0.23264602659 1 Lisa  882.2954041740002 0.064 0.59362707407 1.19155593874 1 1 1 0.54 1
315 3 4.5 0 0 9.81 0.5 1.46770000458 0.0682460420358 1 Lisa  885.3230474590002 0.064 0.264938282075 0.899453962542 1 1 1 0.54 0
316 4 6 0 0 -9.81 0.5 1.93068504333 0.239129104593 1 Lisa  887.8922943059999 0.064 0.355859549804 1.19155593874 1 1 1 0.54 0
317 4 4.5 0 0 -9.81 0.5 1.69151186943 0.292057906889 1 Lisa  890.9206476450001 0.064 0.241140715927 0.899453962542 1 1 1 0.54 0
318 4 4.5 0 1 9.81 0.5 1.58408379555 0.184629833006 1 Lisa  893.7207756630003 0.064 0.407381862347 0.899453962542 1 1 1 0.54 1
319 3 4.5 0 1 9.81 0.5 1.62559700012 0.22614303758 1 Lisa  896.4062741559999 0.064 0.415702802091 0.899453962542 1 1 1 0.54 1
320 4 6 0 0 9.81 0.5 1.85337495804 0.161819019296 1 Lisa  899.1407449609999 0.064 0.337628525785 1.19155593874 1 1 1 0.54 0
321 3 4.5 0 0 -9.81 0.5 1.52097988129 0.121525918745 1 Lisa  902.1048796160001 0.064 0.262013885139 0.899453962542 1 1 1 0.54 0
322 3 6 0 1 9.81 0.5 1.74285507202 0.0512991332795 1 Lisa  904.7256463380002 0.064 0.54135224689 1.19155593874 1 1 1 0.54 1
323 4 6 0 1 -9.81 0.5 1.9643099308 0.272753992059 1 Lisa  907.5633189900002 0.064 0.589286078595 1.19155593874 1 1 1 0.54 1
324 4 4.5 0 1 9.81 0.5 1.61551499367 0.216061031126 1 Lisa  910.626700521 0.064 0.414586023256 0.899453962542 1 1 1 0.54 1
325 3 6 0 1 -9.81 0.5 1.93971204758 0.248156108835 1 Lisa  913.3486416950002 0.064 0.549247262484 1.19155593874 1 1 1 0.54 1
326 3 4.5 0 0 9.81 0.5 1.52791309357 0.128459131025 1 Lisa  916.396568587 0.064 0.244260838972 0.899453962542 1 1 1 0.54 0
327 4 4.5 0 0 9.81 0.5 1.49999308586 0.100539123319 1 Lisa  919.023933787 0.064 0.255686985431 0.899453962542 1 1 1 0.54 0
328 4 6 0 0 -9.81 0.5 1.80871009827 0.117154159525 1 Lisa  921.621278456 0.064 0.322239204847 1.19155593874 1 1 1 0.54 0
329 3 6 0 0 -9.81 0.5 5.19590497017 3.50434903143 1 Lisa  929.5560025010002 0.064 0.340192305753 1.19155593874 1 1 1 0.54 0
330 4 4.5 0 0 -9.81 0.5 1.51763391495 0.118179952406 1 Lisa  930.8514937930001 0.064 0.265864748876 0.899453962542 1 1 1 0.54 0
331 3 4.5 0 1 9.81 0.5 1.56385397911 0.164400016569 1 Lisa  933.4788903270003 0.064 0.414481986862 0.899453962542 1 1 1 0.54 1
332 3 4.5 0 1 -9.81 0.5 1.46268391609 0.0632299535501 1 Lisa  936.1648247589999 0.064 0.431972047361 0.899453962542 1 1 1 0.54 1
333 3 6 0 0 9.81 0.5 1.7322499752 0.0406940364625 1 Lisa  938.7550953460002 0.064 0.331128109057 1.19155593874 1 1 1 0.54 0
334 4 6 0 1 9.81 0.5 1.87218594551 0.180630006769 1 Lisa  941.5932542070002 0.064 0.556788658499 1.19155593874 1 1 1 0.54 1
335 4 4.5 0 1 -9.81 0.5 1.52875900269 0.129305040144 1 Lisa  944.5793256310001 0.064 0.413705428743 0.899453962542 1 1 1 0.54 1
336 4 6 0 0 -9.81 0.5 1.75050997734 0.0589540385987 1 Lisa  947.2084454930002 0.064 0.301981071272 1.19155593874 1 1 1 0.54 0
337 3 6 0 0 9.81 0.5 1.81674194336 0.125186004617 1 Lisa  950.0576294999998 0.064 0.346585776742 1.19155593874 1 1 1 0.54 0
338 3 6 0 0 -9.81 0.5 1.75622677803 0.0646708392884 1 Lisa  952.993769808 0.064 0.30251147381 1.19155593874 1 1 1 0.54 0
339 4 4.5 0 1 9.81 0.5 1.40676379204 0.00730982949617 1 Lisa  955.8467055940002 0.064 0.404985116631 0.899453962542 1 1 1 0.54 1
340 4 6 0 1 -9.81 0.5 1.80652999878 0.114974060037 1 Lisa  958.3624781360002 0.064 0.556194670713 1.19155593874 1 1 1 0.54 1
341 3 6 0 1 -9.81 0.5 1.81850194931 0.126946010568 1 Lisa  961.2805110790002 0.064 0.58059133087 1.19155593874 1 1 1 0.54 1
342 4 4.5 0 0 9.81 0.5 1.56750202179 0.168048059248 1 Lisa  964.2122271250003 0.064 0.231991635972 0.899453962542 1 1 1 0.54 0
343 4 6 0 0 9.81 0.5 1.74092006683 0.0493641280915 1 Lisa  966.8971904000002 0.064 0.34150999064 1.19155593874 1 1 1 0.54 0
344 3 4.5 0 1 -9.81 0.5 1.57300901413 0.173555051588 1 Lisa  969.7338865960003 0.064 0.433337658614 0.899453962542 1 1 1 0.54 1
345 3 4.5 0 1 9.81 0.5 1.50025081635 0.100796853803 1 Lisa  972.4031045730001 0.064 0.443854236646 0.899453962542 1 1 1 0.54 1
346 4 4.5 0 1 -9.81 0.5 1.63053488731 0.231080924772 1 Lisa  975.0159024860002 0.064 0.438702179231 0.899453962542 1 1 1 0.54 1
347 4 6 0 1 9.81 0.5 1.94806885719 0.256512918451 1 Lisa  977.7516187530002 0.064 0.551316052936 1.19155593874 1 1 1 0.54 1
348 4 4.5 0 0 -9.81 0.5 1.55855488777 0.15910092523 1 Lisa  980.8192985020003 0.064 0.233879684694 0.899453962542 1 1 1 0.54 0
349 3 4.5 0 0 -9.81 0.5 1.53914093971 0.139686977171 1 Lisa  983.4825624860002 0.064 0.247812197897 0.899453962542 1 1 1 0.54 0
350 3 4.5 0 0 9.81 0.5 1.46039295197 0.0609389894235 1 Lisa  986.1197548530001 0.064 0.233377255266 0.899453962542 1 1 1 0.54 0
351 3 6 0 1 9.81 0.5 1.88589286804 0.1943369293 1 Lisa  988.6918078639999 0.064 0.574147614329 1.19155593874 1 1 1 0.54 1
352 4 6 0 1 9.81 0.5 1.95910096169 0.267545022943 1 Lisa  991.6775224260002 0.064 0.549468978994 1.19155593874 1 1 1 0.54 1
353 4 4.5 0 0 9.81 0.5 1.59826803207 0.198814069532 1 Lisa  994.7445297050001 0.064 0.24644356694 0.899453962542 1 1 1 0.54 0
354 4 6 0 1 -9.81 0.5 1.96517515182 0.273619213083 1 Lisa  997.4684928190002 0.064 0.566427432813 1.19155593874 1 1 1 0.54 1
355 4 6 0 0 -9.81 0.5 1.77943611145 0.0878801727082 1 Lisa  1000.934051685 0.064 0.343209455482 1.19155593874 1 1 1 0.54 0
356 3 6 0 1 9.81 0.5 2.09925484657 0.407698907831 1 Lisa  1003.4147368649999 0.064 0.580176702563 1.19155593874 1 1 1 0.54 1
357 4 4.5 0 1 9.81 0.5 1.51692986488 0.117475902342 1 Lisa  1006.6331193230001 0.064 0.411349072808 0.899453962542 1 1 1 0.54 1
358 3 6 0 0 9.81 0.5 1.83701300621 0.145457067468 1 Lisa  1009.2571698419999 0.064 0.298238641149 1.19155593874 1 1 1 0.54 0
359 3 4.5 0 0 9.81 0.5 1.50297904015 0.103525077604 1 Lisa  1012.205523113 0.064 0.226698455784 0.899453962542 1 1 1 0.54 0
360 3 4.5 0 1 -9.81 0.5 1.54971504211 0.150261079572 1 Lisa  1014.8134637999999 0.064 0.406152360017 0.899453962542 1 1 1 0.54 1
361 4 4.5 0 1 -9.81 0.5 1.57386517525 0.174411212705 1 Lisa  1017.4807619820001 0.064 0.411095994021 0.899453962542 1 1 1 0.54 1
362 3 4.5 0 1 9.81 0.5 1.51886606216 0.119412099623 1 Lisa  1020.143919807 0.064 0.410611419713 0.899453962542 1 1 1 0.54 1
363 3 6 0 0 -9.81 0.5 1.76339197159 0.0718360328462 1 Lisa  1022.7669544090002 0.064 0.31512481203 1.19155593874 1 1 1 0.54 0
364 3 4.5 0 0 -9.81 0.5 1.55800509453 0.158551131986 1 Lisa  1025.6417737640002 0.064 0.252109668341 0.899453962542 1 1 1 0.54 0
365 4 6 0 0 9.81 0.5 1.80034899712 0.108793058374 1 Lisa  1028.3044699570003 0.064 0.303304742997 1.19155593874 1 1 1 0.54 0
366 3 6 0 1 -9.81 0.5 2.04929089546 0.35773495672 1 Lisa  1031.2256213540002 0.064 0.541351979038 1.19155593874 1 1 1 0.54 1
367 4 4.5 0 0 -9.81 0.5 1.55937504768 0.159921085142 1 Lisa  1034.3806314720002 0.064 0.242653753878 0.899453962542 1 1 1 0.54 0
368 4 4.5 0 0 -9.81 0.5 1.57881593704 0.1793619745 1 Lisa  1037.0519208540002 0.064 0.251442315609 0.899453962542 1 1 1 0.54 0
369 3 4.5 0 1 9.81 0.5 1.49128508568 0.0918311231363 1 Lisa  1039.742424029 0.064 0.4197330051 0.899453962542 1 1 1 0.54 1
370 3 6 0 0 -9.81 0.5 1.96954703331 0.277991094568 1 Lisa  1042.3410973020002 0.064 0.325377103819 1.19155593874 1 1 1 0.54 0
371 4 4.5 0 1 9.81 0.5 1.50398898125 0.104535018705 1 Lisa  1045.4118060440003 0.064 0.40505864894 0.899453962542 1 1 1 0.54 1
372 3 6 0 1 -9.81 0.5 2.1301279068 0.438571968057 1 Lisa  1048.017663556 0.064 0.578985338727 1.19155593874 1 1 1 0.54 1
373 4 4.5 0 0 9.81 0.5 1.56178402901 0.162330066465 1 Lisa  1051.26565172 0.064 0.247513138474 0.899453962542 1 1 1 0.54 0
374 3 4.5 0 0 -9.81 0.5 1.52438592911 0.124931966566 1 Lisa  1053.933550891 0.064 0.2248875744 0.899453962542 1 1 1 0.54 0
375 4 6 0 1 -9.81 0.5 1.96428418159 0.272728242853 1 Lisa  1056.5677418359999 0.064 0.550781024862 1.19155593874 1 1 1 0.54 1
376 4 6 0 0 9.81 0.5 1.72719597816 0.0356400394227 1 Lisa  1059.6419903040003 0.064 0.34375809724 1.19155593874 1 1 1 0.54 0
377 4 6 0 0 -9.81 0.5 1.75830817223 0.066752233484 1 Lisa  1062.478275663 0.064 0.337517884023 1.19155593874 1 1 1 0.54 0
378 4 4.5 0 1 -9.81 0.5 1.57243514061 0.172981178068 1 Lisa  1065.35174226 0.064 0.423435393115 0.899453962542 1 1 1 0.54 1
379 4 6 0 1 9.81 0.5 1.83208680153 0.140530862787 1 Lisa  1068.0353171200002 0.064 0.54311680819 1.19155593874 1 1 1 0.54 1
380 3 6 0 1 9.81 0.5 1.8918159008 0.200259962061 1 Lisa  1070.9813219170003 0.064 0.543943924189 1.19155593874 1 1 1 0.54 1
381 3 6 0 0 9.81 0.5 1.74544215202 0.0538862132814 1 Lisa  1073.9840542059999 0.064 0.348433907515 1.19155593874 1 1 1 0.54 0
382 3 4.5 0 1 -9.81 0.5 1.4032728672 0.00381890466096 1 Lisa  1076.8182378 0.064 0.429019363098 0.899453962542 1 1 1 0.54 1
383 3 4.5 0 0 9.81 0.5 1.48953819275 0.0900842302072 1 Lisa  1079.321488332 0.064 0.267731170251 0.899453962542 1 1 1 0.54 0
