trial vx vy vz LongOcclusion g timeStill rTime TemporalError environment id pupiltime IOD OccludedTimeOfTrajectory FlightDuration Drag DragFirst block accuracy LongOcclusion
0 4 4.5 0 0 6.867 0.5 1.82808494568 0.0537540708595 1 Clara  2.8549357029996827 0.063 0.329956749438 1.27433087482 1 1 3 0.23 0
1 3 4.5 0 1 12.753 0.5 1.82808494568 0.0537540708595 1 Clara  2.8549357029996827 0.063 0.329956749438 1.27433087482 1 1 3 0.23 0
2 4 4.5 0 1 11.2815 0.5 1.82808494568 0.0537540708595 1 Clara  5.6255836990003445 0.063 0.387961595976 0.784126686962 1 1 3 0.23 1
3 3 4.5 0 1 6.867 0.5 1.84724903107 0.0729181562477 1 Clara  5.77132326300034 0.063 0.59961388843 1.27433087482 1 1 3 0.23 1
4 4 6 0 0 8.3385 0.5 1.95794296265 0.0624275646504 1 Clara  8.734845787000268 0.063 0.393887705893 1.395515398 1 1 3 0.23 0
5 3 4.5 0 1 8.3385 0.5 1.70142793655 0.146865707499 1 Clara  11.79880932099968 0.063 0.511716615527 1.05456222905 1 1 3 0.23 1
6 4 6 0 0 12.753 0.5 1.48366212845 0.0616054406257 1 Clara  14.612848868000583 0.063 0.232494016275 0.922056687823 1 1 3 0.23 0
7 4 4.5 0 1 6.867 0.5 1.72060203552 -0.0537288392967 1 Clara  17.21022588300002 0.063 0.57645698744 1.27433087482 1 1 3 0.23 1
8 3 6 0 1 8.3385 0.5 1.92209887505 0.0265834770497 1 Clara  20.04885518500032 0.063 0.647683525177 1.395515398 1 1 3 0.23 1
9 3 4.5 0 1 11.2815 0.5 1.46690583229 0.182779145329 1 Clara  23.068828213000415 0.063 0.367767201794 0.784126686962 1 1 3 0.23 1
10 3 4.5 0 0 8.3385 0.5 1.65863704681 0.104074817759 1 Clara  25.644643198000267 0.063 0.265711843003 1.05456222905 1 1 3 0.23 0
11 4 4.5 0 0 12.753 0.5 1.29081320763 0.0957984704989 1 Clara  28.41217194300043 0.063 0.19122588892 0.695014737127 1 1 3 0.23 0
12 3 6 0 1 11.2815 0.5 1.69025301933 0.150631129715 1 Clara  30.828482691000318 0.063 0.484154943847 1.03962188962 1 1 3 0.23 1
13 3 6 0 1 12.753 0.5 1.59753704071 0.175480352888 1 Clara  33.64205510100055 0.063 0.432050183654 0.922056687823 1 1 3 0.23 1
14 3 4.5 0 1 9.81 0.5 1.53975701332 0.140303050779 1 Clara  36.335909510999954 0.063 0.419603991728 0.899453962542 1 1 3 0.23 1
15 3 6 0 0 11.2815 0.5 1.7466070652 0.206985175583 1 Clara  38.98380603199985 0.063 0.311461063881 1.03962188962 1 1 3 0.23 0
16 4 6 0 0 6.867 0.5 2.31688904762 0.133132060047 1 Clara  41.844341283000176 0.063 0.452641685531 1.68375698758 1 1 3 0.23 0
17 3 4.5 0 0 6.867 0.5 1.84785890579 0.0735280309731 1 Clara  45.289172044000225 0.063 0.35451686752 1.27433087482 1 1 3 0.23 0
18 4 6 0 1 6.867 0.5 2.27094817162 0.0871911840401 1 Clara  48.245351288000165 0.063 0.818194736857 1.68375698758 1 1 3 0.23 1
19 4 6 0 1 8.3385 0.5 1.84549212456 -0.0500232734386 1 Clara  51.65048837100039 0.063 0.684510215266 1.395515398 1 1 3 0.23 1
20 3 4.5 0 0 9.81 0.5 1.49184417725 0.0923902147043 1 Clara  54.608165108999856 0.063 0.261880323873 0.899453962542 1 1 3 0.23 0
21 3 6 0 0 8.3385 0.5 2.02562594414 0.130110546142 1 Clara  57.195412613999906 0.063 0.373607588711 1.395515398 1 1 3 0.23 0
22 4 4.5 0 0 11.2815 0.5 1.42059183121 0.136465144246 1 Clara  60.33711203599978 0.063 0.198709736441 0.784126686962 1 1 3 0.23 0
23 3 6 0 1 6.867 0.5 2.49117088318 0.307413895603 1 Clara  62.88099604800027 0.063 0.841083980162 1.68375698758 1 1 3 0.23 1
24 3 4.5 0 0 11.2815 0.5 1.40617203712 0.122045350163 1 Clara  66.47563500900014 0.063 0.199322414695 0.784126686962 1 1 3 0.23 0
25 3 6 0 0 6.867 0.5 2.39706802368 0.213311036106 1 Clara  68.99925859900031 0.063 0.431582834012 1.68375698758 1 1 3 0.23 0
26 4 6 0 1 11.2815 0.5 1.55741214752 0.0177902579037 1 Clara  72.51646394199997 0.063 0.500083132378 1.03962188962 1 1 3 0.23 1
27 3 6 0 0 9.81 0.5 1.83616518974 0.144609251001 1 Clara  75.18427208899993 0.063 0.32400819682 1.19155593874 1 1 3 0.23 0
28 3 4.5 0 0 12.753 0.5 1.28049707413 0.0854823369998 1 Clara  78.11589896799978 0.063 0.183361804312 0.695014737127 1 1 3 0.23 0
29 4 4.5 0 1 9.81 0.5 1.45854711533 0.0590931527841 1 Clara  80.52005687400015 0.063 0.414720455696 0.899453962542 1 1 3 0.23 1
30 4 4.5 0 1 8.3385 0.5 1.6312289238 0.0766666947428 1 Clara  83.08730727300008 0.063 0.512255421366 1.05456222905 1 1 3 0.23 1
31 4 6 0 0 11.2815 0.5 1.74334001541 0.203718125793 1 Clara  85.83046055599971 0.063 0.283226506135 1.03962188962 1 1 3 0.23 0
32 4 6 0 1 12.753 0.5 1.46841478348 0.046358095655 1 Clara  88.67249493800045 0.063 0.42209003729 0.922056687823 1 1 3 0.23 1
33 4 6 0 1 9.81 0.5 1.79913783073 0.107581891992 1 Clara  91.25358958300058 0.063 0.544728041154 1.19155593874 1 1 3 0.23 1
34 4 4.5 0 0 8.3385 0.5 1.64408302307 0.0895207940165 1 Clara  94.16881290000038 0.063 0.281546184557 1.05456222905 1 1 3 0.23 0
35 4 4.5 0 1 12.753 0.5 1.35987281799 0.164858080866 1 Clara  96.9301956270001 0.063 0.335450894441 0.695014737127 1 1 3 0.23 1
36 4 4.5 0 0 9.81 0.5 1.50735592842 0.107901965879 1 Clara  99.39982685799987 0.063 0.245018917505 0.899453962542 1 1 3 0.23 0
37 3 6 0 1 9.81 0.5 1.69597411156 0.00441817281504 1 Clara  102.04458332900049 0.063 0.595371459766 1.19155593874 1 1 3 0.23 1
38 3 6 0 0 12.753 0.5 1.44473695755 0.0226802697272 1 Clara  104.83659708699997 0.063 0.252654055038 0.922056687823 1 1 3 0.23 0
39 4 6 0 0 9.81 0.5 1.91850399971 0.226948060968 1 Clara  107.4056512039997 0.063 0.348998682592 1.19155593874 1 1 3 0.23 0
40 4 4.5 0 0 6.867 0.5 1.88382101059 0.10949013577 1 Clara  110.4509242639997 0.063 0.323792525985 1.27433087482 1 1 3 0.23 0
41 4 6 0 0 9.81 0.5 1.79863500595 0.107079067209 1 Clara  113.44838913300009 0.063 0.339884605412 1.19155593874 1 1 3 0.23 0
42 3 4.5 0 0 8.3385 0.5 1.56055593491 0.00599370585124 1 Clara  116.38573939700018 0.063 0.308462225012 1.05456222905 1 1 3 0.23 0
43 4 4.5 0 1 9.81 0.5 1.42342996597 0.0239760034311 1 Clara  119.07864651599994 0.063 0.407960689704 0.899453962542 1 1 3 0.23 1
44 4 6 0 0 6.867 0.5 2.3522310257 0.16847403812 1 Clara  121.60504800699982 0.063 0.430066435968 1.68375698758 1 1 3 0.23 0
45 4 4.5 0 0 9.81 0.5 1.51689910889 0.117445146345 1 Clara  125.068197306 0.063 0.269820603392 0.899453962542 1 1 3 0.23 0
46 4 6 0 1 11.2815 0.5 1.5597422123 0.0201203226773 1 Clara  127.68410891300027 0.063 0.486209321278 1.03962188962 1 1 3 0.23 1
47 3 6 0 1 11.2815 0.5 1.76838779449 0.228765904876 1 Clara  130.34181099099987 0.063 0.47739620163 1.03962188962 1 1 3 0.23 1
48 4 4.5 0 0 11.2815 0.5 1.26831507683 -0.0158116101337 1 Clara  133.21777780400043 0.063 0.199895167255 0.784126686962 1 1 3 0.23 0
49 3 6 0 0 9.81 0.5 1.90051794052 0.208962001779 1 Clara  135.59692708000057 0.063 0.317111938962 1.19155593874 1 1 3 0.23 0
50 3 6 0 1 6.867 0.5 2.11288285255 -0.0708741350212 1 Clara  138.62993299499976 0.063 0.822466389717 1.68375698758 1 1 3 0.23 1
51 3 6 0 0 8.3385 0.5 1.99472379684 0.0992083988484 1 Clara  141.8529406739999 0.063 0.352659662218 1.395515398 1 1 3 0.23 0
52 4 4.5 0 1 8.3385 0.5 1.58082818985 0.0262659607951 1 Clara  144.9796888230003 0.063 0.511407137354 1.05456222905 1 1 3 0.23 1
53 3 4.5 0 1 11.2815 0.5 1.44362902641 0.159502339451 1 Clara  147.68246485100008 0.063 0.388222719274 0.784126686962 1 1 3 0.23 1
54 4 4.5 0 1 11.2815 0.5 1.3887398243 0.104613137333 1 Clara  150.24446922300012 0.063 0.357688148571 0.784126686962 1 1 3 0.23 1
55 4 4.5 0 1 12.753 0.5 1.30205202103 0.107037283899 1 Clara  152.7331715749997 0.063 0.336818395503 0.695014737127 1 1 3 0.23 1
56 3 4.5 0 1 6.867 0.5 1.75318598747 -0.0211448873466 1 Clara  155.1195008120003 0.063 0.602538341942 1.27433087482 1 1 3 0.23 1
57 3 6 0 1 12.753 0.5 1.63417220116 0.212115513334 1 Clara  157.99182057000053 0.063 0.452285719621 0.922056687823 1 1 3 0.23 1
58 4 6 0 0 12.753 0.5 1.53375315666 0.111696468839 1 Clara  160.7631978469999 0.063 0.264465549189 0.922056687823 1 1 3 0.23 0
59 4 6 0 1 6.867 0.5 2.17581391335 -0.0079430742302 1 Clara  163.41025410800012 0.063 0.838479697993 1.68375698758 1 1 3 0.23 1
60 3 4.5 0 1 9.81 0.5 1.53618907928 0.136735116743 1 Clara  166.7046834749999 0.063 0.40835236202 0.899453962542 1 1 3 0.23 1
61 4 4.5 0 1 6.867 0.5 1.76950311661 -0.0048277582115 1 Clara  169.36395308900046 0.063 0.632117440971 1.27433087482 1 1 3 0.23 1
62 4 6 0 1 12.753 0.5 1.51586318016 0.0938064923377 1 Clara  172.2519324290006 0.063 0.430603636442 0.922056687823 1 1 3 0.23 1
63 3 6 0 1 9.81 0.5 1.97589492798 0.284338989237 1 Clara  174.8937938070003 0.063 0.547817306669 1.19155593874 1 1 3 0.23 1
64 3 6 0 1 8.3385 0.5 2.05005311966 0.154537721663 1 Clara  177.9893966259997 0.063 0.659823600837 1.395515398 1 1 3 0.23 1
65 4 6 0 1 8.3385 0.5 1.92507886887 0.0295634708699 1 Clara  181.17554784599997 0.063 0.676049183098 1.395515398 1 1 3 0.23 1
66 3 4.5 0 1 12.753 0.5 1.35428595543 0.159271218302 1 Clara  184.20230666499992 0.063 0.320458810424 0.695014737127 1 1 3 0.23 1
67 3 4.5 0 0 9.81 0.5 1.55403399467 0.154580032133 1 Clara  186.6791090450006 0.063 0.235610926468 0.899453962542 1 1 3 0.23 0
68 3 6 0 0 6.867 0.5 2.26641392708 0.0826569395027 1 Clara  189.362842216 0.063 0.475688355478 1.68375698758 1 1 3 0.23 0
69 3 4.5 0 0 11.2815 0.5 1.34858798981 0.0644613028454 1 Clara  192.72420709800008 0.063 0.222587927925 0.784126686962 1 1 3 0.23 0
70 4 6 0 0 11.2815 0.5 1.55909991264 0.0194780230252 1 Clara  195.1434934730005 0.063 0.277634024334 1.03962188962 1 1 3 0.23 0
71 3 4.5 0 0 12.753 0.5 1.26909995079 0.074085213663 1 Clara  197.8308423010003 0.063 0.194543912618 0.695014737127 1 1 3 0.23 0
72 4 6 0 0 8.3385 0.5 1.89334487915 -0.00217051884567 1 Clara  200.21802302000015 0.063 0.415369254305 1.395515398 1 1 3 0.23 0
73 3 4.5 0 0 6.867 0.5 1.78781700134 0.0134861265236 1 Clara  203.2095667220001 0.063 0.365942739683 1.27433087482 1 1 3 0.23 0
74 3 6 0 0 11.2815 0.5 1.67453598976 0.134914100143 1 Clara  206.13857396799995 0.063 0.282816402566 1.03962188962 1 1 3 0.23 0
75 3 4.5 0 1 8.3385 0.5 1.59991121292 0.0453489838664 1 Clara  208.8977612839999 0.063 0.509287860289 1.05456222905 1 1 3 0.23 1
76 4 4.5 0 0 8.3385 0.5 1.53290987015 -0.0216523589071 1 Clara  211.60151017000044 0.063 0.314547827461 1.05456222905 1 1 3 0.23 0
77 3 6 0 0 12.753 0.5 1.55322384834 0.13116716052 1 Clara  214.22868816899972 0.063 0.245084491718 0.922056687823 1 1 3 0.23 0
78 4 4.5 0 0 12.753 0.5 1.26146411896 0.0664493818301 1 Clara  216.92115542600004 0.063 0.20075446837 0.695014737127 1 1 3 0.23 0
79 4 6 0 1 9.81 0.5 1.90482592583 0.213269987085 1 Clara  219.2844852240005 0.063 0.540895342841 1.19155593874 1 1 3 0.23 1
80 4 4.5 0 0 12.753 0.5 12.9241580963 11.7291433592 1 Clara  234.86657028300033 0.063 0.185324649681 0.695014737127 1 1 3 0.23 0
81 4 4.5 0 1 6.867 0.5 12.9241580963 11.7291433592 1 Clara  236.15625250199992 0.063 0.576190851717 1.27433087482 1 1 3 0.23 1
82 3 6 0 0 6.867 0.5 2.35388612747 0.170129139896 1 Clara  236.29341422300058 0.063 0.431839927351 1.68375698758 1 1 3 0.23 0
83 3 4.5 0 0 11.2815 0.5 1.42442393303 0.140297246067 1 Clara  239.76644226700046 0.063 0.205045175592 0.784126686962 1 1 3 0.23 0
84 4 6 0 1 6.867 0.5 2.30360198021 0.119844992634 1 Clara  242.2858961310003 0.063 0.780826871118 1.68375698758 1 1 3 0.23 1
85 4 6 0 0 8.3385 0.5 1.99822497368 0.102709575683 1 Clara  245.7038485920002 0.063 0.410180211082 1.395515398 1 1 3 0.23 0
86 3 6 0 0 11.2815 0.5 1.74059295654 0.200971066925 1 Clara  248.82269697999982 0.063 0.284362751358 1.03962188962 1 1 3 0.23 0
87 4 6 0 1 9.81 0.5 1.66185498238 -0.0297009563659 1 Clara  251.62360663900017 0.063 0.575167980535 1.19155593874 1 1 3 0.23 1
88 4 4.5 0 1 9.81 0.5 1.33528900146 -0.064164961077 1 Clara  254.41375323800003 0.063 0.431053034163 0.899453962542 1 1 3 0.23 1
89 4 4.5 0 0 8.3385 0.5 1.57281899452 0.0182567654673 1 Clara  256.8639371199997 0.063 0.312668591574 1.05456222905 1 1 3 0.23 0
90 3 4.5 0 1 9.81 0.5 1.4941740036 0.0947200410593 1 Clara  259.57244517100025 0.063 0.417539799277 0.899453962542 1 1 3 0.23 1
91 3 4.5 0 1 12.753 0.5 1.40305399895 0.20803926182 1 Clara  262.18516297299993 0.063 0.346247216736 0.695014737127 1 1 3 0.23 1
92 3 4.5 0 1 11.2815 0.5 1.3715929985 0.0874663115429 1 Clara  264.6871957660005 0.063 0.383342528608 0.784126686962 1 1 3 0.23 1
93 3 6 0 0 9.81 0.5 1.86042284966 0.168866910913 1 Clara  267.1829012190001 0.063 0.311131316509 1.19155593874 1 1 3 0.23 0
94 3 4.5 0 1 8.3385 0.5 1.66250109673 0.107938867671 1 Clara  270.16094935900037 0.063 0.489005714629 1.05456222905 1 1 3 0.23 1
95 3 6 0 1 9.81 0.5 1.88918185234 0.197625913599 1 Clara  272.9590765009998 0.063 0.584638463178 1.19155593874 1 1 3 0.23 1
96 4 6 0 1 12.753 0.5 1.76781797409 0.345761286268 1 Clara  275.9531247820005 0.063 0.446693785137 0.922056687823 1 1 3 0.23 1
97 3 6 0 1 11.2815 0.5 1.8314139843 0.29179209468 1 Clara  278.8456417309999 0.063 0.483952314867 1.03962188962 1 1 3 0.23 1
98 3 6 0 1 12.753 0.5 1.64315199852 0.221095310697 1 Clara  281.7946614450002 0.063 0.448941230978 0.922056687823 1 1 3 0.23 1
99 3 6 0 0 8.3385 0.5 2.12088513374 0.225369735747 1 Clara  284.5594075300005 0.063 0.388259240958 1.395515398 1 1 3 0.23 0
100 4 4.5 0 0 9.81 0.5 1.51086807251 0.111414109968 1 Clara  287.78730106700004 0.063 0.251968161686 0.899453962542 1 1 3 0.23 0
101 4 6 0 0 12.753 0.5 1.61774206161 0.195685373792 1 Clara  290.4100300560003 0.063 0.248745698742 0.922056687823 1 1 3 0.23 0
102 3 4.5 0 1 6.867 0.5 1.79020595551 0.0158750806862 1 Clara  293.16301527999985 0.063 0.603488754536 1.27433087482 1 1 3 0.23 1
103 4 6 0 1 8.3385 0.5 1.98007106781 0.084555669814 1 Clara  296.064379165 0.063 0.657591332682 1.395515398 1 1 3 0.23 1
104 3 4.5 0 0 9.81 0.5 1.46783185005 0.0683778875101 1 Clara  299.15479369200057 0.063 0.246196664816 0.899453962542 1 1 3 0.23 0
105 3 6 0 0 12.753 0.5 1.52578306198 0.103726374158 1 Clara  301.741901376 0.063 0.265896304581 0.922056687823 1 1 3 0.23 0
106 3 4.5 0 0 8.3385 0.5 1.67363286018 0.119070631129 1 Clara  304.37972580600035 0.063 0.299262645787 1.05456222905 1 1 3 0.23 0
107 4 6 0 0 9.81 0.5 1.74133706093 0.0497811221864 1 Clara  307.1627020220003 0.063 0.334656540208 1.19155593874 1 1 3 0.23 0
108 4 4.5 0 1 11.2815 0.5 1.40713214874 0.123005461781 1 Clara  310.023859809 0.063 0.360052323997 0.784126686962 1 1 3 0.23 1
109 3 4.5 0 0 12.753 0.5 1.3207089901 0.12569425297 1 Clara  312.54953030399975 0.063 0.189499092115 0.695014737127 1 1 3 0.23 0
110 3 6 0 1 6.867 0.5 2.39890098572 0.215143998142 1 Clara  314.98910838400025 0.063 0.834728883401 1.68375698758 1 1 3 0.23 1
111 4 6 0 0 11.2815 0.5 1.70899200439 0.169370114776 1 Clara  318.4793874799998 0.063 0.275290329334 1.03962188962 1 1 3 0.23 0
112 4 6 0 1 11.2815 0.5 1.65545296669 0.115831077072 1 Clara  321.3130761530001 0.063 0.483704072177 1.03962188962 1 1 3 0.23 1
113 4 4.5 0 0 11.2815 0.5 1.39681792259 0.11269123563 1 Clara  324.0852393040004 0.063 0.209767894399 0.784126686962 1 1 3 0.23 0
114 4 4.5 0 1 12.753 0.5 1.33338594437 0.138371207239 1 Clara  326.6041572000004 0.063 0.339666358673 0.695014737127 1 1 3 0.23 1
115 4 4.5 0 0 6.867 0.5 1.99100995064 0.216679075819 1 Clara  329.04736033100016 0.063 0.360583646897 1.27433087482 1 1 3 0.23 0
116 3 6 0 1 8.3385 0.5 2.08900308609 0.193487688094 1 Clara  332.15305449100015 0.063 0.634031977326 1.395515398 1 1 3 0.23 1
117 3 4.5 0 0 6.867 0.5 1.85089302063 0.0765621458107 1 Clara  335.3399014480001 0.063 0.36473820145 1.27433087482 1 1 3 0.23 0
118 4 4.5 0 1 8.3385 0.5 1.59981513023 0.045252901179 1 Clara  338.2980128480003 0.063 0.476722867118 1.05456222905 1 1 3 0.23 1
119 4 6 0 0 6.867 0.5 2.39244794846 0.20869096088 1 Clara  341.01251335300003 0.063 0.433376204925 1.68375698758 1 1 3 0.23 0
120 3 6 0 1 6.867 0.5 2.42966008186 0.245903094288 1 Clara  344.5135660800006 0.063 0.804539426488 1.68375698758 1 1 3 0.23 1
121 4 4.5 0 1 12.753 0.5 1.38114500046 0.18613026333 1 Clara  348.052709822 0.063 0.337996619474 0.695014737127 1 1 3 0.23 1
122 3 6 0 1 12.753 0.5 1.615639925 0.19358323718 1 Clara  350.5546592390001 0.063 0.433421685922 0.922056687823 1 1 3 0.23 1
123 3 4.5 0 0 12.753 0.5 1.32719182968 0.132177092554 1 Clara  353.29789226699995 0.063 0.174011753535 0.695014737127 1 1 3 0.23 0
124 4 4.5 0 0 6.867 0.5 1.77556777 0.00123689518511 1 Clara  355.72152462400027 0.063 0.374664600314 1.27433087482 1 1 3 0.23 0
125 4 6 0 1 11.2815 0.5 1.56736302376 0.0277411341397 1 Clara  358.6173546460004 0.063 0.513203471432 1.03962188962 1 1 3 0.23 1
126 3 4.5 0 0 11.2815 0.5 1.41644692421 0.132320237248 1 Clara  361.30161869099993 0.063 0.206312033855 0.784126686962 1 1 3 0.23 0
127 4 6 0 0 8.3385 0.5 2.11716389656 0.221648498565 1 Clara  363.8222888099999 0.063 0.368579743165 1.395515398 1 1 3 0.23 0
128 4 6 0 0 6.867 0.5 2.38818383217 0.204426844593 1 Clara  367.06180798700007 0.063 0.454979401241 1.68375698758 1 1 3 0.23 0
129 4 4.5 0 1 9.81 0.5 1.48660683632 0.0871528737772 1 Clara  370.5628553940005 0.063 0.432332223939 0.899453962542 1 1 3 0.23 1
130 4 6 0 1 12.753 0.5 1.59590506554 0.173848377714 1 Clara  373.15576118599984 0.063 0.424776433999 0.922056687823 1 1 3 0.23 1
131 3 4.5 0 1 11.2815 0.5 1.39353489876 0.109408211796 1 Clara  375.8747942760001 0.063 0.375437899877 0.784126686962 1 1 3 0.23 1
132 3 6 0 0 9.81 0.5 1.93500709534 0.243451156595 1 Clara  378.3932238260004 0.063 0.307923351197 1.19155593874 1 1 3 0.23 0
133 3 4.5 0 1 6.867 0.5 1.65629696846 -0.118033906359 1 Clara  381.43994378800016 0.063 0.617838246408 1.27433087482 1 1 3 0.23 1
134 3 6 0 1 8.3385 0.5 1.99193882942 0.0964234314259 1 Clara  384.2219996820004 0.063 0.660354130535 1.395515398 1 1 3 0.23 1
135 4 6 0 0 9.81 0.5 1.93040204048 0.23884610174 1 Clara  387.31967851399986 0.063 0.340400737616 1.19155593874 1 1 3 0.23 0
136 3 4.5 0 1 9.81 0.5 1.54346513748 0.14401117494 1 Clara  390.36305531500057 0.063 0.44200139011 0.899453962542 1 1 3 0.23 1
137 4 6 0 0 12.753 0.5 1.66733312607 0.245276438245 1 Clara  393.02585950499997 0.063 0.255433808569 0.922056687823 1 1 3 0.23 0
138 3 4.5 0 0 8.3385 0.5 1.75367307663 0.199110847575 1 Clara  395.81212356300057 0.063 0.266205221321 1.05456222905 1 1 3 0.23 0
139 4 4.5 0 0 12.753 0.5 1.35636210442 0.161347367288 1 Clara  398.682968178 0.063 0.198133412183 0.695014737127 1 1 3 0.23 0
140 4 6 0 1 6.867 0.5 2.48934388161 0.305586894032 1 Clara  401.15720297000007 0.063 0.776593204494 1.68375698758 1 1 3 0.23 1
141 3 6 0 1 9.81 0.5 1.99908494949 0.307529010751 1 Clara  404.76250572699973 0.063 0.541117723099 1.19155593874 1 1 3 0.23 1
142 3 4.5 0 0 6.867 0.5 2.00998592377 0.235655048948 1 Clara  407.86983769000017 0.063 0.327527823452 1.27433087482 1 1 3 0.23 0
143 4 6 0 1 8.3385 0.5 1.96930289268 0.0737874946889 1 Clara  410.99906235100025 0.063 0.6875967939 1.395515398 1 1 3 0.23 1
144 3 6 0 0 12.753 0.5 1.73164486885 0.309588181028 1 Clara  414.07763827600047 0.063 0.264128884503 0.922056687823 1 1 3 0.23 0
145 3 6 0 0 11.2815 0.5 1.70068407059 0.161062180969 1 Clara  416.9168634180005 0.063 0.3094258634 1.03962188962 1 1 3 0.23 0
146 4 4.5 0 0 9.81 0.5 1.49821686745 0.0987629049051 1 Clara  419.7229178690004 0.063 0.267442695248 0.899453962542 1 1 3 0.23 0
147 3 4.5 0 1 12.753 0.5 1.44354891777 0.248534180643 1 Clara  422.35246907800047 0.063 0.334227891746 0.695014737127 1 1 3 0.23 1
148 3 4.5 0 0 9.81 0.5 1.61873984337 0.219285880827 1 Clara  424.9001692239999 0.063 0.23658237754 0.899453962542 1 1 3 0.23 0
149 3 6 0 0 8.3385 0.5 2.10485386848 0.209338470488 1 Clara  427.6253606500004 0.063 0.377646059074 1.395515398 1 1 3 0.23 0
150 4 6 0 1 9.81 0.5 1.99295401573 0.30139807699 1 Clara  430.86378393500036 0.063 0.559452387609 1.19155593874 1 1 3 0.23 1
151 3 6 0 0 6.867 0.5 2.34541010857 0.161653120991 1 Clara  433.9700721250001 0.063 0.424576960359 1.68375698758 1 1 3 0.23 0
152 4 4.5 0 0 8.3385 0.5 1.77196502686 0.217402797801 1 Clara  437.4389196789998 0.063 0.273379594538 1.05456222905 1 1 3 0.23 0
153 4 4.5 0 1 6.867 0.5 1.88913202286 0.114801148038 1 Clara  440.3328852479999 0.063 0.589648127775 1.27433087482 1 1 3 0.23 1
154 4 6 0 0 11.2815 0.5 1.71701812744 0.177396237823 1 Clara  443.3529235189999 0.063 0.299507303441 1.03962188962 1 1 3 0.23 0
155 3 4.5 0 1 8.3385 0.5 1.623087883 0.0685256539408 1 Clara  446.18259911400037 0.063 0.491695531859 1.05456222905 1 1 3 0.23 1
156 3 6 0 1 11.2815 0.5 1.72625780106 0.186635911438 1 Clara  448.9290719569999 0.063 0.510555564081 1.03962188962 1 1 3 0.23 1
157 4 4.5 0 1 11.2815 0.5 1.42876386642 0.144637179463 1 Clara  451.77723118799986 0.063 0.389437058016 0.784126686962 1 1 3 0.23 1
158 4 4.5 0 0 11.2815 0.5 1.41766214371 0.133535456746 1 Clara  454.30646959800015 0.063 0.210180518049 0.784126686962 1 1 3 0.23 0
159 4 4.5 0 1 8.3385 0.5 1.65454888344 0.0999866543833 1 Clara  456.8278330250005 0.063 0.482902581975 1.05456222905 1 1 3 0.23 1
160 3 4.5 0 1 12.753 0.5 1.36818504333 0.173170306208 1 Clara  459.6011269239998 0.063 0.33455103453 0.695014737127 1 1 3 0.23 1
161 3 6 0 1 11.2815 0.5 1.80109405518 0.261472165558 1 Clara  462.08894361000057 0.063 0.494492244848 1.03962188962 1 1 3 0.23 1
162 3 4.5 0 1 11.2815 0.5 1.3702249527 0.086098265736 1 Clara  465.011419378 0.063 0.362295194785 0.784126686962 1 1 3 0.23 1
163 3 4.5 0 1 9.81 0.5 1.50892090797 0.109466945432 1 Clara  467.4973072929997 0.063 0.410869511189 0.899453962542 1 1 3 0.23 1
164 3 6 0 0 6.867 0.5 2.24295592308 0.0591989355049 1 Clara  470.1136740769998 0.063 0.446789526868 1.68375698758 1 1 3 0.23 0
165 4 6 0 1 11.2815 0.5 1.62074804306 0.0811261534421 1 Clara  473.44796529999985 0.063 0.515671748578 1.03962188962 1 1 3 0.23 1
166 4 4.5 0 0 6.867 0.5 1.88787388802 0.113543013197 1 Clara  476.1832517789999 0.063 0.335508588005 1.27433087482 1 1 3 0.23 0
167 4 6 0 0 12.753 0.5 1.53321003914 0.111153351316 1 Clara  479.22164228400015 0.063 0.245653684087 0.922056687823 1 1 3 0.23 0
168 3 6 0 1 6.867 0.5 2.30922293663 0.125465949055 1 Clara  481.875739782 0.063 0.776737281001 1.68375698758 1 1 3 0.23 1
169 4 6 0 1 6.867 0.5 2.25312995911 0.0693729715309 1 Clara  485.3002069189997 0.063 0.772566776885 1.68375698758 1 1 3 0.23 1
170 4 6 0 0 9.81 0.5 1.89958190918 0.208025970438 1 Clara  488.6664044750005 0.063 0.314035705221 1.19155593874 1 1 3 0.23 0
171 3 4.5 0 0 9.81 0.5 1.48416399956 0.0847100370157 1 Clara  491.67749989500044 0.063 0.231670048945 0.899453962542 1 1 3 0.23 0
172 4 6 0 1 8.3385 0.5 1.96562600136 0.070110603362 1 Clara  494.2547267760001 0.063 0.652630462253 1.395515398 1 1 3 0.23 1
173 3 4.5 0 1 8.3385 0.5 1.64720106125 0.092638832194 1 Clara  497.3318652449998 0.063 0.499117146895 1.05456222905 1 1 3 0.23 1
174 3 4.5 0 1 6.867 0.5 1.97683095932 0.202500084501 1 Clara  500.0890091729998 0.063 0.610182788768 1.27433087482 1 1 3 0.23 1
175 4 4.5 0 1 8.3385 0.5 1.70452404022 0.149961811167 1 Clara  503.1622790860001 0.063 0.492717200873 1.05456222905 1 1 3 0.23 1
176 4 4.5 0 0 11.2815 0.5 1.45381498337 0.169688296406 1 Clara  505.97879112900046 0.063 0.233587408161 0.784126686962 1 1 3 0.23 0
177 4 4.5 0 1 12.753 0.5 1.3203599453 0.12534520817 1 Clara  508.56140704600057 0.063 0.314399260176 0.695014737127 1 1 3 0.23 1
178 4 6 0 1 12.753 0.5 1.39294195175 -0.0291147360711 1 Clara  511.01122183000007 0.063 0.418582181773 0.922056687823 1 1 3 0.23 1
179 4 6 0 0 6.867 0.5 2.32552695274 0.141769965168 1 Clara  513.5150441300002 0.063 0.476968927534 1.68375698758 1 1 3 0.23 0
180 4 4.5 0 0 8.3385 0.5 1.71580982208 0.161247593028 1 Clara  516.9531577670004 0.063 0.309543284565 1.05456222905 1 1 3 0.23 0
181 3 6 0 0 8.3385 0.5 1.98617005348 0.090654655486 1 Clara  519.8003672619998 0.063 0.349229414759 1.395515398 1 1 3 0.23 0
182 4 4.5 0 0 9.81 0.5 1.57644605637 0.176992093824 1 Clara  522.8842126690006 0.063 0.252195289427 0.899453962542 1 1 3 0.23 0
183 4 6 0 1 9.81 0.5 1.8629989624 0.17144302366 1 Clara  525.580260881 0.063 0.572609226097 1.19155593874 1 1 3 0.23 1
184 4 4.5 0 1 9.81 0.5 1.5439748764 0.144520913862 1 Clara  528.5603406600003 0.063 0.443779204634 0.899453962542 1 1 3 0.23 1
185 3 4.5 0 0 11.2815 0.5 1.4799489975 0.195822310536 1 Clara  531.2316543460001 0.063 0.221124719471 0.784126686962 1 1 3 0.23 0
186 4 4.5 0 0 12.753 0.5 1.39587497711 0.200860239984 1 Clara  533.8122490189999 0.063 0.175080043349 0.695014737127 1 1 3 0.23 0
187 3 6 0 1 12.753 0.5 1.66846513748 0.246408449659 1 Clara  536.3240728400006 0.063 0.428572730818 0.922056687823 1 1 3 0.23 1
188 3 4.5 0 0 6.867 0.5 1.9035179615 0.129187086683 1 Clara  539.1098538699998 0.063 0.352687222428 1.27433087482 1 1 3 0.23 0
189 3 6 0 1 9.81 0.5 1.99219298363 0.300637044885 1 Clara  542.1261520759999 0.063 0.557951521919 1.19155593874 1 1 3 0.23 1
190 3 6 0 0 12.753 0.5 1.53576683998 0.113710152158 1 Clara  545.2252519230005 0.063 0.242464833715 0.922056687823 1 1 3 0.23 0
191 3 6 0 1 8.3385 0.5 1.94309902191 0.0475836239156 1 Clara  547.8453416720004 0.063 0.64276322602 1.395515398 1 1 3 0.23 1
192 3 4.5 0 0 12.753 0.5 1.34749984741 0.152485110285 1 Clara  550.8961153959999 0.063 0.19514437634 0.695014737127 1 1 3 0.23 0
193 4 6 0 0 8.3385 0.5 2.02514410019 0.129628702193 1 Clara  553.3598283440006 0.063 0.406329411819 1.395515398 1 1 3 0.23 0
194 3 4.5 0 0 8.3385 0.5 1.60133910179 0.0467768727366 1 Clara  556.5029827610006 0.063 0.308956701892 1.05456222905 1 1 3 0.23 0
195 4 4.5 0 1 6.867 0.5 1.69580316544 -0.0785277093834 1 Clara  559.2215846620002 0.063 0.57934028095 1.27433087482 1 1 3 0.23 1
196 4 6 0 0 11.2815 0.5 1.55359697342 0.013975083801 1 Clara  562.0038606730004 0.063 0.299550154169 1.03962188962 1 1 3 0.23 0
197 3 6 0 0 11.2815 0.5 20.9356789589 19.3960570693 1 Clara  585.1462760599998 0.063 0.2888062525 1.03962188962 1 1 3 0.23 0
198 4 4.5 0 1 11.2815 0.5 20.9356789589 19.3960570693 1 Clara  586.4248373460005 0.063 0.363383726585 0.784126686962 1 1 3 0.23 1
199 3 6 0 0 9.81 0.5 1.89455318451 0.202997245767 1 Clara  586.7067190600001 0.063 0.357074951774 1.19155593874 1 1 3 0.23 0
200 4 4.5 0 1 8.3385 0.5 1.53630805016 -0.0182541788991 1 Clara  589.71066445 0.063 0.513146081017 1.05456222905 1 1 3 0.23 1
201 4 4.5 0 1 12.753 0.5 1.42564606667 0.230631329538 1 Clara  592.3577902870002 0.063 0.33777566872 0.695014737127 1 1 3 0.23 1
202 3 6 0 0 11.2815 0.5 1.63906097412 0.0994390845029 1 Clara  594.907605978 0.063 0.291123370855 1.03962188962 1 1 3 0.23 0
203 4 6 0 1 8.3385 0.5 1.99438810349 0.098872705489 1 Clara  597.6728708850005 0.063 0.672905583745 1.395515398 1 1 3 0.23 1
204 4 4.5 0 0 12.753 0.5 1.26785612106 0.0728413839358 1 Clara  600.7919445050002 0.063 0.198254703288 0.695014737127 1 1 3 0.23 0
205 4 6 0 0 11.2815 0.5 1.60406804085 0.0644461512295 1 Clara  603.1519186209998 0.063 0.261506452556 1.03962188962 1 1 3 0.23 0
206 4 6 0 1 11.2815 0.5 1.65141892433 0.111797034713 1 Clara  605.8673987419998 0.063 0.47886076485 1.03962188962 1 1 3 0.23 1
207 3 4.5 0 0 12.753 0.5 1.36859893799 0.173584200861 1 Clara  608.6314267409998 0.063 0.18458313193 0.695014737127 1 1 3 0.23 0
208 4 6 0 0 9.81 0.5 1.86457514763 0.173019208887 1 Clara  611.1172307389998 0.063 0.33272711763 1.19155593874 1 1 3 0.23 0
209 3 4.5 0 0 6.867 0.5 1.98517394066 0.210843065839 1 Clara  614.0912710290004 0.063 0.377168275039 1.27433087482 1 1 3 0.23 0
210 4 6 0 1 6.867 0.5 2.26661491394 0.0828579263649 1 Clara  617.2018916699999 0.063 0.781380787761 1.68375698758 1 1 3 0.23 1
211 3 6 0 1 11.2815 0.5 1.70493793488 0.165316045257 1 Clara  620.5787357910003 0.063 0.497253124897 1.03962188962 1 1 3 0.23 1
212 4 4.5 0 1 11.2815 0.5 1.47678494453 0.192658257573 1 Clara  623.415148346 0.063 0.378880980467 0.784126686962 1 1 3 0.23 1
213 4 4.5 0 0 11.2815 0.5 1.44037008286 0.156243395894 1 Clara  625.990140809 0.063 0.220428774725 0.784126686962 1 1 3 0.23 0
214 3 4.5 0 1 6.867 0.5 1.80236101151 0.028030136686 1 Clara  628.5495706279999 0.063 0.637079434343 1.27433087482 1 1 3 0.23 1
215 3 4.5 0 0 9.81 0.5 1.49852108955 0.099067127012 1 Clara  631.4379707469998 0.063 0.265984860789 0.899453962542 1 1 3 0.23 0
216 3 4.5 0 0 11.2815 0.5 1.36630797386 0.0821812869 1 Clara  634.0544788120005 0.063 0.206250445742 0.784126686962 1 1 3 0.23 0
217 4 4.5 0 0 9.81 0.5 1.46600294113 0.0665489785898 1 Clara  636.515725489 0.063 0.232036902524 0.899453962542 1 1 3 0.23 0
218 4 4.5 0 0 8.3385 0.5 1.65047121048 0.095908981425 1 Clara  639.0561347540006 0.063 0.268396043529 1.05456222905 1 1 3 0.23 0
219 4 6 0 0 8.3385 0.5 2.00258994102 0.107074543029 1 Clara  641.8267330850003 0.063 0.376140647629 1.395515398 1 1 3 0.23 0
220 3 4.5 0 1 8.3385 0.5 1.56040501595 0.00584278689067 1 Clara  644.9370607709998 0.063 0.526482341077 1.05456222905 1 1 3 0.23 1
221 3 6 0 0 12.753 0.5 1.47863483429 0.0565781464667 1 Clara  647.6234707760004 0.063 0.256858688381 0.922056687823 1 1 3 0.23 0
222 4 6 0 0 6.867 0.5 2.41147994995 0.227722962376 1 Clara  650.2087523780001 0.063 0.450800922616 1.68375698758 1 1 3 0.23 0
223 4 4.5 0 1 6.867 0.5 1.78937411308 0.0150432382637 1 Clara  653.7381193480005 0.063 0.626744008754 1.27433087482 1 1 3 0.23 1
224 3 4.5 0 1 12.753 0.5 1.36519312859 0.170178391458 1 Clara  656.6605543980004 0.063 0.344075300103 0.695014737127 1 1 3 0.23 1
225 3 4.5 0 1 9.81 0.5 1.69382214546 0.29436818292 1 Clara  659.1257246960004 0.063 0.442736662535 0.899453962542 1 1 3 0.23 1
226 4 4.5 0 1 9.81 0.5 1.6541519165 0.254697953962 1 Clara  661.9394931510005 0.063 0.406735917725 0.899453962542 1 1 3 0.23 1
227 3 6 0 0 8.3385 0.5 2.09085583687 0.195340438872 1 Clara  664.7048736440001 0.063 0.409000032223 1.395515398 1 1 3 0.23 0
228 4 6 0 1 9.81 0.5 1.73689389229 0.0453379535462 1 Clara  667.918157223 0.063 0.549865217292 1.19155593874 1 1 3 0.23 1
229 3 4.5 0 1 11.2815 0.5 1.4344060421 0.150279355137 1 Clara  670.765474242 0.063 0.364254844853 0.784126686962 1 1 3 0.23 1
230 3 6 0 1 6.867 0.5 2.21936011314 0.0356031255684 1 Clara  673.3334383400006 0.063 0.814143765829 1.68375698758 1 1 3 0.23 1
231 3 6 0 1 12.753 0.5 1.65771102905 0.23565434123 1 Clara  676.6625437399998 0.063 0.459849256367 0.922056687823 1 1 3 0.23 1
232 4 4.5 0 0 6.867 0.5 1.79794692993 0.0236160551125 1 Clara  679.4378956380006 0.063 0.368329272366 1.27433087482 1 1 3 0.23 0
233 3 4.5 0 0 8.3385 0.5 1.70423603058 0.149673801524 1 Clara  682.3443590510005 0.063 0.281364802226 1.05456222905 1 1 3 0.23 0
234 3 6 0 1 8.3385 0.5 2.08055019379 0.185034795791 1 Clara  685.1610877150006 0.063 0.641570981725 1.395515398 1 1 3 0.23 1
235 3 6 0 0 6.867 0.5 2.41129112244 0.227534134861 1 Clara  688.3407913070005 0.063 0.492466147427 1.68375698758 1 1 3 0.23 0
236 3 6 0 1 9.81 0.5 1.86450099945 0.172945060709 1 Clara  691.8813008200004 0.063 0.564962235267 1.19155593874 1 1 3 0.23 1
237 4 6 0 0 12.753 0.5 1.55837392807 0.136317240247 1 Clara  694.8455855350003 0.063 0.238555937596 0.922056687823 1 1 3 0.23 0
238 4 6 0 1 12.753 0.5 1.59494400024 0.172887312421 1 Clara  697.5118825099999 0.063 0.429632516195 0.922056687823 1 1 3 0.23 1
239 3 6 0 0 9.81 0.5 1.89803409576 0.206478157022 1 Clara  700.2407473610001 0.063 0.298390483829 1.19155593874 1 1 3 0.23 0
240 3 4.5 0 0 9.81 0.5 1.58156991005 0.182115947508 1 Clara  703.2478199650004 0.063 0.236657444712 0.899453962542 1 1 3 0.23 0
241 3 4.5 0 0 11.2815 0.5 1.44404387474 0.159917187779 1 Clara  705.9393544960003 0.063 0.19997606462 0.784126686962 1 1 3 0.23 0
242 4 4.5 0 1 9.81 0.5 1.5977139473 0.198259984754 1 Clara  708.5024563790003 0.063 0.419629562272 0.899453962542 1 1 3 0.23 1
243 3 6 0 1 9.81 0.5 1.80749511719 0.115939178446 1 Clara  711.2157901460005 0.063 0.546928552274 1.19155593874 1 1 3 0.23 1
244 3 4.5 0 0 6.867 0.5 1.98939108849 0.215060213667 1 Clara  714.1469385030005 0.063 0.358945610695 1.27433087482 1 1 3 0.23 0
245 3 6 0 0 8.3385 0.5 2.06496596336 0.169450565368 1 Clara  717.2607898810002 0.063 0.397743243125 1.395515398 1 1 3 0.23 0
246 4 4.5 0 0 6.867 0.5 1.90211701393 0.127786139112 1 Clara  720.436892832 0.063 0.352401420838 1.27433087482 1 1 3 0.23 0
247 4 6 0 1 6.867 0.5 2.34639191628 0.162634928699 1 Clara  723.4590516340004 0.063 0.813319169862 1.68375698758 1 1 3 0.23 1
248 4 6 0 0 9.81 0.5 1.93188691139 0.24033097265 1 Clara  726.9214187349999 0.063 0.330482887332 1.19155593874 1 1 3 0.23 0
249 3 4.5 0 1 12.753 0.5 1.41452503204 0.219510294916 1 Clara  729.9710947140002 0.063 0.32565677938 0.695014737127 1 1 3 0.23 1
250 3 6 0 1 11.2815 0.5 1.72097802162 0.181356132003 1 Clara  732.5008046160001 0.063 0.508826194619 1.03962188962 1 1 3 0.23 1
251 4 6 0 0 8.3385 0.5 2.09277915955 0.19726376155 1 Clara  735.3353980279999 0.063 0.402986862299 1.395515398 1 1 3 0.23 0
252 4 4.5 0 1 6.867 0.5 1.87932896614 0.104998091322 1 Clara  738.5539080050003 0.063 0.586813970897 1.27433087482 1 1 3 0.23 1
253 3 4.5 0 1 11.2815 0.5 1.35620307922 0.0720763922619 1 Clara  741.5376666250004 0.063 0.367507425306 0.784126686962 1 1 3 0.23 1
254 3 4.5 0 1 8.3385 0.5 1.70873188972 0.15416966067 1 Clara  744.0157074110002 0.063 0.492701614239 1.05456222905 1 1 3 0.23 1
255 4 6 0 1 8.3385 0.5 2.05499792099 0.159482522994 1 Clara  746.8329523849998 0.063 0.691637774993 1.395515398 1 1 3 0.23 1
256 4 4.5 0 0 9.81 0.5 1.48320102692 0.0837470643747 1 Clara  749.9963865609998 0.063 0.243820217372 0.899453962542 1 1 3 0.23 0
257 4 6 0 1 12.753 0.5 1.57616710663 0.154110418806 1 Clara  752.6136268380005 0.063 0.427976489873 0.922056687823 1 1 3 0.23 1
258 3 6 0 0 9.81 0.5 1.94537687302 0.253820934274 1 Clara  755.2904767210002 0.063 0.344702246077 1.19155593874 1 1 3 0.23 0
259 4 4.5 0 1 12.753 0.5 1.38856601715 0.193551280023 1 Clara  758.346230741 0.063 0.345291302747 0.695014737127 1 1 3 0.23 1
260 3 6 0 0 12.753 0.5 1.77186608315 0.349809395322 1 Clara  760.8396766180003 0.063 0.245466030373 0.922056687823 1 1 3 0.23 0
261 3 6 0 0 11.2815 0.5 1.77084803581 0.231226146194 1 Clara  763.7257326970002 0.063 0.263427372371 1.03962188962 1 1 3 0.23 0
262 4 6 0 0 11.2815 0.5 1.67815613747 0.138534247848 1 Clara  766.6109515759999 0.063 0.30686661196 1.03962188962 1 1 3 0.23 0
263 3 6 0 1 6.867 0.5 2.34784388542 0.164086897846 1 Clara  769.4084143300006 0.063 0.776078618954 1.68375698758 1 1 3 0.23 1
264 4 4.5 0 0 12.753 0.5 1.29885816574 0.103843428614 1 Clara  772.8753704319997 0.063 0.180824815339 0.695014737127 1 1 3 0.23 0
265 4 6 0 1 9.81 0.5 1.7561340332 0.0645780944612 1 Clara  775.2977897230003 0.063 0.540478001505 1.19155593874 1 1 3 0.23 1
266 4 6 0 0 12.753 0.5 1.54751801491 0.125461327085 1 Clara  778.1400891980002 0.063 0.249309738645 0.922056687823 1 1 3 0.23 0
267 4 4.5 0 1 8.3385 0.5 1.69284486771 0.138282638652 1 Clara  780.8041462900001 0.063 0.509844658485 1.05456222905 1 1 3 0.23 1
268 3 6 0 1 12.753 0.5 1.69979000092 0.277733313093 1 Clara  783.6173276650006 0.063 0.448320612477 0.922056687823 1 1 3 0.23 1
269 3 4.5 0 1 6.867 0.5 2.0059440136 0.231613138776 1 Clara  786.452513016 0.063 0.62110950831 1.27433087482 1 1 3 0.23 1
270 4 4.5 0 0 11.2815 0.5 1.43907999992 0.154953312962 1 Clara  789.5647201250003 0.063 0.19897263064 0.784126686962 1 1 3 0.23 0
271 4 4.5 0 1 11.2815 0.5 1.45451307297 0.170386386006 1 Clara  792.1255444460003 0.063 0.370265578311 0.784126686962 1 1 3 0.23 1
272 4 6 0 1 11.2815 0.5 1.69437885284 0.154756963226 1 Clara  794.6703705190002 0.063 0.493776912943 1.03962188962 1 1 3 0.23 1
273 3 4.5 0 0 8.3385 0.5 1.73627901077 0.181716781718 1 Clara  797.4912063500005 0.063 0.270147276335 1.05456222905 1 1 3 0.23 0
274 3 4.5 0 0 12.753 0.5 1.3159031868 0.120888449671 1 Clara  800.3434822750005 0.063 0.200971472341 0.695014737127 1 1 3 0.23 0
275 4 4.5 0 0 8.3385 0.5 1.63447213173 0.0799099026744 1 Clara  802.770621437 0.063 0.3004148248 1.05456222905 1 1 3 0.23 0
276 3 4.5 0 1 9.81 0.5 1.40832614899 0.00887218644502 1 Clara  805.5036090630001 0.063 0.432793566227 0.899453962542 1 1 3 0.23 1
277 3 6 0 0 6.867 0.5 2.20309591293 0.0193389253578 1 Clara  808.0284191279998 0.063 0.452599388767 1.68375698758 1 1 3 0.23 0
278 3 6 0 1 8.3385 0.5 1.92267012596 0.0271547279652 1 Clara  811.3177000599999 0.063 0.673103526682 1.395515398 1 1 3 0.23 1
279 4 6 0 0 6.867 0.5 2.38625311852 0.202496130939 1 Clara  814.3397927249998 0.063 0.483842529329 1.68375698758 1 1 3 0.23 0
280 4 4.5 0 0 12.753 0.5 1.35288405418 0.157869317057 1 Clara  817.8438991080002 0.063 0.181307244633 0.695014737127 1 1 3 0.23 0
281 3 6 0 1 11.2815 0.5 1.73721385002 0.197591960403 1 Clara  820.2984322829998 0.063 0.510787244926 1.03962188962 1 1 3 0.23 1
282 4 4.5 0 0 9.81 0.5 1.57466888428 0.175214921736 1 Clara  823.1734837760005 0.063 0.256387431812 0.899453962542 1 1 3 0.23 0
283 3 6 0 0 12.753 0.5 1.59825086594 0.176194178113 1 Clara  825.8322549320001 0.063 0.236041176188 0.922056687823 1 1 3 0.23 0
284 3 4.5 0 0 12.753 0.5 1.35836100578 0.163346268656 1 Clara  828.5506840329999 0.063 0.197340245474 0.695014737127 1 1 3 0.23 0
285 4 6 0 0 11.2815 0.5 1.69769883156 0.15807694194 1 Clara  831.0248418800002 0.063 0.309428916695 1.03962188962 1 1 3 0.23 0
286 4 4.5 0 1 12.753 0.5 1.28402996063 0.0890152235049 1 Clara  833.8471112890002 0.063 0.327506907872 0.695014737127 1 1 3 0.23 1
287 3 6 0 1 8.3385 0.5 2.06327795982 0.167762561828 1 Clara  836.248489607 0.063 0.653283828896 1.395515398 1 1 3 0.23 1
288 4 6 0 0 12.753 0.5 1.76421999931 0.342163311491 1 Clara  839.4149178360003 0.063 0.232494707477 0.922056687823 1 1 3 0.23 0
289 4 4.5 0 0 6.867 0.5 1.80327606201 0.0289451871926 1 Clara  842.2944817810003 0.063 0.3666549552 1.27433087482 1 1 3 0.23 0
290 3 4.5 0 1 6.867 0.5 1.90096211433 0.126631239515 1 Clara  845.2065926570003 0.063 0.593910374088 1.27433087482 1 1 3 0.23 1
291 4 6 0 1 8.3385 0.5 1.89236998558 -0.00314541241562 1 Clara  848.2291823380001 0.063 0.659025748559 1.395515398 1 1 3 0.23 1
292 3 4.5 0 0 9.81 0.5 1.46488285065 0.0654288881052 1 Clara  851.2358990940002 0.063 0.233553463384 0.899453962542 1 1 3 0.23 0
293 4 4.5 0 1 11.2815 0.5 1.37036299706 0.0862363100933 1 Clara  853.818267572 0.063 0.358773120344 0.784126686962 1 1 3 0.23 1
294 3 6 0 0 8.3385 0.5 2.08625006676 0.190734668761 1 Clara  856.303462033 0.063 0.396905462768 1.395515398 1 1 3 0.23 0
295 4 6 0 0 9.81 0.5 1.76387286186 0.0723169231202 1 Clara  859.4849636919998 0.063 0.317614193356 1.19155593874 1 1 3 0.23 0
296 3 4.5 0 1 11.2815 0.5 1.37985682487 0.0957301379132 1 Clara  862.3646674890006 0.063 0.383032750976 0.784126686962 1 1 3 0.23 1
297 4 6 0 1 12.753 0.5 1.7832942009 0.361237513074 1 Clara  864.8664958589998 0.063 0.441090988891 0.922056687823 1 1 3 0.23 1
298 3 4.5 0 0 6.867 0.5 1.8356089592 0.0612780843788 1 Clara  867.7478181920005 0.063 0.350812955462 1.27433087482 1 1 3 0.23 0
299 3 6 0 1 12.753 0.5 1.61321496964 0.191158281812 1 Clara  870.7026579980002 0.063 0.457155180096 0.922056687823 1 1 3 0.23 1
300 3 6 0 1 6.867 0.5 2.43811011314 0.254353125568 1 Clara  873.4200443290001 0.063 0.804755469873 1.68375698758 1 1 3 0.23 1
301 3 6 0 0 9.81 0.5 1.87983202934 0.188276090601 1 Clara  876.9646504950006 0.063 0.346491984462 1.19155593874 1 1 3 0.23 0
302 3 4.5 0 0 8.3385 0.5 1.7760579586 0.221495729548 1 Clara  879.9631656920001 0.063 0.279203649362 1.05456222905 1 1 3 0.23 0
303 4 6 0 0 6.867 0.5 2.3879430294 0.204186041828 1 Clara  882.852515738 0.063 0.461942485697 1.68375698758 1 1 3 0.23 0
304 4 6 0 1 6.867 0.5 2.35887002945 0.175113041874 1 Clara  886.345146703 0.063 0.839731842781 1.68375698758 1 1 3 0.23 1
305 4 6 0 0 8.3385 0.5 2.14589810371 0.250382705718 1 Clara  889.8134385789999 0.063 0.411844791074 1.395515398 1 1 3 0.23 0
306 3 4.5 0 1 8.3385 0.5 1.75434494019 0.199782711131 1 Clara  893.0553214689999 0.063 0.508968556485 1.05456222905 1 1 3 0.23 1
307 3 4.5 0 0 11.2815 0.5 1.37243199348 0.0883053065228 1 Clara  895.9272865860003 0.063 0.216343807329 0.784126686962 1 1 3 0.23 0
308 4 6 0 1 9.81 0.5 1.68895721436 -0.0025987243865 1 Clara  898.413760593 0.063 0.575544820077 1.19155593874 1 1 3 0.23 1
309 4 4.5 0 1 9.81 0.5 1.55863976479 0.159185802244 1 Clara  901.2036754400006 0.063 0.41845373117 0.899453962542 1 1 3 0.23 1
310 4 4.5 0 0 11.2815 0.5 1.55590081215 0.271774125187 1 Clara  903.8766618730006 0.063 0.227168324801 0.784126686962 1 1 3 0.23 0
311 4 4.5 0 0 8.3385 0.5 1.77872300148 0.224160772425 1 Clara  906.555078206 0.063 0.268747164233 1.05456222905 1 1 3 0.23 0
312 3 4.5 0 1 9.81 0.5 1.66640710831 0.266953145765 1 Clara  909.4367098889998 0.063 0.405116318007 0.899453962542 1 1 3 0.23 1
313 3 6 0 0 6.867 0.5 2.27896094322 0.0952039556465 1 Clara  912.1947770450006 0.063 0.48780003288 1.68375698758 1 1 3 0.23 0
314 4 6 0 1 11.2815 0.5 1.75406193733 0.214440047714 1 Clara  915.5799724560002 0.063 0.485735416325 1.03962188962 1 1 3 0.23 1
315 3 4.5 0 1 12.753 0.5 1.43109703064 0.236082293512 1 Clara  918.4488057529998 0.063 0.343640341993 0.695014737127 1 1 3 0.23 1
316 4 4.5 0 1 8.3385 0.5 1.66834187508 0.113779646022 1 Clara  920.9911277400006 0.063 0.492634878043 1.05456222905 1 1 3 0.23 1
317 4 4.5 0 1 6.867 0.5 1.86554789543 0.0912170206124 1 Clara  923.762882426 0.063 0.584170168412 1.27433087482 1 1 3 0.23 1
318 3 6 0 1 9.81 0.5 1.8598690033 0.168313064554 1 Clara  926.7554101160003 0.063 0.541303749199 1.19155593874 1 1 3 0.23 1
319 3 6 0 0 11.2815 0.5 1.76702809334 0.22740620372 1 Clara  929.7283944740002 0.063 0.296348836586 1.03962188962 1 1 3 0.23 0
