trial vx vy vz LongOcclusion g timeStill rTime TemporalError environment id pupiltime IOD OccludedTimeOfTrajectory FlightDuration Drag DragFirst block accuracy LongOcclusion
0 3 6 0 0 -9.81 0.5 7.47383308411 5.78227714536 1 bjorn  2.5267868500000077 0.065 0.323616830931 1.19155593874 1 1 4 0.29 0
1 3 6 0 1 9.81 0.5 1.73994398117 0.0483880424287 1 bjorn  11.094141401000002 0.065 0.594189120782 1.19155593874 1 1 4 0.29 1
2 3 4.5 0 1 -9.81 0.5 1.47980690002 0.0803529374826 1 bjorn  13.936135939999986 0.065 0.418191481403 0.899453962542 1 1 4 0.29 1
3 3 6 0 0 9.81 0.5 1.70239901543 0.0108430766847 1 bjorn  16.518153474999963 0.065 0.309978224894 1.19155593874 1 1 4 0.29 0
4 4 6 0 0 -9.81 0.5 1.8736770153 0.182121076563 1 bjorn  19.33165389499993 0.065 0.327308264433 1.19155593874 1 1 4 0.29 0
5 3 4.5 0 0 -9.81 0.5 1.44371509552 0.0442611329782 1 bjorn  22.300592775999917 0.065 0.225788592191 0.899453962542 1 1 4 0.29 0
6 4 4.5 0 0 -9.81 0.5 1.53005695343 0.130602990888 1 bjorn  24.853536891999966 0.065 0.236160405474 0.899453962542 1 1 4 0.29 0
7 3 6 0 1 -9.81 0.5 1.77033305168 0.0787771129396 1 bjorn  27.498210329000017 0.065 0.55412405375 1.19155593874 1 1 4 0.29 1
8 4 4.5 0 1 -9.81 0.5 1.28279995918 -0.116654003359 1 bjorn  30.36547735599993 0.065 0.44087042144 0.899453962542 1 1 4 0.29 1
9 4 6 0 0 9.81 0.5 1.79839396477 0.106838026025 1 bjorn  32.741280641 0.065 0.348373969971 1.19155593874 1 1 4 0.29 0
10 3 4.5 0 1 9.81 0.5 1.39892601967 -0.000527942873217 1 bjorn  35.628418444999966 0.065 0.441955818371 0.899453962542 1 1 4 0.29 1
11 4 4.5 0 0 9.81 0.5 1.44442796707 0.0449740045297 1 bjorn  38.12963128899992 0.065 0.230264735895 0.899453962542 1 1 4 0.29 0
12 4 6 0 1 -9.81 0.5 1.73218202591 0.0406260871675 1 bjorn  40.66640070699998 0.065 0.586529514524 1.19155593874 1 1 4 0.29 1
13 3 4.5 0 0 9.81 0.5 1.48325300217 0.083799039625 1 bjorn  43.49966684100002 0.065 0.229116009962 0.899453962542 1 1 4 0.29 0
14 4 6 0 1 9.81 0.5 1.69432210922 0.00276617048045 1 bjorn  46.08453627199992 0.065 0.56377511827 1.19155593874 1 1 4 0.29 1
15 4 4.5 0 1 9.81 0.5 1.37140107155 -0.0280528909933 1 bjorn  48.87085838299993 0.065 0.410621017904 0.899453962542 1 1 4 0.29 1
16 4 6 0 1 -9.81 0.5 1.85800600052 0.166450061777 1 bjorn  51.33999897199999 0.065 0.547978580997 1.19155593874 1 1 4 0.29 1
17 4 4.5 0 0 9.81 0.5 1.51240515709 0.112951194547 1 bjorn  54.30132054699993 0.065 0.239130866699 0.899453962542 1 1 4 0.29 0
18 3 4.5 0 1 -9.81 0.5 1.47498297691 0.0755290143717 1 bjorn  56.918866840999954 0.065 0.449278707417 0.899453962542 1 1 4 0.29 1
19 4 6 0 0 9.81 0.5 1.70801496506 0.0164590263154 1 bjorn  59.48421744500001 0.065 0.317048270209 1.19155593874 1 1 4 0.29 0
20 3 6 0 0 9.81 0.5 1.75044989586 0.0588939571168 1 bjorn  62.28561747599997 0.065 0.357187759993 1.19155593874 1 1 4 0.29 0
21 4 6 0 0 -9.81 0.5 1.74968910217 0.0581331634309 1 bjorn  65.15563022599997 0.065 0.317456154321 1.19155593874 1 1 4 0.29 0
22 4 4.5 0 0 -9.81 0.5 1.43293309212 0.0334791295755 1 bjorn  67.99940594899999 0.065 0.235204183929 0.899453962542 1 1 4 0.29 0
23 3 6 0 1 9.81 0.5 1.68266201019 -0.00889392854909 1 bjorn  70.549975259 0.065 0.586421084306 1.19155593874 1 1 4 0.29 1
24 3 6 0 1 -9.81 0.5 1.84893894196 0.157383003214 1 bjorn  73.34874325700002 0.065 0.578583705512 1.19155593874 1 1 4 0.29 1
25 3 6 0 0 -9.81 0.5 1.75931715965 0.0677612209107 1 bjorn  76.29653085099994 0.065 0.329019738336 1.19155593874 1 1 4 0.29 0
26 4 4.5 0 1 9.81 0.5 1.43430495262 0.0348509900797 1 bjorn  79.15556733799997 0.065 0.438796475077 0.899453962542 1 1 4 0.29 1
27 3 4.5 0 0 -9.81 0.5 1.46891498566 0.0694610231149 1 bjorn  81.69978215899994 0.065 0.248473049367 0.899453962542 1 1 4 0.29 0
28 4 4.5 0 1 -9.81 0.5 1.44876790047 0.0493139379251 1 bjorn  84.27328693799996 0.065 0.437215089654 0.899453962542 1 1 4 0.29 1
29 3 4.5 0 1 9.81 0.5 1.46030306816 0.0608491056192 1 bjorn  86.80359605299998 0.065 0.44843395571 0.899453962542 1 1 4 0.29 1
30 3 4.5 0 0 9.81 0.5 1.38280677795 -0.0166471845877 1 bjorn  89.37726106799994 0.065 0.229512147842 0.899453962542 1 1 4 0.29 0
31 4 6 0 1 9.81 0.5 1.7461400032 0.0545840644624 1 bjorn  91.85654527499992 0.065 0.588099068855 1.19155593874 1 1 4 0.29 1
32 4 4.5 0 0 -9.81 0.5 1.4373691082 0.0379151456583 1 bjorn  94.71052080599998 0.065 0.261860649515 0.899453962542 1 1 4 0.29 0
33 3 4.5 0 1 9.81 0.5 1.49309921265 0.0936452501047 1 bjorn  97.26018212299994 0.065 0.427184778417 0.899453962542 1 1 4 0.29 1
34 3 6 0 1 9.81 0.5 1.76676607132 0.0752101325776 1 bjorn  99.84625650299995 0.065 0.541544761185 1.19155593874 1 1 4 0.29 1
35 3 4.5 0 0 9.81 0.5 1.47577595711 0.0763219945657 1 bjorn  102.72582603000001 0.065 0.245534020224 0.899453962542 1 1 4 0.29 0
36 4 6 0 1 -9.81 0.5 1.79800510406 0.106449165323 1 bjorn  105.30660786599992 0.065 0.57201720155 1.19155593874 1 1 4 0.29 1
37 3 6 0 1 -9.81 0.5 1.74221801758 0.0506620788362 1 bjorn  108.20841871699997 0.065 0.568680884679 1.19155593874 1 1 4 0.29 1
38 4 6 0 0 -9.81 0.5 1.71083807945 0.0192821407106 1 bjorn  111.04568404600002 0.065 0.329132773652 1.19155593874 1 1 4 0.29 0
39 4 4.5 0 0 9.81 0.5 1.38594102859 -0.0135129339468 1 bjorn  113.86560695599997 0.065 0.227455219613 0.899453962542 1 1 4 0.29 0
40 3 4.5 0 1 -9.81 0.5 1.45880413055 0.0593501680124 1 bjorn  116.352635083 0.065 0.409010217752 0.899453962542 1 1 4 0.29 1
41 3 4.5 0 0 -9.81 0.5 1.41318511963 0.0137311570871 1 bjorn  118.92062242899999 0.065 0.226415245481 0.899453962542 1 1 4 0.29 0
42 4 4.5 0 1 9.81 0.5 1.33731579781 -0.062138164736 1 bjorn  121.42570552799998 0.065 0.420685770212 0.899453962542 1 1 4 0.29 1
43 3 6 0 0 -9.81 0.5 1.71808195114 0.0265260123994 1 bjorn  123.85769201999994 0.065 0.320357120995 1.19155593874 1 1 4 0.29 0
44 4 4.5 0 1 -9.81 0.5 1.43917489052 0.0397209279764 1 bjorn  126.66889344399999 0.065 0.418977659049 0.899453962542 1 1 4 0.29 1
45 3 6 0 0 9.81 0.5 1.65887498856 -0.0326809501861 1 bjorn  129.218341946 0.065 0.345970191608 1.19155593874 1 1 4 0.29 0
46 4 6 0 0 9.81 0.5 1.69345998764 0.00190404889842 1 bjorn  131.97002095200003 0.065 0.357215169314 1.19155593874 1 1 4 0.29 0
47 4 6 0 1 9.81 0.5 1.83977818489 0.148222246149 1 bjorn  134.77046334699992 0.065 0.554070088447 1.19155593874 1 1 4 0.29 1
48 4 6 0 0 -9.81 0.5 1.63941311836 -0.0521428203795 1 bjorn  137.71856625099997 0.065 0.309594264578 1.19155593874 1 1 4 0.29 0
49 3 6 0 0 -9.81 0.5 1.74712204933 0.0555661105897 1 bjorn  140.45885672399993 0.065 0.33018712409 1.19155593874 1 1 4 0.29 0
50 3 6 0 1 9.81 0.5 1.73631501198 0.0447590732362 1 bjorn  143.308291952 0.065 0.594285338804 1.19155593874 1 1 4 0.29 1
51 3 4.5 0 0 -9.81 0.5 1.46130204201 0.0618480794656 1 bjorn  146.13014562399997 0.065 0.267070299986 0.899453962542 1 1 4 0.29 0
52 3 4.5 0 0 9.81 0.5 1.5290658474 0.129611884855 1 bjorn  148.69639522299997 0.065 0.236866213169 0.899453962542 1 1 4 0.29 0
53 3 6 0 1 -9.81 0.5 1.8093559742 0.117800035455 1 bjorn  151.33906179199994 0.065 0.587811098724 1.19155593874 1 1 4 0.29 1
54 3 4.5 0 1 -9.81 0.5 1.45834207535 0.0588881128061 1 bjorn  154.26053077400002 0.065 0.423458030381 0.899453962542 1 1 4 0.29 1
55 4 4.5 0 1 -9.81 0.5 1.50759005547 0.108136092924 1 bjorn  156.81561485499992 0.065 0.428394197389 0.899453962542 1 1 4 0.29 1
56 4 6 0 1 -9.81 0.5 1.70186400414 0.0103080653932 1 bjorn  159.44020955199994 0.065 0.585341789163 1.19155593874 1 1 4 0.29 1
57 4 6 0 1 9.81 0.5 1.73112893105 0.0395729923036 1 bjorn  162.22626722400003 0.065 0.584627236492 1.19155593874 1 1 4 0.29 1
58 4 6 0 0 9.81 0.5 1.76909899712 0.0775430583741 1 bjorn  165.06885117799993 0.065 0.337596525132 1.19155593874 1 1 4 0.29 0
59 4 4.5 0 0 -9.81 0.5 1.53998088837 0.140526925825 1 bjorn  167.93332067099993 0.065 0.24427965289 0.899453962542 1 1 4 0.29 0
60 3 6 0 0 9.81 0.5 1.86696195602 0.175406017282 1 bjorn  170.57838889100003 0.065 0.298468265981 1.19155593874 1 1 4 0.29 0
61 4 4.5 0 1 9.81 0.5 1.45530414581 0.0558501832712 1 bjorn  173.54965211299998 0.065 0.443682721866 0.899453962542 1 1 4 0.29 1
62 3 4.5 0 1 9.81 0.5 1.44152712822 0.0420731656778 1 bjorn  176.10064279200003 0.065 0.426143596057 0.899453962542 1 1 4 0.29 1
63 4 4.5 0 0 9.81 0.5 1.50842785835 0.108973895811 1 bjorn  178.659899235 0.065 0.252250686306 0.899453962542 1 1 4 0.29 0
64 3 6 0 1 -9.81 0.5 1.78046488762 0.0889089488771 1 bjorn  181.28322359899994 0.065 0.536328346074 1.19155593874 1 1 4 0.29 1
65 4 4.5 0 0 9.81 0.5 1.38948893547 -0.00996502707122 1 bjorn  184.18120863399997 0.065 0.237392880518 0.899453962542 1 1 4 0.29 0
66 4 6 0 0 9.81 0.5 1.78502082825 0.0934648895051 1 bjorn  186.65666201700003 0.065 0.336186988559 1.19155593874 1 1 4 0.29 0
67 3 4.5 0 0 -9.81 0.5 1.47136282921 0.0719088666666 1 bjorn  189.55890975800003 0.065 0.269760149322 0.899453962542 1 1 4 0.29 0
68 4 4.5 0 1 -9.81 0.5 1.54090690613 0.141452943586 1 bjorn  192.13664670999992 0.065 0.432687231906 0.899453962542 1 1 4 0.29 1
69 4 6 0 1 9.81 0.5 1.69868397713 0.00712803838511 1 bjorn  194.78908399399995 0.065 0.542055329737 1.19155593874 1 1 4 0.29 1
70 3 4.5 0 0 9.81 0.5 1.43910002708 0.0396460645426 1 bjorn  197.60123301700003 0.065 0.264163003574 0.899453962542 1 1 4 0.29 0
71 4 4.5 0 1 9.81 0.5 1.47290086746 0.0734469049204 1 bjorn  200.138064139 0.065 0.433132972193 0.899453962542 1 1 4 0.29 1
72 4 6 0 1 -9.81 0.5 1.94604611397 0.254490175226 1 bjorn  202.71641088 0.065 0.589773648419 1.19155593874 1 1 4 0.29 1
73 4 6 0 0 -9.81 0.5 1.96109008789 0.269534149149 1 bjorn  205.76067156800002 0.065 0.328770307841 1.19155593874 1 1 4 0.29 0
74 3 6 0 1 9.81 0.5 1.86022782326 0.168671884515 1 bjorn  208.82335654199994 0.065 0.585529886635 1.19155593874 1 1 4 0.29 1
75 3 6 0 0 9.81 0.5 1.88318991661 0.191633977869 1 bjorn  211.78482146 0.065 0.315887608758 1.19155593874 1 1 4 0.29 0
76 3 4.5 0 1 9.81 0.5 1.51358008385 0.114126121305 1 bjorn  214.764737073 0.065 0.42833465137 0.899453962542 1 1 4 0.29 1
77 4 4.5 0 0 -9.81 0.5 1.49342513084 0.0939711683023 1 bjorn  217.38772570599997 0.065 0.245429377028 0.899453962542 1 1 4 0.29 0
78 3 6 0 0 -9.81 0.5 1.81485486031 0.123298921564 1 bjorn  219.992522709 0.065 0.316310453081 1.19155593874 1 1 4 0.29 0
79 3 4.5 0 1 -9.81 0.5 1.54366397858 0.144210016035 1 bjorn  222.90007245100003 0.065 0.430638010491 0.899453962542 1 1 4 0.29 1
80 4 4.5 0 0 -9.81 0.5 1.56743693352 0.167982970976 1 bjorn  225.54577173099995 0.065 0.23514451963 0.899453962542 1 1 4 0.29 0
81 4 6 0 0 9.81 0.5 1.9162569046 0.22470096586 1 bjorn  228.19857583700002 0.065 0.323720190602 1.19155593874 1 1 4 0.29 0
82 3 4.5 0 0 9.81 0.5 1.53213500977 0.132681047224 1 bjorn  231.21849709000003 0.065 0.258350345392 0.899453962542 1 1 4 0.29 0
83 4 4.5 0 1 9.81 0.5 1.5595741272 0.160120164655 1 bjorn  233.86090385299997 0.065 0.420929536367 0.899453962542 1 1 4 0.29 1
84 3 6 0 0 -9.81 0.5 1.90561580658 0.214059867838 1 bjorn  236.52442480899992 0.065 0.352038155122 1.19155593874 1 1 4 0.29 0
85 4 4.5 0 1 -9.81 0.5 1.61821293831 0.218758975767 1 bjorn  239.53566400699992 0.065 0.41156940865 0.899453962542 1 1 4 0.29 1
86 4 6 0 1 9.81 0.5 1.88788700104 0.196331062296 1 bjorn  242.26335468699995 0.065 0.595320893662 1.19155593874 1 1 4 0.29 1
87 3 4.5 0 1 9.81 0.5 1.50099205971 0.101538097166 1 bjorn  245.26219290799997 0.065 0.44627478439 0.899453962542 1 1 4 0.29 1
88 3 6 0 0 9.81 0.5 1.88739204407 0.195836105325 1 bjorn  247.85683007 0.065 0.331643245544 1.19155593874 1 1 4 0.29 0
89 4 6 0 0 -9.81 0.5 1.98706698418 0.295511045435 1 bjorn  250.83880123400002 0.065 0.354581696124 1.19155593874 1 1 4 0.29 0
90 3 4.5 0 1 -9.81 0.5 1.60617899895 0.206725036405 1 bjorn  253.92695244999993 0.065 0.406634161946 0.899453962542 1 1 4 0.29 1
91 4 6 0 1 -9.81 0.5 2.11446094513 0.422905006387 1 bjorn  256.638952498 0.065 0.541218813079 1.19155593874 1 1 4 0.29 1
92 3 6 0 1 9.81 0.5 1.83195900917 0.140403070429 1 bjorn  259.8464256259999 0.065 0.571423224811 1.19155593874 1 1 4 0.29 1
93 3 4.5 0 0 -9.81 0.5 1.64351797104 0.244064008497 1 bjorn  262.78460548299995 0.065 0.249529391746 0.899453962542 1 1 4 0.29 0
94 3 6 0 1 -9.81 0.5 2.05861711502 0.367061176279 1 bjorn  265.51318340299997 0.065 0.577223489842 1.19155593874 1 1 4 0.29 1
95 4 4.5 0 0 9.81 0.5 1.65534305573 0.255889093183 1 bjorn  268.66457453099997 0.065 0.247840100481 0.899453962542 1 1 4 0.29 0
96 3 4.5 0 0 9.81 0.5 1.53123879433 0.131784831785 1 bjorn  271.43314893 0.065 0.262928415378 0.899453962542 1 1 4 0.29 0
97 4 4.5 0 0 9.81 0.5 1.54140806198 0.141954099439 1 bjorn  274.063577785 0.065 0.259729254714 0.899453962542 1 1 4 0.29 0
98 4 6 0 1 -9.81 0.5 1.99909305573 0.307537116983 1 bjorn  276.70202756699996 0.065 0.556274631045 1.19155593874 1 1 4 0.29 1
99 3 4.5 0 1 9.81 0.5 1.52885603905 0.129402076505 1 bjorn  279.811162888 0.065 0.440569394532 0.899453962542 1 1 4 0.29 1
100 3 6 0 1 9.81 0.5 1.85190296173 0.160347022989 1 bjorn  282.441872367 0.065 0.584058067457 1.19155593874 1 1 4 0.29 1
101 3 4.5 0 0 -9.81 0.5 1.5607149601 0.161260997556 1 bjorn  285.40369467799997 0.065 0.244157448527 0.899453962542 1 1 4 0.29 0
102 4 6 0 0 -9.81 0.5 2.01072406769 0.319168128946 1 bjorn  288.079741281 0.065 0.326210461276 1.19155593874 1 1 4 0.29 0
103 4 4.5 0 1 9.81 0.5 1.63821601868 0.238762056135 1 bjorn  291.18270719 0.065 0.440142499658 0.899453962542 1 1 4 0.29 1
104 4 6 0 0 9.81 0.5 1.98421311378 0.292657175043 1 bjorn  293.922399669 0.065 0.334177508043 1.19155593874 1 1 4 0.29 0
105 4 6 0 1 9.81 0.5 1.84449219704 0.152936258295 1 bjorn  297.011321402 0.065 0.559419549688 1.19155593874 1 1 4 0.29 1
106 4 4.5 0 1 -9.81 0.5 1.54790306091 0.148449098371 1 bjorn  299.94497254199996 0.065 0.441877902045 0.899453962542 1 1 4 0.29 1
107 3 6 0 0 9.81 0.5 1.87219810486 0.180642166116 1 bjorn  302.613219417 0.065 0.338260036705 1.19155593874 1 1 4 0.29 0
108 3 6 0 0 -9.81 0.5 1.94233298302 0.250777044275 1 bjorn  305.598088805 0.065 0.323621260081 1.19155593874 1 1 4 0.29 0
109 3 4.5 0 1 -9.81 0.5 1.72982406616 0.33037010362 1 bjorn  308.62875981499997 0.065 0.421590108749 0.899453962542 1 1 4 0.29 1
110 4 4.5 0 0 -9.81 0.5 1.75020313263 0.350749170088 1 bjorn  311.45132329599994 0.065 0.236415260463 0.899453962542 1 1 4 0.29 0
111 3 6 0 1 -9.81 0.5 2.11425089836 0.422694959619 1 bjorn  314.2935768 0.065 0.543865469874 1.19155593874 1 1 4 0.29 1
112 4 6 0 1 9.81 0.5 1.78858304024 0.0970271014955 1 bjorn  317.513156182 0.065 0.590316691513 1.19155593874 1 1 4 0.29 1
113 4 6 0 1 -9.81 0.5 1.87439203262 0.182836093881 1 bjorn  320.38904663799997 0.065 0.540646232842 1.19155593874 1 1 4 0.29 1
114 4 6 0 0 -9.81 0.5 1.83584308624 0.144287147501 1 bjorn  323.375029187 0.065 0.349745316499 1.19155593874 1 1 4 0.29 0
115 4 6 0 0 9.81 0.5 1.91887998581 0.227324047067 1 bjorn  326.321974318 0.065 0.351376386539 1.19155593874 1 1 4 0.29 0
116 3 4.5 0 1 9.81 0.5 1.47065496445 0.0712010019052 1 bjorn  329.34524432399996 0.065 0.417992034418 0.899453962542 1 1 4 0.29 1
117 3 6 0 1 -9.81 0.5 1.83604001999 0.144484081247 1 bjorn  331.92113643899995 0.065 0.5730225275 1.19155593874 1 1 4 0.29 1
118 4 4.5 0 1 9.81 0.5 1.56319999695 0.163746034406 1 bjorn  334.848421238 0.065 0.428943146307 0.899453962542 1 1 4 0.29 1
119 3 4.5 0 0 -9.81 0.5 1.66290402412 0.263450061582 1 bjorn  337.516610228 0.065 0.227729939808 0.899453962542 1 1 4 0.29 0
120 3 4.5 0 0 9.81 0.5 1.4863910675 0.0869371049631 1 bjorn  340.273545291 0.065 0.238720215213 0.899453962542 1 1 4 0.29 0
121 4 4.5 0 0 9.81 0.5 1.54867815971 0.149224197172 1 bjorn  342.87743400299996 0.065 0.234168923535 0.899453962542 1 1 4 0.29 0
122 3 6 0 0 9.81 0.5 1.79451107979 0.102955141046 1 bjorn  345.51504471 0.065 0.334693146222 1.19155593874 1 1 4 0.29 0
123 3 6 0 1 9.81 0.5 1.89312291145 0.201566972711 1 bjorn  348.39924396799995 0.065 0.594284849874 1.19155593874 1 1 4 0.29 1
124 4 4.5 0 0 -9.81 0.5 1.63623595238 0.236781989836 1 bjorn  351.41111243299997 0.065 0.229185647014 0.899453962542 1 1 4 0.29 0
125 3 4.5 0 1 -9.81 0.5 1.66035509109 0.260901128553 1 bjorn  354.142366668 0.065 0.439254058741 0.899453962542 1 1 4 0.29 1
126 4 4.5 0 1 -9.81 0.5 1.59387588501 0.194421922468 1 bjorn  356.90162517600004 0.065 0.410605879877 0.899453962542 1 1 4 0.29 1
127 3 6 0 0 -9.81 0.5 1.92054700851 0.228991069772 1 bjorn  359.598472971 0.065 0.326227232151 1.19155593874 1 1 4 0.29 0
128 3 6 0 1 -9.81 0.5 1.9931409359 0.301584997156 1 bjorn  362.62340991199994 0.065 0.561402117127 1.19155593874 1 1 4 0.29 1
129 4 4.5 0 1 -9.81 0.5 1.85453104973 0.455077087187 1 bjorn  365.712976326 0.065 0.437461763107 0.899453962542 1 1 4 0.29 1
130 3 4.5 0 0 9.81 0.5 1.61672496796 0.217271005415 1 bjorn  368.651381294 0.065 0.263295243749 0.899453962542 1 1 4 0.29 0
131 3 6 0 0 9.81 0.5 1.85309290886 0.161536970117 1 bjorn  371.374334011 0.065 0.308174717177 1.19155593874 1 1 4 0.29 0
132 3 6 0 0 -9.81 0.5 2.00266194344 0.311106004694 1 bjorn  374.33345432500005 0.065 0.324661103794 1.19155593874 1 1 4 0.29 0
133 3 4.5 0 1 -9.81 0.5 1.57793903351 0.178485070967 1 bjorn  377.4490714199999 0.065 0.406941419275 0.899453962542 1 1 4 0.29 1
134 3 4.5 0 1 9.81 0.5 1.59272098541 0.193267022871 1 bjorn  380.12297599499993 0.065 0.4474219717 0.899453962542 1 1 4 0.29 1
135 4 4.5 0 0 -9.81 0.5 1.5452401638 0.145786201261 1 bjorn  382.80818634 0.065 0.254939653135 0.899453962542 1 1 4 0.29 0
136 4 6 0 0 -9.81 0.5 1.87537693977 0.183821001032 1 bjorn  385.44735802900004 0.065 0.350471605568 1.19155593874 1 1 4 0.29 0
137 3 6 0 1 9.81 0.5 1.93122792244 0.239671983698 1 bjorn  388.413345683 0.065 0.551165458842 1.19155593874 1 1 4 0.29 1
138 4 4.5 0 1 9.81 0.5 1.59503793716 0.195583974623 1 bjorn  391.444046458 0.065 0.417912750334 0.899453962542 1 1 4 0.29 1
139 4 6 0 1 9.81 0.5 1.92202305794 0.230467119196 1 bjorn  394.13303083999995 0.065 0.576889590568 1.19155593874 1 1 4 0.29 1
140 4 6 0 0 9.81 0.5 1.81986093521 0.128304996469 1 bjorn  397.156882062 0.065 0.304976449091 1.19155593874 1 1 4 0.29 0
141 3 4.5 0 0 -9.81 0.5 1.66219115257 0.262737190031 1 bjorn  400.07431821499995 0.065 0.225399178986 0.899453962542 1 1 4 0.29 0
142 4 6 0 1 -9.81 0.5 2.06546807289 0.373912134149 1 bjorn  402.851729063 0.065 0.568006959959 1.19155593874 1 1 4 0.29 1
143 4 4.5 0 0 9.81 0.5 1.46751403809 0.0680600755441 1 bjorn  406.02488626900004 0.065 0.264783676753 0.899453962542 1 1 4 0.29 0
144 4 4.5 0 0 9.81 0.5 1.4711561203 0.0717021577585 1 bjorn  408.59888667099995 0.065 0.259121830197 0.899453962542 1 1 4 0.29 0
145 4 6 0 1 9.81 0.5 1.91585302353 0.224297084787 1 bjorn  411.17409216500005 0.065 0.555367946816 1.19155593874 1 1 4 0.29 1
146 3 6 0 1 9.81 0.5 1.87296199799 0.181406059244 1 bjorn  414.19716414699997 0.065 0.551748354794 1.19155593874 1 1 4 0.29 1
147 4 6 0 0 -9.81 0.5 1.93874287605 0.247186937311 1 bjorn  417.1747360259999 0.065 0.355575483608 1.19155593874 1 1 4 0.29 0
148 4 6 0 1 -9.81 0.5 2.07883286476 0.387276926019 1 bjorn  420.21181591000004 0.065 0.583686407501 1.19155593874 1 1 4 0.29 1
149 3 4.5 0 0 -9.81 0.5 1.47954201698 0.0800880544412 1 bjorn  423.3950628979999 0.065 0.225333436605 0.899453962542 1 1 4 0.29 0
150 4 4.5 0 1 9.81 0.5 1.46980905533 0.0703550927866 1 bjorn  425.980114618 0.065 0.422237936916 0.899453962542 1 1 4 0.29 1
151 3 4.5 0 0 9.81 0.5 1.45559978485 0.0561458223093 1 bjorn  428.5625458499999 0.065 0.244256082613 0.899453962542 1 1 4 0.29 0
152 4 4.5 0 1 -9.81 0.5 1.67459487915 0.275140916609 1 bjorn  431.1284475729999 0.065 0.436470373933 0.899453962542 1 1 4 0.29 1
153 4 6 0 0 9.81 0.5 1.8045630455 0.11300710676 1 bjorn  433.898058044 0.065 0.315847878345 1.19155593874 1 1 4 0.29 0
154 3 6 0 1 -9.81 0.5 2.11449599266 0.422940053919 1 bjorn  436.7954732610001 0.065 0.553270153421 1.19155593874 1 1 4 0.29 1
155 4 4.5 0 0 -9.81 0.5 1.54740381241 0.147949849867 1 bjorn  440.01245208 0.065 0.252834551436 0.899453962542 1 1 4 0.29 0
156 3 6 0 0 9.81 0.5 1.90951013565 0.217954196909 1 bjorn  442.6643668019999 0.065 0.352512169928 1.19155593874 1 1 4 0.29 0
157 3 4.5 0 1 -9.81 0.5 1.70320487022 0.303750907682 1 bjorn  445.66186081499995 0.065 0.429052748629 0.899453962542 1 1 4 0.29 1
158 3 6 0 0 -9.81 0.5 1.94944500923 0.25788907049 1 bjorn  448.47372240899995 0.065 0.35636904896 1.19155593874 1 1 4 0.29 0
159 3 4.5 0 1 9.81 0.5 1.65738201141 0.257928048872 1 bjorn  451.53924931200004 0.065 0.426585874845 0.899453962542 1 1 4 0.29 1
160 4 4.5 0 1 9.81 0.5 1.62348890305 0.224034940504 1 bjorn  454.299522347 0.065 0.412431611089 0.899453962542 1 1 4 0.29 1
161 4 6 0 1 9.81 0.5 2.04048490524 0.348928966501 1 bjorn  457.0153226929999 0.065 0.572486155861 1.19155593874 1 1 4 0.29 1
162 4 6 0 1 -9.81 0.5 2.18848395348 0.496928014734 1 bjorn  460.15468673600003 0.065 0.583019218062 1.19155593874 1 1 4 0.29 1
163 3 6 0 1 -9.81 0.5 1.9787299633 0.287174024561 1 bjorn  463.43459673300003 0.065 0.54781585751 1.19155593874 1 1 4 0.29 1
164 4 6 0 0 -9.81 0.5 1.93636894226 0.244813003519 1 bjorn  466.5242319839999 0.065 0.298322085836 1.19155593874 1 1 4 0.29 0
165 3 6 0 0 -9.81 0.5 1.87623095512 0.184675016382 1 bjorn  469.5729227469999 0.065 0.349754443295 1.19155593874 1 1 4 0.29 0
166 3 4.5 0 0 9.81 0.5 1.47923803329 0.0797840707529 1 bjorn  472.54607175599995 0.065 0.239252269676 0.899453962542 1 1 4 0.29 0
167 3 4.5 0 0 -9.81 0.5 1.60352182388 0.204067861341 1 bjorn  475.1355835239999 0.065 0.264709765594 0.899453962542 1 1 4 0.29 0
168 4 6 0 0 9.81 0.5 1.8640460968 0.17249015806 1 bjorn  477.8269275099999 0.065 0.350582385503 1.19155593874 1 1 4 0.29 0
169 3 4.5 0 1 9.81 0.5 1.63800597191 0.238552009367 1 bjorn  480.7952572019999 0.065 0.446867878347 0.899453962542 1 1 4 0.29 1
170 4 4.5 0 0 9.81 0.5 1.50163793564 0.102183973097 1 bjorn  483.54645019200007 0.065 0.241623515168 0.899453962542 1 1 4 0.29 0
171 4 4.5 0 1 -9.81 0.5 1.62995481491 0.230500852369 1 bjorn  486.1589764140001 0.065 0.421606585498 0.899453962542 1 1 4 0.29 1
172 4 4.5 0 0 -9.81 0.5 1.57304501534 0.173591052793 1 bjorn  488.885455182 0.065 0.258566148965 0.899453962542 1 1 4 0.29 0
173 3 6 0 1 9.81 0.5 1.8761780262 0.184622087457 1 bjorn  491.5564860259999 0.065 0.537511936301 1.19155593874 1 1 4 0.29 1
174 3 6 0 0 9.81 0.5 1.87645101547 0.18489507673 1 bjorn  494.53653363500007 0.065 0.343792169705 1.19155593874 1 1 4 0.29 0
175 3 4.5 0 1 -9.81 0.5 1.63526582718 0.235811864637 1 bjorn  497.4992012519999 0.065 0.417770530223 0.899453962542 1 1 4 0.29 1
176 4 4.5 0 0 9.81 0.5 1.46518087387 0.0657269113291 1 bjorn  500.227129568 0.065 0.260063345456 0.899453962542 1 1 4 0.29 0
177 4 4.5 0 1 -9.81 0.5 1.63002705574 0.230573093199 1 bjorn  502.8052848499999 0.065 0.415647851561 0.899453962542 1 1 4 0.29 1
178 3 4.5 0 1 9.81 0.5 1.48905801773 0.0896040551889 1 bjorn  505.54476368199994 0.065 0.444949833873 0.899453962542 1 1 4 0.29 1
179 3 6 0 0 -9.81 0.5 1.85944795609 0.167892017343 1 bjorn  508.1400110310001 0.065 0.303200717012 1.19155593874 1 1 4 0.29 0
180 3 6 0 1 9.81 0.5 1.74569201469 0.0541360759522 1 bjorn  511.08866154399993 0.065 0.570601565101 1.19155593874 1 1 4 0.29 1
181 4 4.5 0 0 -9.81 0.5 1.47696995735 0.0775159948099 1 bjorn  513.935917601 0.065 0.260673245893 0.899453962542 1 1 4 0.29 0
182 3 6 0 1 -9.81 0.5 1.93531608582 0.243760147073 1 bjorn  516.5161229779999 0.065 0.568378487398 1.19155593874 1 1 4 0.29 1
183 4 6 0 1 -9.81 0.5 2.03686785698 0.345311918237 1 bjorn  519.555617922 0.065 0.581312375339 1.19155593874 1 1 4 0.29 1
184 3 4.5 0 1 -9.81 0.5 1.50947594643 0.110021983885 1 bjorn  522.692109392 0.065 0.445099719486 0.899453962542 1 1 4 0.29 1
185 3 6 0 0 9.81 0.5 1.77944612503 0.0878901862886 1 bjorn  525.3009983080001 0.065 0.323593297982 1.19155593874 1 1 4 0.29 0
186 4 6 0 0 9.81 0.5 1.83371496201 0.142159023264 1 bjorn  528.176670115 0.065 0.32056342819 1.19155593874 1 1 4 0.29 0
187 4 4.5 0 1 9.81 0.5 1.44727396965 0.0478200071085 1 bjorn  531.121325522 0.065 0.418304942603 0.899453962542 1 1 4 0.29 1
188 3 4.5 0 0 -9.81 0.5 1.50825691223 0.10880294969 1 bjorn  533.6752936170001 0.065 0.254776283412 0.899453962542 1 1 4 0.29 0
189 3 4.5 0 0 9.81 0.5 1.41813802719 0.0186840646494 1 bjorn  536.288740558 0.065 0.245233505542 0.899453962542 1 1 4 0.29 0
190 4 6 0 0 -9.81 0.5 1.92038416862 0.228828229883 1 bjorn  538.816409536 0.065 0.34451435668 1.19155593874 1 1 4 0.29 0
191 4 6 0 1 9.81 0.5 1.91030192375 0.21874598501 1 bjorn  541.842796975 0.065 0.58644474389 1.19155593874 1 1 4 0.29 1
192 3 4.5 0 0 9.81 0.5 1.43353581429 0.0340818517435 1 bjorn  544.862974854 0.065 0.249074717926 0.899453962542 1 1 4 0.29 0
193 4 6 0 0 -9.81 0.5 2.10178899765 0.410233058908 1 bjorn  547.3981118280001 0.065 0.326163068074 1.19155593874 1 1 4 0.29 0
194 4 6 0 1 -9.81 0.5 2.03124499321 0.339689054468 1 bjorn  550.6007341960001 0.065 0.567517107006 1.19155593874 1 1 4 0.29 1
195 3 6 0 1 9.81 0.5 1.80161094666 0.110055007913 1 bjorn  553.733833583 0.065 0.540938385209 1.19155593874 1 1 4 0.29 1
196 4 6 0 0 9.81 0.5 1.77399897575 0.0824430370118 1 bjorn  556.641178024 0.065 0.355045191583 1.19155593874 1 1 4 0.29 0
197 3 6 0 0 9.81 0.5 1.73751020432 0.0459542655732 1 bjorn  559.512284894 0.065 0.310794147312 1.19155593874 1 1 4 0.29 0
198 4 4.5 0 0 9.81 0.5 1.45702409744 0.0575701349008 1 bjorn  562.3540210430001 0.065 0.252844303591 0.899453962542 1 1 4 0.29 0
199 4 4.5 0 0 -9.81 0.5 1.43361496925 0.0341610067117 1 bjorn  564.9247501560001 0.065 0.236700232633 0.899453962542 1 1 4 0.29 0
200 3 4.5 0 1 -9.81 0.5 1.4766459465 0.0771919839609 1 bjorn  567.45962844 0.065 0.443679677561 0.899453962542 1 1 4 0.29 1
201 3 6 0 1 -9.81 0.5 1.86861395836 0.177058019617 1 bjorn  570.0359072440001 0.065 0.569089232369 1.19155593874 1 1 4 0.29 1
202 3 6 0 0 -9.81 0.5 1.91490483284 0.223348894098 1 bjorn  572.9932233750001 0.065 0.300141542758 1.19155593874 1 1 4 0.29 0
203 4 4.5 0 1 -9.81 0.5 1.64882493019 0.249370967649 1 bjorn  576.0106190880001 0.065 0.415315294279 0.899453962542 1 1 4 0.29 1
204 4 4.5 0 1 9.81 0.5 1.53602719307 0.136573230528 1 bjorn  578.750352778 0.065 0.441700445122 0.899453962542 1 1 4 0.29 1
205 4 6 0 1 9.81 0.5 1.95624780655 0.264691867807 1 bjorn  581.3961365 0.065 0.536692171986 1.19155593874 1 1 4 0.29 1
206 3 4.5 0 1 9.81 0.5 1.57246303558 0.173009073042 1 bjorn  584.4421618450001 0.065 0.437701146921 0.899453962542 1 1 4 0.29 1
207 3 4.5 0 0 -9.81 0.5 1.55450820923 0.155054246687 1 bjorn  587.130360054 0.065 0.255131267471 0.899453962542 1 1 4 0.29 0
208 4 4.5 0 1 9.81 0.5 1.54303598404 0.143582021498 1 bjorn  589.791868579 0.065 0.435388985834 0.899453962542 1 1 4 0.29 1
209 4 6 0 0 9.81 0.5 1.82758116722 0.136025228479 1 bjorn  592.4454729849999 0.065 0.336481981817 1.19155593874 1 1 4 0.29 0
210 3 4.5 0 0 9.81 0.5 1.46187591553 0.0624219529855 1 bjorn  595.369772389 0.065 0.263613999225 0.899453962542 1 1 4 0.29 0
211 4 6 0 0 -9.81 0.5 1.79297280312 0.101416864374 1 bjorn  597.9252329440001 0.065 0.309225843599 1.19155593874 1 1 4 0.29 0
212 3 6 0 0 9.81 0.5 1.87710094452 0.185545005777 1 bjorn  600.821569124 0.065 0.346654439231 1.19155593874 1 1 4 0.29 0
213 3 4.5 0 0 -9.81 0.5 1.60138487816 0.201930915617 1 bjorn  603.8047446359999 0.065 0.262459881808 0.899453962542 1 1 4 0.29 0
214 3 6 0 1 -9.81 0.5 2.16690993309 0.475353994348 1 bjorn  606.5014203119999 0.065 0.552149211432 1.19155593874 1 1 4 0.29 1
215 3 4.5 0 1 -9.81 0.5 1.61436700821 0.214913045667 1 bjorn  609.788300702 0.065 0.426624428642 0.899453962542 1 1 4 0.29 1
216 4 6 0 1 9.81 0.5 1.95740413666 0.265848197916 1 bjorn  612.490827499 0.065 0.557692965058 1.19155593874 1 1 4 0.29 1
217 4 4.5 0 0 9.81 0.5 1.43029618263 0.0308422200906 1 bjorn  615.562821408 0.065 0.260248425761 0.899453962542 1 1 4 0.29 0
218 4 4.5 0 1 -9.81 0.5 1.60527205467 0.20581809213 1 bjorn  618.088031516 0.065 0.413448832473 0.899453962542 1 1 4 0.29 1
219 3 6 0 1 9.81 0.5 1.80938482285 0.117828884103 1 bjorn  620.796669974 0.065 0.543773667617 1.19155593874 1 1 4 0.29 1
220 3 4.5 0 1 9.81 0.5 1.57741498947 0.17796102693 1 bjorn  623.7162570590001 0.065 0.436026210063 0.899453962542 1 1 4 0.29 1
221 4 6 0 1 -9.81 0.5 2.07121300697 0.379657068231 1 bjorn  626.3975117550001 0.065 0.574503487182 1.19155593874 1 1 4 0.29 1
222 3 6 0 0 -9.81 0.5 1.84212207794 0.1505661392 1 bjorn  629.575040921 0.065 0.325931058998 1.19155593874 1 1 4 0.29 0
223 4 4.5 0 0 -9.81 0.5 1.52578306198 0.126329099439 1 bjorn  632.538770095 0.065 0.269308688934 0.899453962542 1 1 4 0.29 0
224 3 4.5 0 1 9.81 0.5 1.50763297081 0.108179008268 1 bjorn  635.157501442 0.065 0.409963274011 0.899453962542 1 1 4 0.29 1
225 3 6 0 1 9.81 0.5 1.72707486153 0.0355189227845 1 bjorn  637.7527530919999 0.065 0.543942648133 1.19155593874 1 1 4 0.29 1
226 3 4.5 0 0 -9.81 0.5 1.50127601624 0.101822053694 1 bjorn  640.5894193260001 0.065 0.234591144644 0.899453962542 1 1 4 0.29 0
227 4 6 0 0 -9.81 0.5 1.98508405685 0.293528118112 1 bjorn  643.1880426079999 0.065 0.343530157931 1.19155593874 1 1 4 0.29 0
228 3 6 0 0 -9.81 0.5 1.81551384926 0.123957910516 1 bjorn  646.276879841 0.065 0.297938982175 1.19155593874 1 1 4 0.29 0
229 4 4.5 0 1 9.81 0.5 1.48674583435 0.0872918718088 1 bjorn  649.19302378 0.065 0.440927947916 0.899453962542 1 1 4 0.29 1
230 3 6 0 0 9.81 0.5 1.72983503342 0.0382790946748 1 bjorn  651.7872361940001 0.065 0.344969760009 1.19155593874 1 1 4 0.29 0
231 4 6 0 0 9.81 0.5 1.76297593117 0.0714199924256 1 bjorn  655.3056895540001 0.065 0.304949194821 1.19155593874 1 1 4 0.29 0
232 4 6 0 1 -9.81 0.5 1.8649058342 0.173349895456 1 bjorn  657.473980577 0.065 0.539189131659 1.19155593874 1 1 4 0.29 1
233 4 4.5 0 0 9.81 0.5 1.4592628479 0.0598088853586 1 bjorn  660.4257645800001 0.065 0.25967531917 0.899453962542 1 1 4 0.29 0
234 3 4.5 0 1 -9.81 0.5 1.6466190815 0.247165118955 1 bjorn  662.984579164 0.065 0.444258314432 0.899453962542 1 1 4 0.29 1
235 3 6 0 1 -9.81 0.5 1.90583586693 0.214279928186 1 bjorn  665.732384116 0.065 0.557377988262 1.19155593874 1 1 4 0.29 1
236 3 4.5 0 0 9.81 0.5 1.4793279171 0.0798739545572 1 bjorn  668.7406526679999 0.065 0.259367872317 0.899453962542 1 1 4 0.29 0
237 4 4.5 0 1 -9.81 0.5 1.56250715256 0.163053190016 1 bjorn  671.316645441 0.065 0.43579186865 0.899453962542 1 1 4 0.29 1
238 4 4.5 0 0 -9.81 0.5 1.52767896652 0.12822500398 1 bjorn  673.9821206219999 0.065 0.237841952567 0.899453962542 1 1 4 0.29 0
239 4 6 0 1 9.81 0.5 1.88183403015 0.190278091409 1 bjorn  676.6062973830001 0.065 0.585619169163 1.19155593874 1 1 4 0.29 1
240 4 4.5 0 0 -9.81 0.5 1.38221406937 -0.0172398931753 1 bjorn  679.5950492540001 0.065 0.269424582692 0.899453962542 1 1 4 0.29 0
241 4 4.5 0 1 -9.81 0.5 1.53744482994 0.137990867399 1 bjorn  682.065661658 0.065 0.443677480767 0.899453962542 1 1 4 0.29 1
242 4 6 0 0 -9.81 0.5 1.84208011627 0.15052417753 1 bjorn  684.7125521140001 0.065 0.313061025046 1.19155593874 1 1 4 0.29 0
243 4 4.5 0 1 9.81 0.5 1.54821801186 0.148764049314 1 bjorn  687.657745125 0.065 0.436559944886 0.899453962542 1 1 4 0.29 1
244 3 4.5 0 0 9.81 0.5 1.53740596771 0.137952005171 1 bjorn  690.310222497 0.065 0.251382581761 0.899453962542 1 1 4 0.29 0
245 3 6 0 0 9.81 0.5 1.81080293655 0.119246997812 1 bjorn  692.945551928 0.065 0.299707542133 1.19155593874 1 1 4 0.29 0
246 4 6 0 1 -9.81 0.5 2.01235795021 0.320802011469 1 bjorn  695.872851094 0.065 0.567136759443 1.19155593874 1 1 4 0.29 1
247 3 4.5 0 0 -9.81 0.5 1.51166701317 0.112213050627 1 bjorn  698.990623418 0.065 0.264388601785 0.899453962542 1 1 4 0.29 0
248 3 4.5 0 1 9.81 0.5 1.56311798096 0.163664018415 1 bjorn  701.599167268 0.065 0.424676658806 0.899453962542 1 1 4 0.29 1
249 4 4.5 0 0 9.81 0.5 1.47540903091 0.0759550683725 1 bjorn  704.258365827 0.065 0.245692410594 0.899453962542 1 1 4 0.29 0
250 3 6 0 0 -9.81 0.5 1.88645195961 0.194896020868 1 bjorn  706.8373248590001 0.065 0.328240002516 1.19155593874 1 1 4 0.29 0
251 4 6 0 1 9.81 0.5 1.91675496101 0.225199022272 1 bjorn  709.8051481970001 0.065 0.585491796972 1.19155593874 1 1 4 0.29 1
252 3 4.5 0 1 -9.81 0.5 1.56281280518 0.163358842634 1 bjorn  712.83327265 0.065 0.447535557528 0.899453962542 1 1 4 0.29 1
253 3 6 0 1 -9.81 0.5 1.98336720467 0.291811265924 1 bjorn  715.501241679 0.065 0.54258620022 1.19155593874 1 1 4 0.29 1
254 4 6 0 0 9.81 0.5 1.83880615234 0.147250213602 1 bjorn  718.582768729 0.065 0.329080571019 1.19155593874 1 1 4 0.29 0
255 3 6 0 1 9.81 0.5 1.80956792831 0.118011989572 1 bjorn  721.5136347509999 0.065 0.576944404074 1.19155593874 1 1 4 0.29 1
256 4 6 0 1 -9.81 0.5 2.08945798874 0.397902049997 1 bjorn  724.437300219 0.065 0.568152977536 1.19155593874 1 1 4 0.29 1
257 3 4.5 0 0 -9.81 0.5 1.4818649292 0.0824109666574 1 bjorn  727.647823127 0.065 0.253950975511 0.899453962542 1 1 4 0.29 0
258 4 4.5 0 1 9.81 0.5 1.51293611526 0.113482152723 1 bjorn  730.2417514589999 0.065 0.433734308015 0.899453962542 1 1 4 0.29 1
259 3 6 0 0 9.81 0.5 1.88927197456 0.197716035822 1 bjorn  732.864557413 0.065 0.298796630226 1.19155593874 1 1 4 0.29 0
260 4 4.5 0 1 -9.81 0.5 1.65645098686 0.25699702432 1 bjorn  735.848994639 0.065 0.415496096377 0.899453962542 1 1 4 0.29 1
261 4 6 0 0 -9.81 0.5 1.9181830883 0.226627149561 1 bjorn  738.6084233700001 0.065 0.315374168889 1.19155593874 1 1 4 0.29 0
262 4 6 0 0 9.81 0.5 1.85279583931 0.161239900568 1 bjorn  741.6324826719999 0.065 0.349406564416 1.19155593874 1 1 4 0.29 0
263 3 4.5 0 1 9.81 0.5 1.50513887405 0.105684911512 1 bjorn  744.5936457539999 0.065 0.425635458349 0.899453962542 1 1 4 0.29 1
264 3 6 0 1 -9.81 0.5 2.09155511856 0.399999179819 1 bjorn  747.2065047870001 0.065 0.592338250822 1.19155593874 1 1 4 0.29 1
265 3 4.5 0 0 9.81 0.5 1.46792387962 0.0684699170816 1 bjorn  750.403262952 0.065 0.233809718876 0.899453962542 1 1 4 0.29 0
266 3 4.5 0 1 -9.81 0.5 1.62621712685 0.226763164305 1 bjorn  752.975322645 0.065 0.413840997068 0.899453962542 1 1 4 0.29 1
267 4 4.5 0 0 -9.81 0.5 1.52499485016 0.125540887617 1 bjorn  755.695888774 0.065 0.236860665474 0.899453962542 1 1 4 0.29 0
268 3 6 0 1 9.81 0.5 1.83366417885 0.142108240106 1 bjorn  758.321748845 0.065 0.578284323448 1.19155593874 1 1 4 0.29 1
269 3 6 0 0 -9.81 0.5 1.85603380203 0.164477863291 1 bjorn  761.269375587 0.065 0.331559919408 1.19155593874 1 1 4 0.29 0
270 4 6 0 1 9.81 0.5 1.92670512199 0.235149183252 1 bjorn  764.219762615 0.065 0.577168451635 1.19155593874 1 1 4 0.29 1
271 4 4.5 0 0 9.81 0.5 1.46666693687 0.0672129743326 1 bjorn  767.2511948670001 0.065 0.228439131263 0.899453962542 1 1 4 0.29 0
272 4 4.5 0 1 9.81 0.5 1.46158099174 0.0621270292032 1 bjorn  769.8268526659999 0.065 0.420228533869 0.899453962542 1 1 4 0.29 1
273 3 6 0 1 9.81 0.5 1.75564289093 0.0640869521882 1 bjorn  772.3926305370001 0.065 0.581871643513 1.19155593874 1 1 4 0.29 1
274 4 6 0 1 9.81 0.5 1.82692098618 0.135365047434 1 bjorn  775.251229638 0.065 0.593331939526 1.19155593874 1 1 4 0.29 1
275 4 4.5 0 1 -9.81 0.5 1.63121414185 0.231760179304 1 bjorn  778.1743191170001 0.065 0.425901475266 0.899453962542 1 1 4 0.29 1
276 3 6 0 0 -9.81 0.5 1.84631490707 0.154758968332 1 bjorn  780.9231144949999 0.065 0.329871662909 1.19155593874 1 1 4 0.29 0
277 3 6 0 0 9.81 0.5 1.69252800941 0.000972070672709 1 bjorn  783.858030739 0.065 0.356532547465 1.19155593874 1 1 4 0.29 0
278 4 6 0 0 9.81 0.5 1.72587108612 0.0343151473786 1 bjorn  786.6588387040001 0.065 0.327189766995 1.19155593874 1 1 4 0.29 0
279 4 4.5 0 0 9.81 0.5 1.41302990913 0.0135759465921 1 bjorn  789.4836193389999 0.065 0.233782290919 0.899453962542 1 1 4 0.29 0
280 4 6 0 1 -9.81 0.5 1.84903597832 0.157480039575 1 bjorn  791.9945800739999 0.065 0.563859253308 1.19155593874 1 1 4 0.29 1
281 3 6 0 1 -9.81 0.5 1.70751190186 0.0159559631135 1 bjorn  794.937766522 0.065 0.554779764123 1.19155593874 1 1 4 0.29 1
282 4 6 0 0 -9.81 0.5 1.81012392044 0.118567981699 1 bjorn  797.751000754 0.065 0.343126643432 1.19155593874 1 1 4 0.29 0
283 3 4.5 0 0 -9.81 0.5 1.49236917496 0.0929152124155 1 bjorn  800.660386411 0.065 0.254006428087 0.899453962542 1 1 4 0.29 0
284 3 4.5 0 1 -9.81 0.5 1.60068297386 0.20122901132 1 bjorn  803.25291386 0.065 0.41688404922 0.899453962542 1 1 4 0.29 1
285 3 4.5 0 1 9.81 0.5 1.42337417603 0.0239202134836 1 bjorn  805.9597202760001 0.065 0.404843228624 0.899453962542 1 1 4 0.29 1
286 4 4.5 0 0 -9.81 0.5 1.48884010315 0.0893861406076 1 bjorn  808.477300644 0.065 0.244103272395 0.899453962542 1 1 4 0.29 0
287 3 4.5 0 0 9.81 0.5 1.44755077362 0.0480968110788 1 bjorn  811.052662154 0.065 0.25485955729 0.899453962542 1 1 4 0.29 0
288 3 4.5 0 1 -9.81 0.5 1.57477784157 0.175323879026 1 bjorn  813.603442568 0.065 0.426941073147 0.899453962542 1 1 4 0.29 1
289 4 4.5 0 1 -9.81 0.5 1.53589701653 0.136443053983 1 bjorn  816.2757499659999 0.065 0.416868565843 0.899453962542 1 1 4 0.29 1
290 3 4.5 0 1 9.81 0.5 1.6055419445 0.206087981962 1 bjorn  818.908917753 0.065 0.433736510998 0.899453962542 1 1 4 0.29 1
291 3 6 0 0 -9.81 0.5 1.76199698448 0.0704410457398 1 bjorn  821.605555227 0.065 0.327019025037 1.19155593874 1 1 4 0.29 0
292 3 6 0 0 9.81 0.5 1.71801018715 0.0264542484071 1 bjorn  824.4833291150001 0.065 0.342643064705 1.19155593874 1 1 4 0.29 0
293 4 4.5 0 0 -9.81 0.5 1.58086800575 0.181414043211 1 bjorn  827.2871326039999 0.065 0.237427690115 0.899453962542 1 1 4 0.29 0
294 3 6 0 1 -9.81 0.5 1.95063686371 0.259080924967 1 bjorn  829.964555544 0.065 0.544388598159 1.19155593874 1 1 4 0.29 1
295 4 4.5 0 1 9.81 0.5 1.41603088379 0.0165769212473 1 bjorn  833.029218225 0.065 0.434140103373 0.899453962542 1 1 4 0.29 1
296 3 4.5 0 0 9.81 0.5 1.40652108192 0.00706711938264 1 bjorn  835.542846675 0.065 0.251444613053 0.899453962542 1 1 4 0.29 0
297 4 6 0 1 9.81 0.5 1.81216692924 0.120610990503 1 bjorn  838.05769072 0.065 0.546193909292 1.19155593874 1 1 4 0.29 1
298 3 4.5 0 0 -9.81 0.5 1.49929189682 0.0998379342783 1 bjorn  840.97602686 0.065 0.245977531652 0.899453962542 1 1 4 0.29 0
299 4 6 0 0 -9.81 0.5 1.88715791702 0.195601978281 1 bjorn  843.576292343 0.065 0.318138122193 1.19155593874 1 1 4 0.29 0
300 4 4.5 0 0 9.81 0.5 1.46609115601 0.0666371934641 1 bjorn  846.5714952139999 0.065 0.244664720201 0.899453962542 1 1 4 0.29 0
301 4 6 0 1 -9.81 0.5 2.00566005707 0.314104118326 1 bjorn  849.138168766 0.065 0.570408000281 1.19155593874 1 1 4 0.29 1
302 3 6 0 1 9.81 0.5 1.92155408859 0.229998149851 1 bjorn  852.261116831 0.065 0.578809663882 1.19155593874 1 1 4 0.29 1
303 4 6 0 0 9.81 0.5 1.89552903175 0.203973093012 1 bjorn  855.2747007759999 0.065 0.326533322231 1.19155593874 1 1 4 0.29 0
304 4 4.5 0 0 9.81 0.5 1.43786787987 0.0384139173258 1 bjorn  858.26393242 0.065 0.238173017277 0.899453962542 1 1 4 0.29 0
305 4 6 0 0 9.81 0.5 1.77486586571 0.0833099269654 1 bjorn  860.8128945390001 0.065 0.299992267256 1.19155593874 1 1 4 0.29 0
306 4 4.5 0 1 9.81 0.5 1.37930512428 -0.020148838259 1 bjorn  863.693741216 0.065 0.422895749078 0.899453962542 1 1 4 0.29 1
307 4 6 0 1 9.81 0.5 1.78247404099 0.0909181022431 1 bjorn  866.1797461660001 0.065 0.545109620264 1.19155593874 1 1 4 0.29 1
308 3 6 0 1 -9.81 0.5 1.89631915092 0.204763212183 1 bjorn  869.0692135040001 0.065 0.546393652739 1.19155593874 1 1 4 0.29 1
309 3 4.5 0 0 -9.81 0.5 1.50460720062 0.105153238081 1 bjorn  872.0799908250001 0.065 0.227918206185 0.899453962542 1 1 4 0.29 0
310 3 6 0 1 9.81 0.5 1.7849149704 0.093359031656 1 bjorn  874.6813899000001 0.065 0.536425003771 1.19155593874 1 1 4 0.29 1
311 3 6 0 0 -9.81 0.5 1.84429597855 0.152740039804 1 bjorn  877.5614809819999 0.065 0.326475614428 1.19155593874 1 1 4 0.29 0
312 3 4.5 0 0 9.81 0.5 1.46744012833 0.0679861657846 1 bjorn  880.5163614200001 0.065 0.264664549707 0.899453962542 1 1 4 0.29 0
313 4 4.5 0 1 -9.81 0.5 1.56344294548 0.163988982939 1 bjorn  883.080588923 0.065 0.438949408376 0.899453962542 1 1 4 0.29 1
314 3 4.5 0 1 9.81 0.5 1.52777600288 0.128322040342 1 bjorn  885.7332944980001 0.065 0.414916058932 0.899453962542 1 1 4 0.29 1
315 4 6 0 1 -9.81 0.5 2.08827090263 0.396714963892 1 bjorn  888.358496225 0.065 0.585395652674 1.19155593874 1 1 4 0.29 1
316 3 6 0 0 9.81 0.5 1.75541591644 0.0638599777009 1 bjorn  891.5500706560001 0.065 0.340119448298 1.19155593874 1 1 4 0.29 0
317 4 4.5 0 0 -9.81 0.5 1.5166759491 0.117221986555 1 bjorn  894.4197161970001 0.065 0.236171431861 0.899453962542 1 1 4 0.29 0
318 3 4.5 0 1 -9.81 0.5 1.46971392632 0.0702599637735 1 bjorn  897.0323085310001 0.065 0.406626792231 0.899453962542 1 1 4 0.29 1
319 4 6 0 0 -9.81 0.5 1.79764986038 0.10609392164 1 bjorn  899.5985420320001 0.065 0.355389013739 1.19155593874 1 1 4 0.29 0
320 3 4.5 0 1 9.81 0.5 1.55584788322 0.156393920683 1 bjorn  902.502729048 0.065 0.417973537514 0.899453962542 1 1 4 0.29 1
321 4 4.5 0 0 9.81 0.5 1.47638392448 0.0769299619425 1 bjorn  905.1607631900001 0.065 0.237041003091 0.899453962542 1 1 4 0.29 0
322 3 6 0 0 -9.81 0.5 1.78594017029 0.0943842315461 1 bjorn  907.7393670690001 0.065 0.350397826076 1.19155593874 1 1 4 0.29 0
323 4 6 0 0 -9.81 0.5 1.787722826 0.0961668872621 1 bjorn  910.616570118 0.065 0.300346926052 1.19155593874 1 1 4 0.29 0
324 3 4.5 0 0 -9.81 0.5 1.50775384903 0.108299886488 1 bjorn  913.504015067 0.065 0.236827243291 0.899453962542 1 1 4 0.29 0
325 3 4.5 0 1 -9.81 0.5 1.4904229641 0.0909690015543 1 bjorn  916.099189624 0.065 0.41272951475 0.899453962542 1 1 4 0.29 1
326 3 6 0 0 9.81 0.5 1.75686216354 0.0653062248017 1 bjorn  918.684169999 0.065 0.319266574987 1.19155593874 1 1 4 0.29 0
327 4 6 0 1 9.81 0.5 1.91914916039 0.227593221643 1 bjorn  921.540178107 0.065 0.560076105638 1.19155593874 1 1 4 0.29 1
328 3 6 0 1 -9.81 0.5 1.81155991554 0.120003976801 1 bjorn  924.55250477 0.065 0.543260450562 1.19155593874 1 1 4 0.29 1
329 4 4.5 0 1 9.81 0.5 1.54477405548 0.145320092939 1 bjorn  927.456599224 0.065 0.440080778783 0.899453962542 1 1 4 0.29 1
330 3 6 0 1 9.81 0.5 1.77823495865 0.0866790199067 1 bjorn  930.1056276300001 0.065 0.549935385222 1.19155593874 1 1 4 0.29 1
331 3 4.5 0 0 9.81 0.5 1.49824500084 0.0987910382974 1 bjorn  932.9826691430001 0.065 0.240542899217 0.899453962542 1 1 4 0.29 0
332 4 4.5 0 1 -9.81 0.5 1.81246495247 0.413010989927 1 bjorn  935.597592392 0.065 0.419159743334 0.899453962542 1 1 4 0.29 1
333 4 6 0 1 -9.81 0.5 1.98882508278 0.297269144037 1 bjorn  938.5094321710001 0.065 0.580113164207 1.19155593874 1 1 4 0.29 1
334 4 4.5 0 0 -9.81 0.5 1.52326607704 0.1238121145 1 bjorn  941.599222495 0.065 0.248987868543 0.899453962542 1 1 4 0.29 0
335 4 6 0 0 9.81 0.5 1.71122288704 0.0196669482972 1 bjorn  944.2295964489999 0.065 0.310285179937 1.19155593874 1 1 4 0.29 0
336 3 4.5 0 1 -9.81 0.5 1.53192305565 0.132469093107 1 bjorn  947.049613359 0.065 0.427498904433 0.899453962542 1 1 4 0.29 1
337 3 6 0 0 9.81 0.5 1.72488307953 0.0333271407868 1 bjorn  949.6930775210001 0.065 0.316608457098 1.19155593874 1 1 4 0.29 0
338 3 6 0 1 9.81 0.5 1.84392881393 0.152372875192 1 bjorn  952.527787175 0.065 0.578576428453 1.19155593874 1 1 4 0.29 1
339 4 4.5 0 0 -9.81 0.5 1.48084211349 0.0813881509531 1 bjorn  955.477690126 0.065 0.246502132594 0.899453962542 1 1 4 0.29 0
340 3 4.5 0 0 -9.81 0.5 1.47836613655 0.0789121740091 1 bjorn  958.056814815 0.065 0.233561187356 0.899453962542 1 1 4 0.29 0
341 4 6 0 1 -9.81 0.5 1.94719195366 0.255636014917 1 bjorn  960.6500319080001 0.065 0.552248528629 1.19155593874 1 1 4 0.29 1
342 4 4.5 0 1 -9.81 0.5 1.49575090408 0.0962969415415 1 bjorn  963.712723936 0.065 0.424826814241 0.899453962542 1 1 4 0.29 1
343 3 4.5 0 1 9.81 0.5 1.51319503784 0.1137410753 1 bjorn  966.2905326140001 0.065 0.448147516013 0.899453962542 1 1 4 0.29 1
344 4 6 0 1 9.81 0.5 2.03573894501 0.344183006265 1 bjorn  968.9147779080001 0.065 0.584362763947 1.19155593874 1 1 4 0.29 1
345 3 4.5 0 0 9.81 0.5 1.4113368988 0.0118829362619 1 bjorn  972.043094746 0.065 0.258230233318 0.899453962542 1 1 4 0.29 0
346 3 6 0 0 -9.81 0.5 1.78621792793 0.0946619891908 1 bjorn  974.5638021259999 0.065 0.324857928684 1.19155593874 1 1 4 0.29 0
347 4 6 0 0 -9.81 0.5 1.83245801926 0.140902080515 1 bjorn  977.460116984 0.065 0.328021177373 1.19155593874 1 1 4 0.29 0
348 4 4.5 0 1 9.81 0.5 1.51614189148 0.116687928938 1 bjorn  980.3856966359999 0.065 0.439020037432 0.899453962542 1 1 4 0.29 1
349 4 4.5 0 0 9.81 0.5 1.48098301888 0.0815290563333 1 bjorn  983.000795037 0.065 0.229938130151 0.899453962542 1 1 4 0.29 0
350 4 6 0 0 9.81 0.5 1.75029993057 0.0587439918305 1 bjorn  985.588733968 0.065 0.335121431435 1.19155593874 1 1 4 0.29 0
351 3 6 0 1 -9.81 0.5 1.74480390549 0.0532479667451 1 bjorn  988.4397764980001 0.065 0.542967248881 1.19155593874 1 1 4 0.29 1
352 3 4.5 0 1 -9.81 0.5 1.50519013405 0.105736171507 1 bjorn  991.2910795150001 0.065 0.429185922472 0.899453962542 1 1 4 0.29 1
353 3 6 0 0 -9.81 0.5 1.76792120934 0.0763652705934 1 bjorn  993.8997909720001 0.065 0.340979428506 1.19155593874 1 1 4 0.29 0
354 3 6 0 1 9.81 0.5 1.89988589287 0.208329954126 1 bjorn  996.780392422 0.065 0.576525791871 1.19155593874 1 1 4 0.29 1
355 4 4.5 0 0 9.81 0.5 1.43386793137 0.0344139688242 1 bjorn  999.785872682 0.065 0.229270260498 0.899453962542 1 1 4 0.29 0
356 3 4.5 0 1 9.81 0.5 1.48112392426 0.0816699617136 1 bjorn  1002.3260634999999 0.065 0.43300208207 0.899453962542 1 1 4 0.29 1
357 4 6 0 1 -9.81 0.5 2.00149512291 0.309939184168 1 bjorn  1004.9098236330001 0.065 0.539933913304 1.19155593874 1 1 4 0.29 1
358 3 4.5 0 0 -9.81 0.5 1.4793279171 0.0798739545572 1 bjorn  1008.013746952 0.065 0.239616554522 0.899453962542 1 1 4 0.29 0
359 3 4.5 0 0 9.81 0.5 1.50517988205 0.105725919508 1 bjorn  1010.6036062119999 0.065 0.255143471142 0.899453962542 1 1 4 0.29 0
360 3 6 0 1 -9.81 0.5 1.85105013847 0.159494199732 1 bjorn  1013.2129818369999 0.065 0.539173914885 1.19155593874 1 1 4 0.29 1
361 4 4.5 0 0 -9.81 0.5 1.53117108345 0.131717120909 1 bjorn  1016.1550554780001 0.065 0.255504397441 0.899453962542 1 1 4 0.29 0
362 4 4.5 0 1 9.81 0.5 1.52724885941 0.127794896864 1 bjorn  1018.7943219620001 0.065 0.420205754632 0.899453962542 1 1 4 0.29 1
363 3 6 0 0 9.81 0.5 1.75374698639 0.0621910476472 1 bjorn  1021.4095035570001 0.065 0.301143433876 1.19155593874 1 1 4 0.29 0
364 4 4.5 0 1 -9.81 0.5 1.74836015701 0.348906194471 1 bjorn  1024.2537345370001 0.065 0.419519281122 0.899453962542 1 1 4 0.29 1
365 4 6 0 1 9.81 0.5 1.98885703087 0.297301092127 1 bjorn  1027.102999877 0.065 0.541195198489 1.19155593874 1 1 4 0.29 1
366 4 6 0 0 -9.81 0.5 1.88487195969 0.193316020944 1 bjorn  1030.1908681 0.065 0.344545259112 1.19155593874 1 1 4 0.29 0
367 4 6 0 0 9.81 0.5 1.88319897652 0.191643037775 1 bjorn  1033.170118666 0.065 0.336907061088 1.19155593874 1 1 4 0.29 0
368 3 6 0 0 -9.81 0.5 1.93758511543 0.246029176691 1 bjorn  1036.148117296 0.065 0.33462164418 1.19155593874 1 1 4 0.29 0
369 3 6 0 1 -9.81 0.5 1.91042399406 0.218868055322 1 bjorn  1039.1752264880001 0.065 0.54238434577 1.19155593874 1 1 4 0.29 1
370 3 4.5 0 1 9.81 0.5 1.47745609283 0.0780021302927 1 bjorn  1042.2016020180001 0.065 0.408653461028 0.899453962542 1 1 4 0.29 1
371 4 6 0 0 9.81 0.5 1.77660703659 0.0850510978486 1 bjorn  1044.784440058 0.065 0.321507979286 1.19155593874 1 1 4 0.29 0
372 4 4.5 0 1 -9.81 0.5 1.73813700676 0.338683044218 1 bjorn  1047.654353711 0.065 0.406562041934 0.899453962542 1 1 4 0.29 1
373 4 4.5 0 1 9.81 0.5 1.57492089272 0.175466930174 1 bjorn  1050.482907931 0.065 0.425630052335 0.899453962542 1 1 4 0.29 1
374 4 4.5 0 0 -9.81 0.5 1.5080640316 0.108610069059 1 bjorn  1053.156705314 0.065 0.232002539064 0.899453962542 1 1 4 0.29 0
375 3 6 0 0 9.81 0.5 1.84309005737 0.151534118631 1 bjorn  1055.763231288 0.065 0.29915395031 1.19155593874 1 1 4 0.29 0
376 4 6 0 0 -9.81 0.5 1.81789302826 0.126337089517 1 bjorn  1058.697979542 0.065 0.33296556138 1.19155593874 1 1 4 0.29 0
377 3 6 0 1 9.81 0.5 2.14106106758 0.449505128839 1 bjorn  1061.629634657 0.065 0.570839621846 1.19155593874 1 1 4 0.29 1
378 3 4.5 0 1 -9.81 0.5 1.53507590294 0.135621940397 1 bjorn  1064.877864043 0.065 0.426035594527 0.899453962542 1 1 4 0.29 1
379 4 6 0 1 9.81 0.5 1.98659586906 0.295039930322 1 bjorn  1067.5256300390001 0.065 0.558546364512 1.19155593874 1 1 4 0.29 1
380 3 4.5 0 0 9.81 0.5 1.49367809296 0.0942241304147 1 bjorn  1070.620598031 0.065 0.262430968009 0.899453962542 1 1 4 0.29 0
381 4 6 0 1 -9.81 0.5 1.99763393402 0.306077995279 1 bjorn  1073.216007893 0.065 0.541647481062 1.19155593874 1 1 4 0.29 1
382 3 4.5 0 0 -9.81 0.5 1.5377509594 0.138296996855 1 bjorn  1076.323376449 0.065 0.248696315698 0.899453962542 1 1 4 0.29 0
383 4 4.5 0 0 9.81 0.5 1.5231320858 0.123678123258 1 bjorn  1078.9684765470001 0.065 0.260915518713 0.899453962542 1 1 4 0.29 0
